"Duration","Morning","Afternoon","Evening","Night","Weekday","Weekend","Male","Age","cluster"
403,0,0,1,0,1,0,1,23,1
1004,0,1,0,0,1,0,0,52,1
132,1,0,0,0,1,0,1,37,1
209,0,0,1,0,1,0,1,30,1
146,1,0,0,0,1,0,1,35,1
1071,0,0,1,0,1,0,1,53,1
823,0,0,0,1,1,0,1,22,1
1050,0,1,0,0,1,0,1,41,1
947,0,0,1,0,1,0,1,43,1
221,0,1,0,0,1,0,1,19,1
583,1,0,0,0,1,0,1,33,1
1173,0,0,1,0,1,0,1,26,1
638,1,0,0,0,1,0,1,36,1
1028,0,1,0,0,1,0,1,36,1
1052,0,0,1,0,1,0,1,24,1
376,0,1,0,0,1,0,1,51,1
550,1,0,0,0,1,0,0,44,1
320,1,0,0,0,1,0,0,25,1
164,0,0,0,1,1,0,1,29,1
580,0,1,0,0,1,0,0,33,1
1533,0,1,0,0,1,0,0,29,1
597,1,0,0,0,1,0,1,31,1
786,0,1,0,0,1,0,1,38,1
665,0,1,0,0,1,0,0,33,1
453,0,1,0,0,1,0,0,51,1
537,0,0,1,0,1,0,1,36,1
823,0,0,1,0,1,0,0,27,1
1026,0,1,0,0,1,0,1,32,1
1351,1,0,0,0,1,0,1,34,1
492,0,1,0,0,1,0,0,25,1
827,1,0,0,0,1,0,1,24,1
1030,1,0,0,0,1,0,0,56,1
111,0,1,0,0,1,0,1,26,1
1030,0,0,1,0,1,0,0,34,1
1646,1,0,0,0,1,0,1,55,1
1084,0,1,0,0,1,0,0,47,1
1039,1,0,0,0,1,0,1,39,1
1419,1,0,0,0,1,0,1,33,1
553,0,0,1,0,1,0,1,37,1
197,0,1,0,0,1,0,1,59,1
400,0,0,1,0,1,0,1,28,1
352,1,0,0,0,1,0,1,26,1
575,0,0,1,0,1,0,1,21,1
474,0,1,0,0,1,0,0,50,1
881,0,0,1,0,1,0,0,25,1
1110,0,1,0,0,1,0,0,27,1
600,0,0,1,0,1,0,1,26,1
419,1,0,0,0,1,0,1,25,1
209,0,1,0,0,1,0,1,20,1
529,0,1,0,0,1,0,1,24,1
282,0,1,0,0,1,0,1,28,1
528,1,0,0,0,1,0,1,47,1
516,1,0,0,0,1,0,1,28,1
706,0,0,1,0,1,0,1,37,1
659,0,0,1,0,1,0,1,30,1
630,0,1,0,0,1,0,1,68,1
349,0,1,0,0,1,0,1,28,1
725,0,1,0,0,1,0,1,23,1
583,1,0,0,0,1,0,0,38,1
243,1,0,0,0,1,0,0,34,1
578,0,0,1,0,1,0,1,29,1
524,0,1,0,0,1,0,0,60,1
533,0,1,0,0,1,0,1,22,1
638,0,1,0,0,1,0,0,32,1
674,0,1,0,0,1,0,1,39,1
631,0,1,0,0,1,0,1,23,1
234,0,1,0,0,1,0,1,54,1
624,0,1,0,0,1,0,1,59,1
469,0,0,1,0,1,0,1,40,1
255,0,1,0,0,1,0,1,29,1
878,1,0,0,0,1,0,0,33,1
273,0,1,0,0,1,0,0,44,1
743,0,0,1,0,1,0,0,17,1
1311,0,1,0,0,1,0,1,64,1
374,1,0,0,0,1,0,1,34,1
656,0,0,1,0,1,0,1,24,1
931,0,1,0,0,1,0,1,31,1
1690,0,1,0,0,1,0,1,44,1
794,1,0,0,0,1,0,0,24,1
408,1,0,0,0,1,0,1,38,1
760,1,0,0,0,1,0,1,30,1
530,0,0,1,0,1,0,0,31,1
2139,0,1,0,0,1,0,1,29,1
636,0,1,0,0,1,0,0,49,1
330,0,0,1,0,1,0,1,25,1
584,1,0,0,0,1,0,1,25,1
216,1,0,0,0,1,0,1,18,1
577,0,1,0,0,1,0,1,50,1
1276,0,1,0,0,1,0,1,26,1
3845,1,0,0,0,1,0,1,46,1
880,0,0,0,1,1,0,1,24,1
350,0,1,0,0,1,0,1,39,1
373,0,1,0,0,1,0,1,53,1
643,1,0,0,0,1,0,0,30,1
508,1,0,0,0,1,0,1,28,1
1526,0,0,1,0,1,0,1,32,1
391,1,0,0,0,1,0,1,34,1
1246,0,0,1,0,1,0,0,29,1
389,0,1,0,0,1,0,1,27,1
268,0,0,1,0,1,0,1,29,1
459,1,0,0,0,1,0,1,37,1
514,1,0,0,0,1,0,1,32,1
660,0,0,0,1,1,0,0,33,1
483,0,1,0,0,1,0,1,20,1
877,0,0,1,0,1,0,1,42,1
882,0,1,0,0,1,0,0,20,1
778,0,1,0,0,1,0,1,58,1
1221,0,1,0,0,1,0,0,47,1
782,0,0,1,0,1,0,1,27,1
945,0,1,0,0,1,0,0,39,1
529,0,1,0,0,1,0,1,32,1
941,0,0,1,0,1,0,0,20,1
673,0,1,0,0,1,0,1,21,1
212,0,1,0,0,1,0,1,34,1
1113,1,0,0,0,1,0,1,49,1
471,0,1,0,0,1,0,1,24,1
205,0,0,1,0,1,0,1,47,1
535,0,1,0,0,1,0,1,52,1
825,0,0,1,0,1,0,1,38,1
334,1,0,0,0,1,0,1,33,1
285,1,0,0,0,1,0,1,53,1
456,1,0,0,0,1,0,1,29,1
92,0,0,1,0,1,0,1,35,1
695,1,0,0,0,1,0,1,38,1
804,0,1,0,0,1,0,1,24,1
446,0,0,1,0,1,0,1,39,1
833,0,1,0,0,1,0,1,51,1
191,1,0,0,0,1,0,0,32,1
495,1,0,0,0,1,0,1,38,1
227,0,1,0,0,1,0,1,27,1
841,0,1,0,0,1,0,0,29,1
752,0,1,0,0,1,0,1,47,1
192,0,1,0,0,1,0,0,30,1
642,1,0,0,0,1,0,1,29,1
287,1,0,0,0,1,0,0,39,1
695,1,0,0,0,1,0,0,51,1
408,1,0,0,0,1,0,1,52,1
433,0,1,0,0,1,0,1,27,1
594,0,1,0,0,1,0,0,26,1
406,0,1,0,0,1,0,1,36,1
1510,1,0,0,0,1,0,1,31,1
1001,1,0,0,0,1,0,1,38,1
1183,1,0,0,0,1,0,0,41,1
523,0,1,0,0,1,0,0,27,1
324,1,0,0,0,1,0,1,29,1
1168,0,1,0,0,1,0,1,67,1
440,0,1,0,0,1,0,1,26,1
284,1,0,0,0,1,0,1,38,1
527,1,0,0,0,1,0,1,28,1
1455,0,1,0,0,1,0,1,51,1
1124,0,0,1,0,1,0,0,28,1
528,1,0,0,0,1,0,1,33,1
371,0,1,0,0,1,0,0,37,1
268,1,0,0,0,1,0,0,54,1
241,0,0,1,0,1,0,1,32,1
1127,0,1,0,0,1,0,1,48,1
867,0,1,0,0,1,0,1,28,1
384,0,0,1,0,1,0,1,25,1
714,0,1,0,0,1,0,1,29,1
607,0,0,1,0,1,0,1,30,1
845,0,0,1,0,1,0,1,22,1
786,1,0,0,0,1,0,0,27,1
710,0,0,1,0,1,0,1,35,1
461,0,0,1,0,1,0,1,24,1
739,0,1,0,0,1,0,0,25,1
467,0,0,1,0,1,0,1,24,1
572,1,0,0,0,1,0,0,32,1
205,1,0,0,0,1,0,1,61,1
548,0,0,1,0,1,0,1,34,1
235,1,0,0,0,1,0,1,29,1
879,1,0,0,0,1,0,1,47,1
1187,1,0,0,0,1,0,1,20,1
212,0,0,1,0,1,0,0,23,1
1131,1,0,0,0,1,0,1,41,1
501,1,0,0,0,1,0,1,42,1
140,0,1,0,0,1,0,1,29,1
475,0,1,0,0,1,0,1,29,1
563,1,0,0,0,1,0,0,47,1
406,0,1,0,0,1,0,1,30,1
603,1,0,0,0,1,0,0,39,1
602,0,1,0,0,1,0,1,27,1
278,0,1,0,0,1,0,1,26,1
147,0,0,0,1,1,0,0,27,1
548,1,0,0,0,1,0,1,67,1
575,1,0,0,0,1,0,0,47,1
295,1,0,0,0,1,0,0,56,1
841,1,0,0,0,1,0,1,36,1
432,1,0,0,0,1,0,1,46,1
408,0,0,1,0,1,0,1,27,1
878,0,1,0,0,1,0,1,39,1
176,0,0,1,0,1,0,1,31,1
501,0,0,1,0,1,0,1,26,1
379,0,0,1,0,1,0,1,43,1
317,1,0,0,0,1,0,1,55,1
1633,1,0,0,0,1,0,0,29,1
300,0,0,1,0,1,0,1,29,1
326,0,1,0,0,1,0,1,47,1
595,0,0,1,0,1,0,1,29,1
632,0,1,0,0,1,0,1,50,1
339,0,1,0,0,1,0,1,42,1
680,1,0,0,0,1,0,1,30,1
899,0,1,0,0,1,0,1,29,1
944,1,0,0,0,1,0,1,66,1
727,1,0,0,0,1,0,1,46,1
251,0,1,0,0,1,0,1,38,1
306,1,0,0,0,1,0,1,57,1
496,0,1,0,0,1,0,1,30,1
541,1,0,0,0,1,0,1,27,1
776,0,1,0,0,1,0,1,22,1
432,0,1,0,0,1,0,0,36,1
569,0,1,0,0,1,0,0,47,1
2354,0,1,0,0,1,0,1,21,1
415,1,0,0,0,1,0,1,23,1
461,0,1,0,0,1,0,1,46,1
317,0,0,1,0,1,0,1,22,1
403,1,0,0,0,1,0,0,29,1
1131,0,0,1,0,1,0,1,32,1
1795,0,1,0,0,1,0,1,45,1
929,0,0,1,0,1,0,1,22,1
3172,0,1,0,0,1,0,0,23,1
35,1,0,0,0,1,0,1,60,1
1174,0,0,1,0,1,0,1,29,1
788,0,0,1,0,1,0,1,36,1
862,1,0,0,0,1,0,1,27,1
262,1,0,0,0,1,0,1,33,1
379,1,0,0,0,1,0,0,25,1
259,0,0,1,0,1,0,1,23,1
309,1,0,0,0,1,0,0,39,1
761,0,1,0,0,1,0,0,30,1
350,0,0,1,0,1,0,1,31,1
344,0,1,0,0,1,0,0,21,1
644,1,0,0,0,1,0,1,60,1
470,0,1,0,0,1,0,0,28,1
441,0,0,1,0,1,0,1,31,1
392,0,1,0,0,1,0,0,40,1
135,1,0,0,0,1,0,1,22,1
264,0,0,1,0,1,0,0,29,1
678,0,1,0,0,1,0,1,30,1
187,0,0,1,0,1,0,1,32,1
688,1,0,0,0,1,0,1,62,1
387,1,0,0,0,1,0,1,46,1
575,1,0,0,0,1,0,1,62,1
1226,0,0,1,0,1,0,1,29,1
1390,0,0,1,0,1,0,1,28,1
617,0,0,1,0,1,0,1,23,1
586,0,1,0,0,1,0,1,34,1
1244,0,0,0,1,1,0,1,23,1
568,0,0,1,0,1,0,1,25,1
722,1,0,0,0,1,0,1,32,1
599,1,0,0,0,1,0,1,45,1
421,0,1,0,0,1,0,1,38,1
650,0,1,0,0,1,0,1,39,1
453,0,1,0,0,1,0,1,26,1
223,0,1,0,0,1,0,1,39,1
553,1,0,0,0,1,0,1,23,1
1627,0,1,0,0,1,0,1,29,1
807,1,0,0,0,1,0,1,27,1
256,0,0,1,0,1,0,1,25,1
525,0,1,0,0,1,0,0,38,1
853,0,1,0,0,1,0,1,52,1
508,1,0,0,0,1,0,0,21,1
366,1,0,0,0,1,0,1,43,1
290,0,0,1,0,1,0,1,29,1
837,0,1,0,0,1,0,1,32,1
678,0,0,1,0,1,0,1,32,1
988,0,1,0,0,1,0,1,26,1
364,1,0,0,0,1,0,1,54,1
656,0,1,0,0,1,0,1,38,1
582,1,0,0,0,1,0,1,38,1
151,1,0,0,0,1,0,1,61,1
639,0,1,0,0,1,0,0,25,1
393,0,0,1,0,1,0,1,25,1
36,0,0,1,0,1,0,1,20,1
3514,0,1,0,0,1,0,1,36,1
301,0,0,1,0,1,0,1,52,1
352,1,0,0,0,1,0,1,30,1
475,0,1,0,0,1,0,0,51,1
880,0,0,1,0,1,0,1,27,1
736,0,1,0,0,1,0,1,34,1
351,0,0,1,0,1,0,1,33,1
848,0,1,0,0,1,0,1,40,1
337,0,1,0,0,1,0,1,37,1
316,1,0,0,0,1,0,1,29,1
467,1,0,0,0,1,0,1,45,1
808,0,1,0,0,1,0,1,30,1
806,1,0,0,0,1,0,1,25,1
174,1,0,0,0,1,0,1,33,1
379,0,1,0,0,1,0,1,19,1
442,0,1,0,0,1,0,1,31,1
338,0,1,0,0,1,0,1,27,1
463,1,0,0,0,1,0,0,34,1
679,0,0,1,0,1,0,0,24,1
326,0,1,0,0,1,0,1,36,1
295,1,0,0,0,1,0,1,40,1
595,0,1,0,0,1,0,1,47,1
1016,1,0,0,0,1,0,1,37,1
219,0,0,1,0,1,0,0,27,1
233,0,1,0,0,1,0,1,20,1
530,1,0,0,0,1,0,1,32,1
991,0,0,1,0,1,0,1,25,1
541,1,0,0,0,1,0,1,28,1
2041,1,0,0,0,1,0,0,54,1
579,1,0,0,0,1,0,0,52,1
1107,0,0,1,0,1,0,0,53,1
1025,0,0,0,1,1,0,1,28,1
976,1,0,0,0,1,0,1,56,1
403,1,0,0,0,1,0,1,35,1
590,0,0,0,1,1,0,0,33,1
660,0,1,0,0,1,0,0,29,1
877,0,1,0,0,1,0,1,45,1
577,0,1,0,0,1,0,1,32,1
490,1,0,0,0,1,0,1,51,1
417,1,0,0,0,1,0,0,24,1
662,0,1,0,0,1,0,1,24,1
1221,0,1,0,0,1,0,1,32,1
392,1,0,0,0,1,0,1,51,1
494,0,0,1,0,1,0,1,20,1
662,1,0,0,0,1,0,0,23,1
250,0,1,0,0,1,0,1,26,1
184,0,1,0,0,1,0,1,25,1
424,0,1,0,0,1,0,1,26,1
417,1,0,0,0,1,0,1,23,1
1545,0,0,1,0,1,0,1,23,1
525,1,0,0,0,1,0,1,38,1
488,1,0,0,0,1,0,1,22,1
995,0,1,0,0,1,0,0,55,1
561,0,1,0,0,1,0,1,23,1
217,0,1,0,0,1,0,1,62,1
630,1,0,0,0,1,0,1,30,1
815,0,1,0,0,1,0,1,65,1
1518,0,1,0,0,1,0,0,31,1
562,0,0,1,0,1,0,1,31,1
528,1,0,0,0,1,0,0,28,1
359,0,1,0,0,1,0,0,47,1
437,0,0,1,0,1,0,1,34,1
495,1,0,0,0,1,0,1,29,1
347,1,0,0,0,1,0,1,38,1
241,0,1,0,0,1,0,1,26,1
2452,0,0,1,0,1,0,0,31,1
406,0,1,0,0,1,0,1,36,1
407,1,0,0,0,1,0,1,52,1
402,0,0,1,0,1,0,1,32,1
191,1,0,0,0,1,0,1,52,1
805,0,1,0,0,1,0,1,45,1
456,0,1,0,0,1,0,0,25,1
17,0,0,1,0,1,0,1,24,1
242,0,0,1,0,1,0,1,46,1
661,0,1,0,0,1,0,1,25,1
787,0,1,0,0,1,0,1,55,1
354,1,0,0,0,1,0,1,34,1
439,0,0,1,0,1,0,0,65,1
401,0,1,0,0,1,0,0,39,1
1398,0,1,0,0,1,0,1,37,1
610,0,1,0,0,1,0,1,25,1
541,1,0,0,0,1,0,1,44,1
572,0,0,1,0,1,0,1,19,1
613,1,0,0,0,1,0,1,41,1
1313,0,0,1,0,1,0,1,36,1
501,1,0,0,0,1,0,1,45,1
357,1,0,0,0,1,0,1,57,1
419,1,0,0,0,1,0,1,26,1
1133,1,0,0,0,1,0,0,43,1
480,1,0,0,0,1,0,1,49,1
956,1,0,0,0,1,0,1,35,1
1106,0,1,0,0,1,0,1,46,1
667,1,0,0,0,1,0,1,30,1
779,1,0,0,0,1,0,1,56,1
559,0,0,1,0,1,0,1,45,1
421,0,0,1,0,1,0,0,27,1
228,1,0,0,0,1,0,1,37,1
310,0,0,1,0,1,0,0,24,1
369,0,1,0,0,1,0,1,32,1
1048,0,1,0,0,1,0,0,28,1
354,0,1,0,0,1,0,1,27,1
805,1,0,0,0,1,0,1,36,1
476,1,0,0,0,1,0,1,33,1
1227,0,1,0,0,1,0,1,41,1
135,1,0,0,0,1,0,1,34,1
913,1,0,0,0,1,0,1,50,1
1422,0,1,0,0,1,0,0,47,1
567,1,0,0,0,1,0,1,34,1
492,0,0,1,0,1,0,1,49,1
190,0,1,0,0,1,0,1,50,1
825,1,0,0,0,1,0,1,36,1
250,0,1,0,0,1,0,0,31,1
618,0,0,0,1,1,0,1,25,1
1051,1,0,0,0,1,0,1,45,1
462,1,0,0,0,1,0,0,23,1
280,0,0,1,0,1,0,1,25,1
385,0,1,0,0,1,0,1,25,1
1561,0,1,0,0,1,0,1,26,1
290,0,0,1,0,1,0,1,48,1
414,1,0,0,0,1,0,0,47,1
323,1,0,0,0,1,0,0,55,1
209,0,1,0,0,1,0,1,31,1
327,0,1,0,0,1,0,1,25,1
784,0,0,1,0,1,0,1,34,1
393,0,1,0,0,1,0,1,59,1
1251,0,0,1,0,1,0,0,23,1
408,1,0,0,0,1,0,1,38,1
968,0,0,1,0,1,0,1,29,1
710,0,0,1,0,1,0,0,30,1
377,0,1,0,0,1,0,0,40,1
1110,0,1,0,0,1,0,1,49,1
697,0,1,0,0,1,0,1,61,1
190,0,1,0,0,1,0,1,30,1
707,0,1,0,0,1,0,1,37,1
680,0,1,0,0,1,0,0,29,1
410,0,1,0,0,1,0,0,31,1
242,0,1,0,0,1,0,1,36,1
637,0,0,1,0,1,0,1,33,1
278,1,0,0,0,1,0,1,43,1
313,0,0,1,0,1,0,1,35,1
1158,0,1,0,0,1,0,1,35,1
262,1,0,0,0,1,0,1,50,1
508,0,1,0,0,1,0,0,20,1
1259,0,1,0,0,1,0,1,18,1
765,0,0,1,0,1,0,1,25,1
893,0,1,0,0,1,0,1,55,1
236,0,1,0,0,1,0,1,32,1
513,0,1,0,0,1,0,0,20,1
960,1,0,0,0,1,0,0,36,1
444,1,0,0,0,1,0,1,22,1
1301,0,1,0,0,1,0,0,37,1
980,0,1,0,0,1,0,0,54,1
781,1,0,0,0,1,0,0,22,1
960,1,0,0,0,1,0,1,56,1
222,0,1,0,0,1,0,1,41,1
560,0,0,1,0,1,0,1,35,1
671,1,0,0,0,1,0,1,55,1
894,0,0,1,0,1,0,1,25,1
866,1,0,0,0,1,0,1,47,1
69409,0,0,1,0,1,0,0,30,1
375,1,0,0,0,1,0,1,21,1
920,1,0,0,0,1,0,1,67,1
662,0,0,1,0,1,0,1,26,1
499,1,0,0,0,1,0,1,46,1
815,0,0,1,0,1,0,1,37,1
382,1,0,0,0,1,0,0,43,1
710,0,1,0,0,1,0,1,34,1
889,0,0,1,0,1,0,1,30,1
113,1,0,0,0,1,0,1,33,1
464,0,0,1,0,1,0,1,25,1
321,0,1,0,0,1,0,1,35,1
1269,0,0,1,0,1,0,1,32,1
306,1,0,0,0,1,0,1,31,1
474,1,0,0,0,1,0,1,26,1
462,1,0,0,0,1,0,1,53,1
295,0,1,0,0,1,0,0,36,1
709,1,0,0,0,1,0,0,29,1
623,0,0,1,0,1,0,1,38,1
347,0,1,0,0,1,0,0,31,1
229,0,0,0,1,1,0,0,28,1
367,0,0,0,1,1,0,1,54,1
33,0,1,0,0,1,0,0,27,1
689,0,1,0,0,1,0,1,29,1
185,1,0,0,0,1,0,1,24,1
449,0,1,0,0,1,0,1,41,1
263,0,1,0,0,1,0,1,51,1
490,0,1,0,0,1,0,1,63,1
443,0,0,1,0,1,0,1,25,1
766,0,1,0,0,1,0,1,44,1
252,1,0,0,0,1,0,0,44,1
505,1,0,0,0,1,0,1,53,1
608,0,1,0,0,1,0,1,28,1
997,0,0,1,0,1,0,0,47,1
215,0,1,0,0,1,0,1,51,1
285,0,0,1,0,1,0,1,26,1
842,0,1,0,0,1,0,1,26,1
380,0,0,1,0,1,0,1,33,1
23,1,0,0,0,1,0,1,30,1
188,1,0,0,0,1,0,1,29,1
1158,1,0,0,0,1,0,1,28,1
682,0,1,0,0,1,0,0,50,1
1154,0,0,1,0,1,0,1,32,1
392,1,0,0,0,1,0,1,42,1
583,0,0,1,0,1,0,1,29,1
440,1,0,0,0,1,0,1,50,1
761,1,0,0,0,1,0,1,28,1
215,1,0,0,0,1,0,1,54,1
621,0,1,0,0,1,0,1,26,1
529,0,1,0,0,1,0,1,38,1
431,1,0,0,0,1,0,1,42,1
457,0,1,0,0,1,0,1,42,1
840,1,0,0,0,1,0,1,55,1
418,0,1,0,0,1,0,1,61,1
432,0,1,0,0,1,0,1,30,1
418,0,1,0,0,1,0,0,30,1
281,0,1,0,0,1,0,1,38,1
538,1,0,0,0,1,0,0,62,1
604,1,0,0,0,1,0,0,27,1
738,0,0,1,0,1,0,1,36,1
303,0,0,1,0,1,0,1,43,1
858,1,0,0,0,1,0,1,43,1
257,1,0,0,0,1,0,0,29,1
1139,0,0,1,0,1,0,1,50,1
164,0,1,0,0,1,0,1,28,1
471,0,1,0,0,1,0,1,37,1
333,0,1,0,0,1,0,1,39,1
414,0,0,1,0,1,0,1,37,1
782,0,0,1,0,1,0,0,48,1
888,0,1,0,0,1,0,1,25,1
354,0,1,0,0,1,0,1,46,1
177,0,1,0,0,1,0,1,46,1
738,0,1,0,0,1,0,0,23,1
995,0,1,0,0,1,0,1,23,1
516,0,1,0,0,1,0,1,57,1
188,0,1,0,0,1,0,0,26,1
273,0,1,0,0,1,0,1,35,1
1599,0,1,0,0,1,0,1,46,1
255,1,0,0,0,1,0,0,35,1
540,0,1,0,0,1,0,1,29,1
656,0,0,1,0,1,0,1,27,1
1495,0,1,0,0,1,0,1,57,1
420,1,0,0,0,1,0,0,21,1
352,0,1,0,0,1,0,1,44,1
249,1,0,0,0,1,0,1,31,1
914,0,0,1,0,1,0,1,26,1
459,1,0,0,0,1,0,1,47,1
445,1,0,0,0,1,0,1,49,1
932,0,0,1,0,1,0,1,23,1
272,0,0,1,0,1,0,1,37,1
279,0,1,0,0,1,0,1,30,1
515,1,0,0,0,1,0,1,26,1
776,1,0,0,0,1,0,0,23,1
388,0,1,0,0,1,0,1,34,1
397,1,0,0,0,1,0,1,42,1
313,0,1,0,0,1,0,1,24,1
368,1,0,0,0,1,0,1,34,1
196,0,0,1,0,1,0,1,30,1
541,1,0,0,0,1,0,1,33,1
261,0,0,1,0,1,0,1,26,1
981,0,0,0,1,1,0,1,28,1
1088,0,1,0,0,1,0,0,22,1
1443,1,0,0,0,1,0,0,28,1
83,0,0,1,0,1,0,1,28,1
647,1,0,0,0,1,0,1,45,1
1167,1,0,0,0,1,0,0,31,1
1034,0,1,0,0,1,0,0,21,1
500,0,1,0,0,1,0,1,32,1
473,1,0,0,0,1,0,1,54,1
438,1,0,0,0,1,0,1,39,1
477,0,1,0,0,1,0,1,49,1
626,1,0,0,0,1,0,1,33,1
1253,0,1,0,0,1,0,1,43,1
449,0,1,0,0,1,0,1,30,1
26,0,1,0,0,1,0,0,34,1
562,0,1,0,0,1,0,1,31,1
257,0,0,1,0,1,0,1,24,1
374,0,0,1,0,1,0,1,29,1
704,1,0,0,0,1,0,0,32,1
771,1,0,0,0,1,0,0,35,1
372,0,0,1,0,1,0,1,26,1
257,1,0,0,0,1,0,1,33,1
554,1,0,0,0,1,0,1,48,1
763,0,1,0,0,1,0,1,30,1
491,1,0,0,0,1,0,1,31,1
1217,1,0,0,0,1,0,1,22,1
929,1,0,0,0,1,0,1,46,1
608,0,0,1,0,1,0,1,27,1
441,0,1,0,0,1,0,0,22,1
381,0,1,0,0,1,0,1,50,1
192,0,1,0,0,1,0,0,37,1
260,0,1,0,0,1,0,0,31,1
524,0,1,0,0,1,0,1,38,1
658,0,0,1,0,1,0,1,27,1
265,0,1,0,0,1,0,1,51,1
684,0,1,0,0,1,0,1,40,1
1315,0,1,0,0,1,0,1,23,1
848,1,0,0,0,1,0,0,35,1
281,1,0,0,0,1,0,0,28,1
1104,0,1,0,0,1,0,1,26,1
310,1,0,0,0,1,0,1,50,1
511,0,0,1,0,1,0,1,27,1
634,0,0,1,0,1,0,0,33,1
796,0,0,1,0,1,0,0,32,1
649,1,0,0,0,1,0,0,52,1
478,1,0,0,0,1,0,0,24,1
27,0,1,0,0,1,0,1,54,1
1156,1,0,0,0,1,0,1,25,1
302,1,0,0,0,1,0,1,37,1
703,0,0,1,0,1,0,1,26,1
210,1,0,0,0,1,0,1,23,1
1253,0,0,1,0,1,0,0,38,1
891,1,0,0,0,1,0,1,26,1
260,0,1,0,0,1,0,0,25,1
1450,0,0,1,0,1,0,0,48,1
223,0,0,1,0,1,0,1,38,1
428,0,0,1,0,1,0,0,30,1
186,0,1,0,0,1,0,0,38,1
696,0,1,0,0,1,0,1,44,1
1018,1,0,0,0,1,0,0,44,1
586,0,0,1,0,1,0,1,39,1
526,1,0,0,0,1,0,1,38,1
392,1,0,0,0,1,0,1,29,1
337,1,0,0,0,1,0,0,45,1
1615,1,0,0,0,1,0,1,45,1
181,0,1,0,0,1,0,1,25,1
524,0,0,1,0,1,0,1,23,1
876,0,0,1,0,1,0,1,29,1
809,0,0,1,0,1,0,1,47,1
1106,0,0,1,0,1,0,1,31,1
609,1,0,0,0,1,0,1,45,1
700,0,1,0,0,1,0,0,39,1
698,0,1,0,0,1,0,1,41,1
779,0,1,0,0,1,0,1,46,1
401,0,1,0,0,1,0,1,50,1
743,1,0,0,0,1,0,0,24,1
1616,1,0,0,0,1,0,1,35,1
569,0,0,1,0,1,0,1,43,1
240,1,0,0,0,1,0,0,28,1
438,0,0,1,0,1,0,1,31,1
214,1,0,0,0,1,0,0,23,1
366,0,1,0,0,1,0,0,21,1
423,1,0,0,0,1,0,1,51,1
608,0,1,0,0,1,0,0,46,1
1216,0,1,0,0,1,0,1,22,1
501,1,0,0,0,1,0,1,49,1
521,0,1,0,0,1,0,0,25,1
414,0,1,0,0,1,0,1,34,1
616,0,1,0,0,1,0,0,40,1
409,0,1,0,0,1,0,1,33,1
358,1,0,0,0,1,0,1,29,1
215,1,0,0,0,1,0,0,24,1
1037,0,1,0,0,1,0,1,50,1
302,0,1,0,0,1,0,1,32,1
1043,0,1,0,0,1,0,0,38,1
319,1,0,0,0,1,0,0,60,1
546,0,0,1,0,1,0,1,43,1
209,0,1,0,0,1,0,1,33,1
294,0,1,0,0,1,0,0,24,1
460,0,1,0,0,1,0,1,37,1
191,1,0,0,0,1,0,1,51,1
212,0,0,1,0,1,0,1,28,1
565,0,0,0,1,1,0,1,40,1
866,1,0,0,0,1,0,1,32,1
719,1,0,0,0,1,0,1,31,1
336,0,1,0,0,1,0,1,58,1
241,0,1,0,0,1,0,1,32,1
492,0,1,0,0,1,0,1,51,1
437,0,0,1,0,1,0,1,42,1
592,1,0,0,0,1,0,1,42,1
380,0,1,0,0,1,0,0,31,1
1011,0,0,1,0,1,0,0,27,1
629,0,0,1,0,1,0,1,22,1
686,1,0,0,0,1,0,0,24,1
399,0,0,1,0,1,0,0,32,1
393,1,0,0,0,1,0,1,35,1
491,0,0,1,0,1,0,1,48,1
375,0,0,1,0,1,0,1,27,1
232,0,0,1,0,1,0,1,34,1
205,0,1,0,0,1,0,0,21,1
270,1,0,0,0,1,0,1,47,1
138,0,1,0,0,1,0,1,50,1
1070,0,1,0,0,1,0,0,24,1
672,1,0,0,0,1,0,1,45,1
1263,1,0,0,0,1,0,0,31,1
369,1,0,0,0,1,0,1,60,1
578,0,1,0,0,1,0,0,47,1
465,1,0,0,0,1,0,1,28,1
2331,0,1,0,0,1,0,1,18,1
1119,1,0,0,0,1,0,1,60,1
447,1,0,0,0,1,0,1,39,1
391,0,1,0,0,1,0,1,32,1
271,1,0,0,0,1,0,1,46,1
806,0,1,0,0,1,0,0,28,1
827,0,1,0,0,1,0,1,50,1
385,0,1,0,0,1,0,1,35,1
950,1,0,0,0,1,0,1,47,1
646,0,1,0,0,1,0,1,26,1
461,0,0,1,0,1,0,1,27,1
964,0,1,0,0,1,0,0,23,1
319,0,0,1,0,1,0,1,50,1
121,1,0,0,0,1,0,1,29,1
424,0,1,0,0,1,0,1,32,1
541,0,0,1,0,1,0,1,23,1
979,0,0,1,0,1,0,1,38,1
514,1,0,0,0,1,0,1,30,1
236,0,1,0,0,1,0,1,27,1
347,1,0,0,0,1,0,1,30,1
262,0,1,0,0,1,0,1,51,1
950,0,0,1,0,1,0,0,49,1
511,1,0,0,0,1,0,1,18,1
668,0,1,0,0,1,0,1,22,1
1036,1,0,0,0,1,0,0,62,1
979,1,0,0,0,1,0,0,24,1
673,1,0,0,0,1,0,1,35,1
378,0,0,1,0,1,0,1,25,1
1049,0,1,0,0,1,0,1,39,1
1641,0,1,0,0,1,0,1,27,1
1967,0,0,1,0,1,0,0,47,1
387,1,0,0,0,1,0,0,42,1
556,0,0,1,0,1,0,1,20,1
1016,0,1,0,0,1,0,0,35,1
614,0,1,0,0,1,0,0,27,1
319,1,0,0,0,1,0,1,41,1
225,0,0,1,0,1,0,1,29,1
538,0,0,1,0,1,0,1,28,1
201,0,1,0,0,1,0,1,46,1
195,0,0,1,0,1,0,1,21,1
783,0,1,0,0,1,0,0,21,1
290,0,1,0,0,1,0,1,42,1
816,0,0,1,0,1,0,1,26,1
1317,0,1,0,0,1,0,0,30,1
381,0,1,0,0,1,0,1,23,1
478,1,0,0,0,1,0,1,26,1
911,0,0,1,0,1,0,1,50,1
571,0,1,0,0,1,0,0,41,1
252,0,1,0,0,1,0,1,25,1
191,0,1,0,0,1,0,1,46,1
453,0,1,0,0,1,0,1,54,1
498,0,0,1,0,1,0,0,28,1
1204,1,0,0,0,1,0,1,32,1
809,0,1,0,0,1,0,0,47,1
941,0,1,0,0,1,0,1,39,1
724,0,0,1,0,1,0,1,21,1
168,0,1,0,0,1,0,1,35,1
671,1,0,0,0,1,0,1,29,1
2490,0,1,0,0,1,0,1,29,1
252,0,1,0,0,1,0,1,36,1
469,0,1,0,0,1,0,1,25,1
649,0,0,1,0,1,0,1,27,1
879,0,0,1,0,1,0,1,28,1
269,0,1,0,0,1,0,1,64,1
907,0,0,1,0,1,0,0,22,1
1171,1,0,0,0,1,0,1,27,1
761,1,0,0,0,1,0,1,32,1
995,0,0,1,0,1,0,1,20,1
578,1,0,0,0,1,0,0,24,1
517,0,1,0,0,1,0,1,50,1
112,0,0,1,0,1,0,1,21,1
530,1,0,0,0,1,0,1,59,1
967,0,1,0,0,1,0,1,46,1
486,1,0,0,0,1,0,1,30,1
356,0,0,1,0,1,0,1,44,1
585,1,0,0,0,1,0,1,42,1
444,1,0,0,0,1,0,1,56,1
892,0,0,1,0,1,0,1,40,1
554,1,0,0,0,1,0,1,37,1
756,0,0,0,1,1,0,1,25,1
713,0,0,1,0,1,0,0,22,1
470,0,1,0,0,1,0,1,54,1
373,0,1,0,0,1,0,1,25,1
21,0,1,0,0,1,0,0,25,1
751,1,0,0,0,1,0,1,26,1
341,0,0,1,0,1,0,1,27,1
317,0,1,0,0,1,0,1,42,1
384,0,1,0,0,1,0,0,21,1
332,0,0,1,0,1,0,1,29,1
238,0,1,0,0,1,0,1,26,1
510,1,0,0,0,1,0,0,29,1
640,1,0,0,0,1,0,1,24,1
357,0,1,0,0,1,0,1,44,1
623,0,1,0,0,1,0,0,60,1
450,1,0,0,0,1,0,1,50,1
297,0,1,0,0,1,0,1,42,1
214,0,0,1,0,1,0,1,28,1
810,0,0,1,0,1,0,0,23,1
751,1,0,0,0,1,0,0,27,1
894,1,0,0,0,1,0,1,43,1
1280,1,0,0,0,1,0,0,26,1
257,1,0,0,0,1,0,1,43,1
196,0,0,1,0,1,0,0,29,1
886,1,0,0,0,1,0,1,27,1
1276,0,0,1,0,1,0,1,59,1
144,0,0,1,0,1,0,1,23,1
444,1,0,0,0,1,0,1,26,1
392,0,0,1,0,1,0,1,58,1
315,0,1,0,0,1,0,1,36,1
1243,0,0,1,0,1,0,1,29,1
347,0,0,1,0,1,0,1,29,1
298,0,1,0,0,1,0,0,56,1
1919,1,0,0,0,1,0,1,31,1
878,0,1,0,0,1,0,1,39,1
468,1,0,0,0,1,0,1,51,1
196,0,0,1,0,1,0,1,32,1
1783,0,0,1,0,1,0,1,22,1
225,0,0,0,1,1,0,1,37,1
1179,0,0,1,0,1,0,1,28,1
486,0,0,1,0,1,0,0,25,1
798,0,0,1,0,1,0,1,29,1
224,0,0,1,0,1,0,0,27,1
668,1,0,0,0,1,0,1,28,1
216,0,0,1,0,1,0,1,23,1
400,0,0,1,0,1,0,0,21,1
239,0,1,0,0,1,0,1,46,1
642,0,0,1,0,1,0,0,21,1
382,0,1,0,0,1,0,0,24,1
468,0,0,1,0,1,0,1,32,1
220,0,1,0,0,1,0,1,41,1
593,0,1,0,0,1,0,1,27,1
1318,1,0,0,0,1,0,1,62,1
956,0,1,0,0,1,0,1,22,1
426,1,0,0,0,1,0,1,27,1
586,1,0,0,0,1,0,1,28,1
954,0,1,0,0,1,0,1,28,1
512,0,1,0,0,1,0,0,25,1
1079,0,0,1,0,1,0,1,23,1
804,0,0,1,0,1,0,1,26,1
571,0,1,0,0,1,0,1,55,1
113,0,0,0,1,1,0,0,31,1
638,0,1,0,0,1,0,1,50,1
391,1,0,0,0,1,0,1,25,1
462,1,0,0,0,1,0,0,32,1
1415,0,0,0,1,1,0,1,22,1
591,0,1,0,0,1,0,1,36,1
811,1,0,0,0,1,0,0,51,1
1017,0,1,0,0,1,0,1,24,1
742,0,0,1,0,1,0,1,41,1
1039,1,0,0,0,1,0,1,30,1
391,0,0,1,0,1,0,1,29,1
453,0,1,0,0,1,0,1,53,1
877,0,0,1,0,1,0,1,24,1
413,1,0,0,0,1,0,1,29,1
475,0,0,1,0,1,0,0,30,1
611,0,0,1,0,1,0,0,26,1
457,0,1,0,0,1,0,0,65,1
351,0,1,0,0,1,0,1,26,1
814,1,0,0,0,1,0,0,52,1
751,1,0,0,0,1,0,1,28,1
411,0,0,1,0,1,0,0,30,1
434,1,0,0,0,1,0,1,26,1
1222,1,0,0,0,1,0,1,52,1
295,0,1,0,0,1,0,1,50,1
354,0,0,1,0,1,0,1,26,1
420,1,0,0,0,1,0,0,32,1
254,1,0,0,0,1,0,1,42,1
496,0,0,1,0,1,0,0,23,1
421,0,0,1,0,1,0,1,41,1
521,1,0,0,0,1,0,1,29,1
458,1,0,0,0,1,0,1,52,1
487,0,1,0,0,1,0,1,25,1
639,0,1,0,0,1,0,1,59,1
144,1,0,0,0,1,0,1,60,1
885,1,0,0,0,1,0,1,43,1
477,0,0,1,0,1,0,1,27,1
832,0,1,0,0,1,0,1,45,1
812,0,1,0,0,1,0,1,27,1
342,1,0,0,0,1,0,1,44,1
799,0,1,0,0,1,0,1,39,1
274,1,0,0,0,1,0,0,27,1
355,0,0,1,0,1,0,0,29,1
969,0,0,1,0,1,0,1,43,1
326,1,0,0,0,1,0,1,38,1
329,1,0,0,0,1,0,1,28,1
1254,0,1,0,0,1,0,1,27,1
1129,0,0,1,0,1,0,1,36,1
118,1,0,0,0,1,0,1,27,1
1358,0,0,1,0,1,0,1,23,1
235,0,1,0,0,1,0,1,31,1
442,0,1,0,0,1,0,1,25,1
697,1,0,0,0,1,0,0,32,1
663,0,0,1,0,1,0,1,31,1
577,1,0,0,0,1,0,1,23,1
1962,1,0,0,0,1,0,1,65,1
1388,1,0,0,0,1,0,1,29,1
523,1,0,0,0,1,0,1,53,1
282,1,0,0,0,1,0,1,52,1
265,0,0,1,0,1,0,1,48,1
631,0,1,0,0,1,0,1,33,1
205,0,0,1,0,1,0,1,25,1
398,1,0,0,0,1,0,1,46,1
726,1,0,0,0,1,0,0,34,1
418,0,0,1,0,1,0,1,27,1
1529,1,0,0,0,1,0,1,23,1
203,1,0,0,0,1,0,1,27,1
1328,1,0,0,0,1,0,1,21,1
35767,0,0,1,0,1,0,1,36,1
267,0,0,1,0,1,0,1,24,1
380,0,1,0,0,1,0,1,46,1
369,1,0,0,0,1,0,1,41,1
561,1,0,0,0,1,0,1,50,1
244,1,0,0,0,1,0,1,32,1
387,1,0,0,0,1,0,1,57,1
741,0,1,0,0,1,0,1,23,1
1647,1,0,0,0,1,0,1,35,1
1445,1,0,0,0,1,0,1,34,1
645,0,1,0,0,1,0,1,47,1
1184,1,0,0,0,1,0,1,28,1
1268,1,0,0,0,1,0,1,49,1
318,0,0,1,0,1,0,1,42,1
609,0,0,1,0,1,0,0,53,1
640,0,1,0,0,1,0,1,50,1
1462,1,0,0,0,1,0,1,29,1
573,1,0,0,0,1,0,0,25,1
240,0,1,0,0,1,0,1,47,1
220,0,1,0,0,1,0,0,44,1
244,0,1,0,0,1,0,1,22,1
398,1,0,0,0,1,0,0,34,1
905,0,0,1,0,1,0,1,25,1
516,0,1,0,0,1,0,1,48,1
674,0,0,1,0,1,0,1,25,1
482,0,1,0,0,1,0,1,62,1
193,1,0,0,0,1,0,1,46,1
359,0,1,0,0,1,0,1,29,1
547,1,0,0,0,1,0,1,40,1
678,0,1,0,0,1,0,0,49,1
542,0,0,1,0,1,0,0,29,1
495,0,0,1,0,1,0,1,25,1
965,1,0,0,0,1,0,1,26,1
1126,1,0,0,0,1,0,1,39,1
556,0,1,0,0,1,0,1,36,1
724,0,0,1,0,1,0,1,39,1
446,0,1,0,0,1,0,0,24,1
1358,1,0,0,0,1,0,0,33,1
1031,1,0,0,0,1,0,0,39,1
618,0,0,1,0,1,0,1,31,1
398,0,1,0,0,1,0,1,56,1
1844,0,0,1,0,1,0,1,23,1
6,0,1,0,0,1,0,1,38,1
821,0,0,1,0,1,0,1,25,1
264,0,1,0,0,1,0,1,38,1
380,1,0,0,0,1,0,0,25,1
1135,1,0,0,0,1,0,0,56,1
135,1,0,0,0,1,0,1,28,1
554,1,0,0,0,1,0,1,25,1
288,1,0,0,0,1,0,1,55,1
573,0,0,1,0,1,0,1,51,1
1711,0,0,0,1,1,0,1,27,1
868,0,1,0,0,1,0,0,52,1
296,0,0,1,0,1,0,1,30,1
584,1,0,0,0,1,0,1,55,1
289,1,0,0,0,1,0,0,31,1
349,0,1,0,0,1,0,1,35,1
1013,1,0,0,0,1,0,1,35,1
458,0,0,1,0,1,0,1,28,1
213,0,1,0,0,1,0,0,24,1
338,0,1,0,0,1,0,0,27,1
576,1,0,0,0,1,0,1,48,1
629,0,0,1,0,1,0,1,57,1
1112,1,0,0,0,1,0,1,38,1
3313,0,1,0,0,1,0,0,55,1
268,0,0,1,0,1,0,1,32,1
272,0,0,1,0,1,0,0,34,1
422,1,0,0,0,1,0,1,45,1
59,1,0,0,0,1,0,1,35,1
290,0,1,0,0,1,0,1,49,1
698,0,1,0,0,1,0,1,26,1
126,0,0,1,0,1,0,0,31,1
443,1,0,0,0,1,0,0,23,1
198,1,0,0,0,1,0,1,60,1
306,1,0,0,0,1,0,1,35,1
218,1,0,0,0,1,0,1,34,1
927,0,1,0,0,1,0,1,47,1
141,0,1,0,0,1,0,1,58,1
827,1,0,0,0,1,0,1,49,1
234,1,0,0,0,1,0,1,61,1
991,0,1,0,0,1,0,1,49,1
382,1,0,0,0,1,0,0,40,1
605,0,1,0,0,1,0,1,24,1
292,1,0,0,0,1,0,1,23,1
197,1,0,0,0,1,0,1,27,1
25,1,0,0,0,1,0,0,55,1
463,0,1,0,0,1,0,1,29,1
557,0,1,0,0,1,0,1,24,1
564,1,0,0,0,1,0,1,37,1
785,0,1,0,0,1,0,1,44,1
438,1,0,0,0,1,0,1,25,1
1062,0,1,0,0,1,0,1,66,1
379,0,1,0,0,1,0,1,21,1
225,0,1,0,0,1,0,1,23,1
621,0,0,1,0,1,0,0,36,1
1128,0,1,0,0,1,0,1,27,1
266,1,0,0,0,1,0,0,38,1
934,0,0,1,0,1,0,1,34,1
1687,0,1,0,0,1,0,0,34,1
825,1,0,0,0,1,0,1,33,1
571,1,0,0,0,1,0,1,37,1
260,0,1,0,0,1,0,1,37,1
1588,1,0,0,0,1,0,0,36,1
592,0,1,0,0,1,0,1,39,1
351,1,0,0,0,1,0,1,30,1
1124,1,0,0,0,1,0,1,41,1
563,0,0,1,0,1,0,1,63,1
604,0,0,1,0,1,0,0,31,1
865,1,0,0,0,1,0,1,29,1
184,0,1,0,0,1,0,1,51,1
685,0,1,0,0,1,0,1,23,1
573,1,0,0,0,1,0,0,47,1
832,0,0,1,0,1,0,1,32,1
644,0,1,0,0,1,0,0,26,1
373,1,0,0,0,1,0,1,58,1
354,1,0,0,0,1,0,1,33,1
519,1,0,0,0,1,0,1,33,1
489,1,0,0,0,1,0,1,56,1
336,0,0,0,1,1,0,0,37,1
1184,1,0,0,0,1,0,1,47,1
499,0,0,1,0,1,0,1,38,1
768,0,1,0,0,1,0,1,23,1
330,0,1,0,0,1,0,1,28,1
639,1,0,0,0,1,0,1,30,1
825,1,0,0,0,1,0,1,38,1
244,1,0,0,0,1,0,0,38,1
645,0,1,0,0,1,0,1,34,1
909,0,0,1,0,1,0,0,31,1
391,0,1,0,0,1,0,1,53,1
1000,1,0,0,0,1,0,1,32,1
1104,0,1,0,0,1,0,1,30,1
633,0,0,1,0,1,0,1,32,1
451,0,1,0,0,1,0,0,22,1
360,0,1,0,0,1,0,1,42,1
1098,0,0,1,0,1,0,0,20,1
1348,0,0,1,0,1,0,0,29,1
629,0,1,0,0,1,0,1,42,1
258,0,1,0,0,1,0,1,35,1
469,0,1,0,0,1,0,1,28,1
1254,0,0,1,0,1,0,0,32,1
488,1,0,0,0,1,0,1,28,1
483,0,0,1,0,1,0,1,33,1
609,1,0,0,0,1,0,1,42,1
439,0,1,0,0,1,0,1,38,1
343,0,1,0,0,1,0,1,38,1
629,0,0,1,0,1,0,1,22,1
773,1,0,0,0,1,0,1,42,1
876,0,1,0,0,1,0,1,48,1
1136,0,0,1,0,1,0,0,33,1
1389,0,1,0,0,1,0,1,35,1
960,0,0,0,1,1,0,1,32,1
501,0,1,0,0,1,0,1,38,1
1454,0,1,0,0,1,0,1,26,1
545,1,0,0,0,1,0,0,27,1
485,0,1,0,0,1,0,1,63,1
150,0,1,0,0,1,0,1,24,1
1915,0,1,0,0,1,0,1,24,1
342,0,0,1,0,1,0,0,30,1
319,0,1,0,0,1,0,0,47,1
1448,0,0,1,0,1,0,1,36,1
525,1,0,0,0,1,0,1,44,1
463,1,0,0,0,1,0,1,38,1
145,0,1,0,0,1,0,1,59,1
402,0,0,1,0,1,0,0,45,1
683,0,1,0,0,1,0,1,47,1
201,0,1,0,0,1,0,0,60,1
2106,1,0,0,0,1,0,1,28,1
106,0,1,0,0,1,0,1,39,1
1165,0,1,0,0,1,0,0,33,1
150,0,0,1,0,1,0,1,28,1
789,1,0,0,0,1,0,0,55,1
480,0,0,1,0,1,0,1,23,1
201,0,1,0,0,1,0,1,24,1
455,1,0,0,0,1,0,1,36,1
1156,0,1,0,0,1,0,1,45,1
393,0,1,0,0,1,0,1,50,1
502,1,0,0,0,1,0,1,27,1
670,0,1,0,0,1,0,0,42,1
226,1,0,0,0,1,0,1,28,1
1424,1,0,0,0,1,0,1,50,1
990,1,0,0,0,1,0,1,51,1
597,0,1,0,0,1,0,1,27,1
409,0,1,0,0,1,0,1,37,1
471,0,1,0,0,1,0,1,30,1
424,0,1,0,0,1,0,1,54,1
1384,0,0,1,0,1,0,1,29,1
1296,0,1,0,0,1,0,1,44,1
1212,0,0,1,0,1,0,1,27,1
724,0,1,0,0,1,0,1,51,1
1350,0,1,0,0,1,0,0,36,1
211,0,1,0,0,1,0,1,33,1
855,0,0,1,0,1,0,0,29,1
731,1,0,0,0,1,0,0,54,1
1523,0,1,0,0,1,0,1,45,1
412,0,0,1,0,1,0,1,27,1
405,0,1,0,0,1,0,1,29,1
540,1,0,0,0,1,0,0,25,1
421,0,1,0,0,1,0,1,29,1
1030,0,0,1,0,1,0,0,40,1
513,0,1,0,0,1,0,1,33,1
403,1,0,0,0,1,0,0,45,1
284,0,0,1,0,1,0,1,30,1
162,0,1,0,0,1,0,0,38,1
1687,0,0,1,0,1,0,0,25,1
680,1,0,0,0,1,0,1,56,1
491,0,1,0,0,1,0,0,27,1
291,1,0,0,0,1,0,1,32,1
191,1,0,0,0,1,0,1,31,1
348,1,0,0,0,1,0,1,23,1
872,1,0,0,0,1,0,1,62,1
189,0,1,0,0,1,0,1,51,1
411,1,0,0,0,1,0,0,37,1
254,1,0,0,0,1,0,0,38,1
577,1,0,0,0,1,0,0,48,1
1246,0,1,0,0,1,0,0,25,1
428,1,0,0,0,1,0,0,21,1
593,1,0,0,0,1,0,1,42,1
1153,0,0,1,0,1,0,1,31,1
577,0,0,1,0,1,0,1,23,1
238,0,0,1,0,1,0,1,21,1
1083,0,1,0,0,1,0,1,56,1
248,1,0,0,0,1,0,1,26,1
994,1,0,0,0,1,0,0,53,1
782,0,0,1,0,1,0,1,39,1
317,1,0,0,0,1,0,1,35,1
527,0,1,0,0,1,0,0,28,1
774,0,0,1,0,1,0,0,27,1
646,0,1,0,0,1,0,1,41,1
1228,0,1,0,0,1,0,1,20,1
809,1,0,0,0,1,0,0,39,1
865,0,1,0,0,1,0,0,51,1
898,0,1,0,0,1,0,0,24,1
1035,0,1,0,0,1,0,1,56,1
1052,0,1,0,0,1,0,0,25,1
296,0,1,0,0,1,0,1,47,1
915,1,0,0,0,1,0,0,43,1
389,0,1,0,0,1,0,1,38,1
1575,1,0,0,0,1,0,0,35,1
559,0,1,0,0,1,0,1,47,1
1623,0,0,1,0,1,0,1,28,1
233,0,1,0,0,1,0,1,19,1
573,1,0,0,0,1,0,1,54,1
629,0,0,1,0,1,0,1,26,1
459,0,1,0,0,1,0,1,57,1
761,1,0,0,0,1,0,0,25,1
461,1,0,0,0,1,0,1,37,1
665,0,1,0,0,1,0,1,60,1
505,0,0,1,0,1,0,0,31,1
1131,1,0,0,0,1,0,1,29,1
1636,1,0,0,0,1,0,0,44,1
238,0,1,0,0,1,0,0,30,1
531,0,1,0,0,1,0,0,25,1
444,0,0,1,0,1,0,1,26,1
769,1,0,0,0,1,0,1,29,1
299,0,1,0,0,1,0,1,50,1
1462,0,1,0,0,1,0,1,45,1
605,0,0,1,0,1,0,1,28,1
417,1,0,0,0,1,0,1,19,1
756,0,1,0,0,1,0,1,22,1
811,1,0,0,0,1,0,0,29,1
603,0,1,0,0,1,0,1,35,1
302,0,0,1,0,1,0,0,29,1
388,0,1,0,0,1,0,1,21,1
787,1,0,0,0,1,0,1,30,1
1249,0,1,0,0,1,0,1,40,1
415,1,0,0,0,1,0,1,24,1
449,0,1,0,0,1,0,0,22,1
1824,1,0,0,0,1,0,1,62,1
231,0,1,0,0,1,0,1,35,1
674,1,0,0,0,1,0,1,49,1
996,0,0,1,0,1,0,1,37,1
207,0,1,0,0,1,0,1,30,1
530,0,1,0,0,1,0,1,24,1
309,1,0,0,0,1,0,1,30,1
663,1,0,0,0,1,0,1,30,1
887,0,0,1,0,1,0,0,30,1
465,1,0,0,0,1,0,1,23,1
525,1,0,0,0,1,0,0,24,1
574,0,1,0,0,1,0,1,42,1
371,1,0,0,0,1,0,1,41,1
222,0,0,1,0,1,0,1,43,1
340,1,0,0,0,1,0,1,33,1
148,0,1,0,0,1,0,1,35,1
507,0,0,1,0,1,0,1,26,1
1128,0,0,1,0,1,0,1,25,1
889,0,1,0,0,1,0,1,42,1
357,0,1,0,0,1,0,1,49,1
745,0,1,0,0,1,0,1,44,1
955,0,1,0,0,1,0,1,25,1
522,0,0,1,0,1,0,1,41,1
292,0,1,0,0,1,0,1,35,1
563,1,0,0,0,1,0,1,26,1
293,1,0,0,0,1,0,1,30,1
379,0,1,0,0,1,0,1,31,1
2793,0,1,0,0,1,0,0,27,1
4,0,1,0,0,1,0,1,28,1
340,1,0,0,0,1,0,0,25,1
474,1,0,0,0,1,0,1,36,1
829,1,0,0,0,1,0,1,31,1
509,0,1,0,0,1,0,1,29,1
674,1,0,0,0,1,0,1,33,1
967,0,1,0,0,1,0,0,39,1
893,0,0,1,0,1,0,0,30,1
362,1,0,0,0,1,0,0,27,1
299,1,0,0,0,1,0,1,33,1
535,0,1,0,0,1,0,1,27,1
674,0,1,0,0,1,0,0,41,1
385,0,0,1,0,1,0,1,32,1
1324,1,0,0,0,1,0,0,23,1
244,0,0,1,0,1,0,0,35,1
835,0,1,0,0,1,0,1,41,1
362,0,1,0,0,1,0,1,27,1
157,0,1,0,0,1,0,1,31,1
435,0,0,1,0,1,0,1,30,1
1050,0,0,1,0,1,0,1,34,1
424,0,0,1,0,1,0,1,26,1
558,0,1,0,0,1,0,1,27,1
336,1,0,0,0,1,0,0,30,1
690,1,0,0,0,1,0,0,32,1
497,1,0,0,0,1,0,1,29,1
486,1,0,0,0,1,0,1,29,1
396,1,0,0,0,1,0,1,43,1
371,0,0,1,0,1,0,0,38,1
3823,0,1,0,0,1,0,1,63,1
159,1,0,0,0,1,0,1,45,1
374,0,0,1,0,1,0,1,41,1
415,0,0,1,0,1,0,1,57,1
602,0,0,1,0,1,0,1,29,1
422,0,0,1,0,1,0,1,52,1
1160,0,0,1,0,1,0,1,39,1
1293,0,1,0,0,1,0,1,23,1
968,0,1,0,0,1,0,1,44,1
1276,1,0,0,0,1,0,0,23,1
614,1,0,0,0,1,0,0,52,1
315,0,1,0,0,1,0,1,25,1
486,0,1,0,0,1,0,1,29,1
406,0,0,1,0,1,0,1,28,1
288,1,0,0,0,1,0,1,25,1
293,0,0,0,1,1,0,1,20,1
323,1,0,0,0,1,0,1,42,1
354,1,0,0,0,1,0,1,21,1
836,0,1,0,0,1,0,0,35,1
299,0,0,1,0,1,0,1,31,1
686,0,0,1,0,1,0,1,28,1
522,0,1,0,0,1,0,1,37,1
210,1,0,0,0,1,0,1,21,1
317,0,1,0,0,1,0,1,57,1
400,0,1,0,0,1,0,0,30,1
456,1,0,0,0,1,0,1,34,1
382,0,0,1,0,1,0,0,32,1
105,1,0,0,0,1,0,1,23,1
671,1,0,0,0,1,0,0,32,1
515,0,1,0,0,1,0,1,29,1
240,0,1,0,0,1,0,1,28,1
575,0,1,0,0,1,0,0,31,1
142,0,0,1,0,1,0,1,31,1
515,1,0,0,0,1,0,1,40,1
724,0,1,0,0,1,0,1,53,1
1065,1,0,0,0,1,0,1,28,1
723,0,1,0,0,1,0,1,31,1
610,0,0,1,0,1,0,1,29,1
498,0,0,1,0,1,0,1,41,1
264,1,0,0,0,1,0,1,22,1
585,0,1,0,0,1,0,1,29,1
675,0,0,1,0,1,0,1,35,1
433,0,0,1,0,1,0,1,29,1
661,1,0,0,0,1,0,1,35,1
9,0,1,0,0,1,0,1,43,1
896,0,1,0,0,1,0,1,52,1
1403,0,1,0,0,1,0,0,25,1
690,0,0,1,0,1,0,1,23,1
628,0,1,0,0,1,0,1,41,1
989,0,0,1,0,1,0,1,33,1
404,0,1,0,0,1,0,1,52,1
105,1,0,0,0,1,0,1,38,1
471,0,0,1,0,1,0,1,33,1
435,0,1,0,0,1,0,1,64,1
218,1,0,0,0,1,0,1,22,1
642,0,1,0,0,1,0,1,53,1
998,0,1,0,0,1,0,0,25,1
365,0,1,0,0,1,0,1,19,1
1247,1,0,0,0,1,0,0,26,1
1112,1,0,0,0,1,0,1,27,1
199,1,0,0,0,1,0,1,26,1
537,0,0,1,0,1,0,1,28,1
1183,0,0,1,0,1,0,1,34,1
231,1,0,0,0,1,0,1,32,1
436,1,0,0,0,1,0,0,26,1
1354,0,0,1,0,1,0,1,46,1
1316,1,0,0,0,1,0,1,24,1
254,0,1,0,0,1,0,1,56,1
705,1,0,0,0,1,0,1,48,1
619,0,0,1,0,1,0,1,27,1
275,0,0,1,0,1,0,0,30,1
318,1,0,0,0,1,0,0,35,1
472,0,1,0,0,1,0,1,49,1
1029,1,0,0,0,1,0,0,30,1
379,1,0,0,0,1,0,1,26,1
382,0,1,0,0,1,0,0,50,1
374,1,0,0,0,1,0,1,50,1
487,0,1,0,0,1,0,0,35,1
172,0,0,1,0,1,0,1,28,1
330,0,1,0,0,1,0,1,42,1
229,1,0,0,0,1,0,1,33,1
594,1,0,0,0,1,0,0,32,1
577,0,1,0,0,1,0,0,33,1
1109,0,0,1,0,1,0,0,31,1
549,1,0,0,0,1,0,1,45,1
602,0,0,1,0,1,0,1,55,1
1114,1,0,0,0,1,0,1,32,1
780,0,1,0,0,1,0,0,25,1
9,1,0,0,0,1,0,1,26,1
301,0,0,1,0,1,0,1,21,1
612,0,1,0,0,1,0,1,39,1
124,0,0,1,0,1,0,1,23,1
300,0,1,0,0,1,0,1,61,1
352,0,1,0,0,1,0,1,40,1
963,1,0,0,0,1,0,1,31,1
685,0,0,1,0,1,0,1,52,1
208,1,0,0,0,1,0,0,22,1
1454,1,0,0,0,1,0,1,44,1
977,1,0,0,0,1,0,1,23,1
148,0,0,1,0,1,0,0,27,1
988,1,0,0,0,1,0,0,25,1
755,0,1,0,0,1,0,0,34,1
504,0,0,0,1,1,0,1,56,1
715,0,0,1,0,1,0,1,25,1
378,1,0,0,0,1,0,1,46,1
1467,0,1,0,0,1,0,1,44,1
724,0,1,0,0,1,0,1,59,1
1380,0,1,0,0,1,0,1,30,1
581,0,0,1,0,1,0,1,46,1
1345,1,0,0,0,1,0,1,56,1
942,0,1,0,0,1,0,1,47,1
562,0,1,0,0,1,0,1,41,1
427,0,0,1,0,1,0,1,22,1
499,1,0,0,0,1,0,1,29,1
653,0,1,0,0,1,0,1,21,1
958,1,0,0,0,1,0,1,32,1
268,0,0,1,0,1,0,1,23,1
612,0,1,0,0,1,0,0,30,1
1435,0,1,0,0,1,0,1,36,1
413,1,0,0,0,1,0,1,42,1
682,0,1,0,0,1,0,1,33,1
342,0,0,1,0,1,0,1,26,1
789,1,0,0,0,1,0,0,48,1
584,1,0,0,0,1,0,1,61,1
1382,0,1,0,0,1,0,1,29,1
538,1,0,0,0,1,0,1,61,1
469,1,0,0,0,1,0,1,26,1
363,0,1,0,0,1,0,1,66,1
598,1,0,0,0,1,0,0,47,1
492,1,0,0,0,1,0,1,27,1
692,0,0,1,0,1,0,1,30,1
614,0,1,0,0,1,0,0,54,1
672,0,1,0,0,1,0,1,46,1
1203,0,1,0,0,1,0,0,39,1
4172,0,0,1,0,1,0,1,26,1
334,1,0,0,0,1,0,1,35,1
634,1,0,0,0,1,0,1,24,1
351,0,0,1,0,1,0,1,28,1
963,1,0,0,0,1,0,0,24,1
165,0,1,0,0,1,0,1,31,1
927,0,1,0,0,1,0,1,46,1
246,1,0,0,0,1,0,1,53,1
1234,0,0,1,0,1,0,1,42,1
504,0,0,1,0,1,0,1,29,1
687,1,0,0,0,1,0,1,36,1
817,1,0,0,0,1,0,1,30,1
1061,1,0,0,0,1,0,1,24,1
308,1,0,0,0,1,0,1,47,1
238,0,1,0,0,1,0,1,30,1
404,0,0,1,0,1,0,1,21,1
737,0,0,1,0,1,0,1,31,1
389,1,0,0,0,1,0,0,38,1
209,0,1,0,0,1,0,1,18,1
373,0,0,1,0,1,0,1,30,1
1075,0,1,0,0,1,0,1,26,1
96,0,0,1,0,1,0,1,27,1
368,1,0,0,0,1,0,0,40,1
841,0,0,1,0,1,0,0,27,1
269,0,0,1,0,1,0,1,24,1
332,1,0,0,0,1,0,0,26,1
1148,1,0,0,0,1,0,1,31,1
1022,0,1,0,0,1,0,0,30,1
649,0,0,1,0,1,0,1,32,1
494,1,0,0,0,1,0,0,43,1
603,0,1,0,0,1,0,0,37,1
1357,1,0,0,0,1,0,0,31,1
1446,0,0,0,1,1,0,1,27,1
769,1,0,0,0,1,0,1,42,1
735,0,0,1,0,1,0,1,23,1
1152,0,1,0,0,1,0,0,26,1
1831,0,1,0,0,1,0,1,23,1
1791,0,1,0,0,1,0,1,52,1
478,0,1,0,0,1,0,0,56,1
122,0,0,1,0,1,0,1,35,1
1513,1,0,0,0,1,0,0,34,1
479,1,0,0,0,1,0,0,27,1
665,0,1,0,0,1,0,0,23,1
961,0,0,1,0,1,0,1,27,1
764,1,0,0,0,1,0,1,57,1
211,1,0,0,0,1,0,1,24,1
637,0,1,0,0,1,0,0,48,1
885,1,0,0,0,1,0,0,37,1
286,0,1,0,0,1,0,1,38,1
423,1,0,0,0,1,0,1,40,1
868,0,1,0,0,1,0,1,51,1
320,1,0,0,0,1,0,1,38,1
653,0,1,0,0,1,0,1,26,1
611,0,0,1,0,1,0,0,27,1
719,0,1,0,0,1,0,0,26,1
6372,0,0,1,0,1,0,1,48,1
691,0,0,1,0,1,0,0,28,1
250,0,0,1,0,1,0,1,60,1
891,0,1,0,0,1,0,1,27,1
559,1,0,0,0,1,0,1,30,1
542,0,1,0,0,1,0,1,63,1
1510,0,0,0,1,1,0,1,26,1
609,1,0,0,0,1,0,1,36,1
1308,0,1,0,0,1,0,0,36,1
1965,1,0,0,0,1,0,1,22,1
588,0,0,1,0,1,0,1,34,1
486,0,1,0,0,1,0,1,55,1
1236,0,0,1,0,1,0,0,32,1
279,0,1,0,0,1,0,1,46,1
342,1,0,0,0,1,0,1,43,1
768,0,1,0,0,1,0,1,26,1
836,1,0,0,0,1,0,1,26,1
536,0,0,1,0,1,0,0,32,1
901,1,0,0,0,1,0,0,25,1
372,1,0,0,0,1,0,1,27,1
632,0,1,0,0,1,0,0,51,1
987,0,1,0,0,1,0,1,34,1
1290,1,0,0,0,1,0,1,28,1
8,0,0,1,0,1,0,0,24,1
773,0,1,0,0,1,0,0,25,1
918,1,0,0,0,1,0,0,42,1
461,1,0,0,0,1,0,1,26,1
566,1,0,0,0,1,0,1,67,1
724,0,1,0,0,1,0,1,29,1
271,0,1,0,0,1,0,0,22,1
1212,0,1,0,0,1,0,1,36,1
712,1,0,0,0,1,0,1,60,1
514,0,1,0,0,1,0,0,24,1
372,0,1,0,0,1,0,1,55,1
305,0,1,0,0,1,0,1,24,1
513,0,1,0,0,1,0,1,38,1
638,0,0,1,0,1,0,1,35,1
350,1,0,0,0,1,0,1,24,1
212,1,0,0,0,1,0,1,29,1
326,0,0,1,0,1,0,1,32,1
307,0,0,0,1,1,0,1,21,1
118,0,1,0,0,1,0,1,30,1
342,0,1,0,0,1,0,1,23,1
218,0,0,1,0,1,0,1,41,1
207,1,0,0,0,1,0,1,33,1
573,0,0,1,0,1,0,1,35,1
631,0,1,0,0,1,0,0,50,1
689,1,0,0,0,1,0,0,35,1
537,0,1,0,0,1,0,1,45,1
229,0,0,1,0,1,0,0,53,1
367,0,1,0,0,1,0,1,23,1
561,0,1,0,0,1,0,1,27,1
496,1,0,0,0,1,0,1,33,1
862,0,1,0,0,1,0,0,37,1
615,0,1,0,0,1,0,1,55,1
239,0,0,1,0,1,0,1,21,1
450,0,0,1,0,1,0,1,30,1
165,0,0,1,0,1,0,1,41,1
750,0,0,1,0,1,0,1,29,1
1366,0,1,0,0,1,0,0,29,1
251,0,0,1,0,1,0,1,30,1
1167,1,0,0,0,1,0,1,25,1
593,0,0,1,0,1,0,1,31,1
347,1,0,0,0,1,0,1,62,1
373,0,1,0,0,1,0,1,29,1
559,0,1,0,0,1,0,1,37,1
380,1,0,0,0,1,0,1,41,1
850,0,1,0,0,1,0,0,29,1
987,1,0,0,0,1,0,1,45,1
416,1,0,0,0,1,0,0,30,1
305,0,1,0,0,1,0,1,45,1
134,0,1,0,0,1,0,1,43,1
345,0,0,1,0,1,0,1,30,1
976,0,0,1,0,1,0,1,39,1
102,0,1,0,0,1,0,0,34,1
742,0,0,1,0,1,0,1,33,1
295,0,0,1,0,1,0,0,22,1
1623,0,1,0,0,1,0,1,64,1
386,0,1,0,0,1,0,0,24,1
433,0,0,1,0,1,0,1,35,1
1013,0,1,0,0,1,0,1,32,1
144,0,0,1,0,1,0,1,30,1
380,0,1,0,0,1,0,1,26,1
684,1,0,0,0,1,0,1,55,1
492,0,0,1,0,1,0,0,44,1
564,0,0,1,0,1,0,1,33,1
594,0,1,0,0,1,0,1,38,1
458,0,1,0,0,1,0,1,59,1
304,0,0,1,0,1,0,1,29,1
299,0,0,1,0,1,0,1,59,1
805,0,1,0,0,1,0,1,37,1
226,1,0,0,0,1,0,1,27,1
449,1,0,0,0,1,0,1,50,1
870,0,1,0,0,1,0,1,34,1
467,0,1,0,0,1,0,0,54,1
764,0,1,0,0,1,0,1,50,1
754,1,0,0,0,1,0,0,20,1
400,0,1,0,0,1,0,1,41,1
965,0,0,1,0,1,0,1,27,1
787,0,0,1,0,1,0,1,25,1
428,0,1,0,0,1,0,1,51,1
623,0,0,1,0,1,0,1,27,1
184,0,1,0,0,1,0,1,23,1
215,0,0,1,0,1,0,1,23,1
719,0,0,1,0,1,0,1,23,1
533,0,1,0,0,1,0,1,31,1
295,0,0,1,0,1,0,1,37,1
333,0,0,1,0,1,0,1,29,1
895,0,1,0,0,1,0,1,62,1
934,0,1,0,0,1,0,1,34,1
943,1,0,0,0,1,0,0,35,1
546,0,0,1,0,1,0,0,30,1
667,1,0,0,0,1,0,1,36,1
433,0,0,1,0,1,0,1,34,1
897,1,0,0,0,1,0,0,44,1
424,1,0,0,0,1,0,1,27,1
486,1,0,0,0,1,0,0,41,1
546,0,1,0,0,1,0,1,26,1
415,1,0,0,0,1,0,1,43,1
178,0,0,1,0,1,0,1,24,1
1304,0,1,0,0,1,0,1,28,1
477,0,0,1,0,1,0,1,36,1
528,1,0,0,0,1,0,1,26,1
825,1,0,0,0,1,0,1,45,1
713,0,1,0,0,1,0,1,44,1
586,1,0,0,0,1,0,1,37,1
942,1,0,0,0,1,0,1,38,1
1777,0,1,0,0,1,0,0,31,1
737,0,1,0,0,1,0,0,41,1
633,0,0,1,0,1,0,1,29,1
691,0,1,0,0,1,0,1,20,1
514,0,0,1,0,1,0,1,35,1
459,1,0,0,0,1,0,1,55,1
426,0,0,1,0,1,0,0,25,1
395,0,1,0,0,1,0,0,28,1
1670,0,0,1,0,1,0,1,29,1
785,1,0,0,0,1,0,1,40,1
17,1,0,0,0,1,0,0,34,1
124,1,0,0,0,1,0,1,49,1
228,0,1,0,0,1,0,1,32,1
867,0,1,0,0,1,0,1,59,1
402,1,0,0,0,1,0,1,42,1
840,1,0,0,0,1,0,0,51,1
130,0,0,1,0,1,0,1,48,1
322,0,0,1,0,1,0,0,41,1
1615,0,1,0,0,1,0,0,27,1
174,1,0,0,0,1,0,1,18,1
330,1,0,0,0,1,0,1,35,1
333,0,1,0,0,1,0,1,60,1
323,1,0,0,0,1,0,1,53,1
1072,0,0,1,0,1,0,0,59,1
326,1,0,0,0,1,0,0,55,1
414,0,1,0,0,1,0,0,37,1
317,1,0,0,0,1,0,1,43,1
354,0,1,0,0,1,0,0,53,1
409,0,1,0,0,1,0,1,25,1
604,0,1,0,0,1,0,1,27,1
568,0,0,1,0,1,0,1,18,1
690,1,0,0,0,1,0,1,40,1
187,0,1,0,0,1,0,1,38,1
203,0,1,0,0,1,0,1,32,1
924,0,1,0,0,1,0,1,23,1
793,1,0,0,0,1,0,1,26,1
801,0,1,0,0,1,0,1,31,1
133,0,0,1,0,1,0,0,47,1
863,1,0,0,0,1,0,1,27,1
351,0,0,1,0,1,0,1,25,1
566,0,1,0,0,1,0,1,26,1
592,0,1,0,0,1,0,1,29,1
822,1,0,0,0,1,0,1,25,1
959,1,0,0,0,1,0,1,25,1
549,1,0,0,0,1,0,1,55,1
530,1,0,0,0,1,0,1,36,1
327,1,0,0,0,1,0,1,27,1
655,1,0,0,0,1,0,1,23,1
372,0,0,1,0,1,0,0,57,1
851,1,0,0,0,1,0,1,26,1
433,1,0,0,0,1,0,0,20,1
492,0,1,0,0,1,0,1,50,1
661,1,0,0,0,1,0,1,32,1
184,0,1,0,0,1,0,1,23,1
1119,1,0,0,0,1,0,1,21,1
922,0,0,1,0,1,0,1,19,1
836,1,0,0,0,1,0,1,43,1
151,1,0,0,0,1,0,0,38,1
461,1,0,0,0,1,0,1,26,1
740,0,0,1,0,1,0,1,28,1
864,0,1,0,0,1,0,1,45,1
553,0,0,1,0,1,0,0,30,1
494,0,1,0,0,1,0,1,41,1
544,0,1,0,0,1,0,1,25,1
167,0,0,1,0,1,0,1,23,1
513,0,1,0,0,1,0,1,46,1
752,1,0,0,0,1,0,1,62,1
448,1,0,0,0,1,0,1,28,1
1361,1,0,0,0,1,0,1,49,1
949,1,0,0,0,1,0,1,31,1
647,1,0,0,0,1,0,1,31,1
1038,0,0,1,0,1,0,1,40,1
445,1,0,0,0,1,0,1,52,1
740,0,1,0,0,1,0,0,24,1
1890,0,1,0,0,1,0,1,34,1
468,1,0,0,0,1,0,1,39,1
650,1,0,0,0,1,0,1,43,1
1257,1,0,0,0,1,0,1,46,1
413,1,0,0,0,1,0,1,34,1
637,0,1,0,0,1,0,1,25,1
738,1,0,0,0,1,0,1,41,1
488,0,1,0,0,1,0,1,44,1
232,0,1,0,0,1,0,1,45,1
173,1,0,0,0,1,0,1,45,1
737,0,1,0,0,1,0,0,35,1
663,0,1,0,0,1,0,1,51,1
441,0,0,0,1,1,0,1,35,1
316,0,0,1,0,1,0,1,37,1
1382,0,0,1,0,1,0,1,21,1
1185,0,1,0,0,1,0,0,22,1
709,1,0,0,0,1,0,1,42,1
566,1,0,0,0,1,0,1,29,1
481,0,0,1,0,1,0,0,55,1
384,0,1,0,0,1,0,1,35,1
366,0,0,1,0,1,0,1,31,1
2046,1,0,0,0,1,0,1,39,1
255,0,1,0,0,1,0,0,44,1
445,1,0,0,0,1,0,1,41,1
459,0,1,0,0,1,0,0,35,1
1187,0,1,0,0,1,0,1,39,1
273,1,0,0,0,1,0,0,38,1
452,0,0,1,0,1,0,1,26,1
745,0,1,0,0,1,0,0,37,1
294,1,0,0,0,1,0,1,29,1
397,0,1,0,0,1,0,1,52,1
832,1,0,0,0,1,0,1,30,1
320,0,0,1,0,1,0,1,38,1
341,0,0,1,0,1,0,1,18,1
1331,1,0,0,0,1,0,1,44,1
719,1,0,0,0,1,0,0,27,1
173,1,0,0,0,1,0,0,19,1
188,0,1,0,0,1,0,0,34,1
610,0,1,0,0,1,0,1,51,1
492,0,1,0,0,1,0,1,41,1
1160,0,1,0,0,1,0,1,21,1
299,0,1,0,0,1,0,1,23,1
400,1,0,0,0,1,0,1,26,1
485,1,0,0,0,1,0,1,35,1
433,1,0,0,0,1,0,1,58,1
778,0,0,1,0,1,0,1,36,1
362,1,0,0,0,1,0,1,27,1
385,0,1,0,0,1,0,1,43,1
197,0,1,0,0,1,0,0,45,1
176,1,0,0,0,1,0,1,65,1
109,0,0,1,0,1,0,1,39,1
274,0,1,0,0,1,0,1,19,1
213,1,0,0,0,1,0,1,39,1
1195,0,0,1,0,1,0,1,28,1
1031,0,0,1,0,1,0,1,28,1
772,0,1,0,0,1,0,1,24,1
501,1,0,0,0,1,0,0,27,1
1125,0,1,0,0,1,0,1,55,1
617,0,0,1,0,1,0,1,51,1
750,1,0,0,0,1,0,0,57,1
1918,0,0,1,0,1,0,0,27,1
180,1,0,0,0,1,0,1,44,1
324,0,1,0,0,1,0,1,23,1
2092,0,1,0,0,1,0,1,66,1
306,0,1,0,0,1,0,1,29,1
224,0,1,0,0,1,0,1,50,1
475,1,0,0,0,1,0,1,27,1
723,0,1,0,0,1,0,1,45,1
249,0,1,0,0,1,0,1,54,1
529,1,0,0,0,1,0,0,33,1
382,0,0,1,0,1,0,1,28,1
325,0,1,0,0,1,0,1,25,1
556,1,0,0,0,1,0,1,40,1
576,0,1,0,0,1,0,1,32,1
512,1,0,0,0,1,0,1,37,1
451,1,0,0,0,1,0,0,43,1
483,1,0,0,0,1,0,1,25,1
259,0,0,1,0,1,0,1,33,1
2037,0,0,1,0,1,0,0,35,1
369,0,0,1,0,1,0,1,36,1
287,1,0,0,0,1,0,0,54,1
598,0,1,0,0,1,0,1,26,1
1058,1,0,0,0,1,0,1,27,1
328,0,1,0,0,1,0,1,26,1
726,1,0,0,0,1,0,1,48,1
532,0,0,1,0,1,0,1,31,1
222,1,0,0,0,1,0,1,38,1
1062,0,0,1,0,1,0,1,32,1
581,1,0,0,0,1,0,1,42,1
530,1,0,0,0,1,0,1,53,1
1280,0,1,0,0,1,0,1,38,1
295,0,0,1,0,1,0,0,31,1
491,0,1,0,0,1,0,1,31,1
243,0,1,0,0,1,0,1,34,1
911,1,0,0,0,1,0,1,64,1
700,0,1,0,0,1,0,1,29,1
150,0,1,0,0,1,0,1,48,1
431,0,0,1,0,1,0,1,23,1
288,0,1,0,0,1,0,1,41,1
516,0,0,1,0,1,0,1,49,1
1172,1,0,0,0,1,0,1,34,1
876,0,1,0,0,1,0,0,54,1
309,0,1,0,0,1,0,1,44,1
1294,0,1,0,0,1,0,1,29,1
372,0,1,0,0,1,0,1,29,1
577,1,0,0,0,1,0,1,45,1
499,0,1,0,0,1,0,0,34,1
1179,1,0,0,0,1,0,0,39,1
1052,1,0,0,0,1,0,0,25,1
507,1,0,0,0,1,0,0,27,1
276,1,0,0,0,1,0,1,32,1
289,0,0,1,0,1,0,1,43,1
520,0,0,0,1,1,0,1,56,1
305,1,0,0,0,1,0,0,28,1
1545,0,0,1,0,1,0,1,33,1
611,0,1,0,0,1,0,1,41,1
609,1,0,0,0,1,0,1,64,1
1132,0,0,1,0,1,0,1,25,1
1532,0,1,0,0,1,0,1,39,1
824,0,1,0,0,1,0,1,37,1
491,0,0,1,0,1,0,0,30,1
304,0,1,0,0,1,0,1,35,1
442,0,0,1,0,1,0,1,32,1
583,0,1,0,0,1,0,1,53,1
226,0,1,0,0,1,0,1,32,1
746,0,0,1,0,1,0,0,28,1
403,0,0,1,0,1,0,1,29,1
229,0,0,1,0,1,0,0,24,1
851,0,0,1,0,1,0,1,33,1
733,0,0,1,0,1,0,1,28,1
330,0,0,1,0,1,0,0,56,1
282,0,1,0,0,1,0,0,27,1
932,1,0,0,0,1,0,1,25,1
606,0,1,0,0,1,0,0,49,1
138,0,1,0,0,1,0,1,51,1
860,0,0,1,0,1,0,1,26,1
392,0,0,1,0,1,0,1,21,1
1227,0,0,1,0,1,0,1,34,1
184,1,0,0,0,1,0,1,34,1
1474,0,0,1,0,1,0,1,52,1
401,0,0,1,0,1,0,1,51,1
1247,0,1,0,0,1,0,1,30,1
930,0,1,0,0,1,0,0,54,1
1597,0,0,1,0,1,0,0,28,1
750,0,1,0,0,1,0,1,57,1
950,1,0,0,0,1,0,1,38,1
530,0,0,1,0,1,0,1,25,1
961,0,1,0,0,1,0,1,38,1
983,1,0,0,0,1,0,1,50,1
523,0,1,0,0,1,0,1,26,1
735,0,1,0,0,1,0,1,45,1
965,0,0,1,0,1,0,0,33,1
229,0,1,0,0,1,0,1,51,1
759,1,0,0,0,1,0,1,26,1
530,1,0,0,0,1,0,1,32,1
1059,0,0,1,0,1,0,1,56,1
320,1,0,0,0,1,0,0,32,1
707,1,0,0,0,1,0,1,61,1
963,0,1,0,0,1,0,0,32,1
392,0,1,0,0,1,0,1,28,1
355,0,1,0,0,1,0,1,25,1
461,0,1,0,0,1,0,1,41,1
514,0,0,1,0,1,0,0,24,1
840,0,0,1,0,1,0,1,29,1
1292,0,1,0,0,1,0,1,28,1
215,0,1,0,0,1,0,1,19,1
312,1,0,0,0,1,0,1,39,1
217,1,0,0,0,1,0,1,44,1
837,0,0,1,0,1,0,0,30,1
1183,1,0,0,0,1,0,0,46,1
755,0,0,0,1,1,0,1,25,1
450,1,0,0,0,1,0,1,59,1
1200,1,0,0,0,1,0,1,22,1
627,1,0,0,0,1,0,1,52,1
534,1,0,0,0,1,0,1,54,1
521,0,1,0,0,1,0,1,29,1
358,0,1,0,0,1,0,1,24,1
189,0,1,0,0,1,0,1,28,1
722,1,0,0,0,1,0,1,30,1
796,0,1,0,0,1,0,0,22,1
317,1,0,0,0,1,0,1,29,1
702,0,0,1,0,1,0,0,21,1
289,0,1,0,0,1,0,1,26,1
951,0,1,0,0,1,0,1,23,1
329,0,0,1,0,1,0,0,26,1
1236,1,0,0,0,1,0,1,37,1
403,0,0,1,0,1,0,0,21,1
530,0,0,1,0,1,0,1,48,1
923,0,1,0,0,1,0,1,37,1
216,0,1,0,0,1,0,1,23,1
576,0,0,1,0,1,0,1,38,1
688,0,1,0,0,1,0,0,35,1
1180,0,1,0,0,1,0,1,28,1
680,0,1,0,0,1,0,1,33,1
666,0,1,0,0,1,0,1,50,1
679,1,0,0,0,1,0,1,69,1
371,1,0,0,0,1,0,1,35,1
851,0,1,0,0,1,0,1,33,1
753,0,1,0,0,1,0,0,35,1
729,0,0,1,0,1,0,1,31,1
918,1,0,0,0,1,0,1,28,1
934,1,0,0,0,1,0,1,47,1
217,0,0,1,0,1,0,1,28,1
414,0,1,0,0,1,0,1,51,1
956,0,1,0,0,1,0,1,36,1
669,0,1,0,0,1,0,0,37,1
716,1,0,0,0,1,0,1,43,1
465,0,1,0,0,1,0,0,37,1
414,0,0,1,0,1,0,1,26,1
386,1,0,0,0,1,0,0,54,1
1516,1,0,0,0,1,0,0,29,1
1376,0,1,0,0,1,0,1,36,1
361,0,1,0,0,1,0,1,38,1
383,0,1,0,0,1,0,1,49,1
415,0,0,1,0,1,0,1,40,1
413,0,0,1,0,1,0,0,49,1
213,0,0,1,0,1,0,1,33,1
686,0,0,1,0,1,0,1,21,1
250,0,0,1,0,1,0,1,36,1
891,0,0,1,0,1,0,1,52,1
234,0,0,1,0,1,0,1,30,1
577,1,0,0,0,1,0,0,25,1
1192,0,1,0,0,1,0,1,25,1
360,1,0,0,0,1,0,1,25,1
546,1,0,0,0,1,0,1,32,1
487,0,1,0,0,1,0,0,21,1
572,1,0,0,0,1,0,0,48,1
429,1,0,0,0,1,0,1,29,1
337,1,0,0,0,1,0,1,54,1
422,0,0,1,0,1,0,1,25,1
621,0,0,1,0,1,0,1,30,1
838,0,0,1,0,1,0,0,43,1
323,0,1,0,0,1,0,0,52,1
386,1,0,0,0,1,0,1,38,1
989,0,1,0,0,1,0,1,38,1
1221,1,0,0,0,1,0,1,53,1
615,0,0,1,0,1,0,1,46,1
488,0,0,1,0,1,0,1,27,1
386,1,0,0,0,1,0,1,29,1
2555,0,0,1,0,1,0,1,34,1
888,0,0,1,0,1,0,0,20,1
438,0,1,0,0,1,0,1,30,1
538,1,0,0,0,1,0,0,21,1
198,0,0,1,0,1,0,1,36,1
300,0,1,0,0,1,0,1,27,1
392,1,0,0,0,1,0,1,30,1
976,0,0,1,0,1,0,1,26,1
498,1,0,0,0,1,0,1,24,1
1103,0,1,0,0,1,0,1,28,1
1264,0,1,0,0,1,0,1,55,1
1046,1,0,0,0,1,0,0,31,1
714,1,0,0,0,1,0,1,34,1
1366,1,0,0,0,1,0,0,35,1
435,1,0,0,0,1,0,0,42,1
202,0,1,0,0,1,0,1,60,1
314,0,0,1,0,1,0,1,34,1
1061,1,0,0,0,1,0,1,37,1
1197,0,0,1,0,1,0,1,21,1
1485,0,1,0,0,1,0,0,27,1
5828,0,0,1,0,1,0,0,37,1
1009,0,1,0,0,1,0,0,25,1
590,0,0,1,0,1,0,1,24,1
719,1,0,0,0,1,0,1,25,1
422,0,0,1,0,1,0,1,57,1
238,1,0,0,0,1,0,1,51,1
785,0,1,0,0,1,0,1,48,1
282,1,0,0,0,1,0,1,47,1
947,0,1,0,0,1,0,0,29,1
259,0,0,1,0,1,0,1,23,1
204,0,0,1,0,1,0,1,26,1
513,0,1,0,0,1,0,1,23,1
762,1,0,0,0,1,0,1,34,1
398,0,1,0,0,1,0,1,26,1
469,0,1,0,0,1,0,1,32,1
2552,0,1,0,0,1,0,0,19,1
1033,0,0,1,0,1,0,1,37,1
1436,0,0,1,0,1,0,0,24,1
879,1,0,0,0,1,0,1,73,1
155,0,1,0,0,1,0,0,26,1
583,1,0,0,0,1,0,1,27,1
547,0,1,0,0,1,0,1,43,1
883,0,1,0,0,1,0,1,26,1
748,1,0,0,0,1,0,1,35,1
1611,0,1,0,0,1,0,1,30,1
179,0,0,1,0,1,0,1,24,1
171,1,0,0,0,1,0,1,50,1
20,0,0,1,0,1,0,0,26,1
1048,0,1,0,0,1,0,1,53,1
952,0,1,0,0,1,0,1,25,1
1120,0,0,1,0,1,0,0,32,1
124,1,0,0,0,1,0,0,33,1
1307,0,1,0,0,1,0,1,52,1
186,0,0,1,0,1,0,1,21,1
387,1,0,0,0,1,0,1,61,1
264,1,0,0,0,1,0,1,25,1
292,0,1,0,0,1,0,1,38,1
419,1,0,0,0,1,0,1,42,1
794,0,1,0,0,1,0,1,26,1
285,1,0,0,0,1,0,0,26,1
345,0,0,1,0,1,0,1,35,1
763,0,0,1,0,1,0,0,30,1
396,1,0,0,0,1,0,1,45,1
347,0,1,0,0,1,0,1,41,1
246,0,0,1,0,1,0,1,28,1
351,1,0,0,0,1,0,1,54,1
381,0,1,0,0,1,0,1,22,1
450,0,0,1,0,1,0,1,39,1
105,1,0,0,0,1,0,1,29,1
617,1,0,0,0,1,0,0,32,1
236,1,0,0,0,1,0,1,27,1
763,0,0,1,0,1,0,1,48,1
1059,0,0,1,0,1,0,1,27,1
345,0,0,1,0,1,0,1,38,1
1003,0,1,0,0,1,0,1,22,1
497,1,0,0,0,1,0,0,32,1
165,1,0,0,0,1,0,1,46,1
120,0,0,1,0,1,0,1,59,1
614,0,1,0,0,1,0,1,42,1
1141,0,0,1,0,1,0,1,20,1
6990,0,0,0,1,1,0,1,33,1
805,1,0,0,0,1,0,0,29,1
487,0,1,0,0,1,0,1,46,1
835,1,0,0,0,1,0,0,31,1
1278,0,1,0,0,1,0,1,22,1
1219,0,0,1,0,1,0,0,29,1
530,0,1,0,0,1,0,1,44,1
189,0,1,0,0,1,0,1,22,1
403,0,1,0,0,1,0,1,51,1
1481,1,0,0,0,1,0,0,49,1
413,1,0,0,0,1,0,1,38,1
447,0,1,0,0,1,0,1,30,1
468,0,1,0,0,1,0,0,25,1
251,0,1,0,0,1,0,1,46,1
822,0,0,1,0,1,0,1,42,1
350,0,1,0,0,1,0,0,47,1
279,0,1,0,0,1,0,1,28,1
655,0,0,1,0,1,0,1,23,1
240,0,1,0,0,1,0,1,60,1
500,0,0,1,0,1,0,0,38,1
825,0,0,1,0,1,0,1,28,1
818,0,1,0,0,1,0,1,36,1
683,0,0,1,0,1,0,1,34,1
484,1,0,0,0,1,0,1,45,1
1270,0,0,1,0,1,0,1,32,1
1694,0,0,1,0,1,0,1,35,1
546,0,1,0,0,1,0,1,51,1
259,0,1,0,0,1,0,1,46,1
242,0,1,0,0,1,0,1,49,1
352,0,0,1,0,1,0,0,34,1
429,0,0,1,0,1,0,0,47,1
1085,0,0,1,0,1,0,1,25,1
339,0,1,0,0,1,0,1,50,1
265,1,0,0,0,1,0,0,41,1
1638,1,0,0,0,1,0,1,34,1
336,0,1,0,0,1,0,0,33,1
112,0,0,1,0,1,0,1,40,1
790,0,0,1,0,1,0,1,25,1
321,0,0,1,0,1,0,1,53,1
5648,1,0,0,0,1,0,1,35,1
1587,0,0,1,0,1,0,0,56,1
319,1,0,0,0,1,0,0,28,1
497,1,0,0,0,1,0,1,32,1
256,0,1,0,0,1,0,0,27,1
756,0,1,0,0,1,0,0,23,1
637,0,0,1,0,1,0,1,35,1
539,1,0,0,0,1,0,1,27,1
923,0,0,1,0,1,0,0,42,1
532,0,0,0,1,1,0,1,41,1
202,0,1,0,0,1,0,1,50,1
579,0,0,1,0,1,0,1,33,1
391,1,0,0,0,1,0,1,43,1
573,0,1,0,0,1,0,0,49,1
402,0,0,1,0,1,0,1,21,1
368,1,0,0,0,1,0,1,30,1
796,0,1,0,0,1,0,0,44,1
487,0,1,0,0,1,0,1,28,1
653,0,0,1,0,1,0,1,45,1
367,0,1,0,0,1,0,0,29,1
233,1,0,0,0,1,0,1,37,1
762,1,0,0,0,1,0,1,37,1
374,0,1,0,0,1,0,0,59,1
406,0,1,0,0,1,0,0,41,1
341,1,0,0,0,1,0,1,37,1
337,0,1,0,0,1,0,1,46,1
246,0,0,1,0,1,0,1,54,1
320,1,0,0,0,1,0,1,26,1
981,0,0,1,0,1,0,1,32,1
736,0,1,0,0,1,0,0,30,1
488,0,0,1,0,1,0,1,26,1
604,1,0,0,0,1,0,1,51,1
165,0,1,0,0,1,0,1,21,1
471,1,0,0,0,1,0,1,41,1
9,0,1,0,0,1,0,1,55,1
1416,0,0,1,0,1,0,1,36,1
864,0,1,0,0,1,0,0,32,1
220,0,1,0,0,1,0,1,58,1
38,0,1,0,0,1,0,0,31,1
620,0,1,0,0,1,0,1,51,1
688,0,1,0,0,1,0,0,28,1
515,1,0,0,0,1,0,1,33,1
217,0,0,1,0,1,0,1,38,1
1485,0,1,0,0,1,0,1,31,1
1857,1,0,0,0,1,0,1,30,1
382,0,1,0,0,1,0,1,35,1
1111,0,1,0,0,1,0,1,32,1
805,0,1,0,0,1,0,1,50,1
522,0,1,0,0,1,0,1,38,1
365,0,0,1,0,1,0,1,28,1
636,0,1,0,0,1,0,0,56,1
1348,0,1,0,0,1,0,0,35,1
238,0,1,0,0,1,0,1,29,1
409,1,0,0,0,1,0,0,56,1
403,0,0,0,1,1,0,1,26,1
669,1,0,0,0,1,0,1,57,1
507,1,0,0,0,1,0,1,42,1
306,1,0,0,0,1,0,1,24,1
87,1,0,0,0,1,0,1,29,1
311,0,1,0,0,1,0,1,44,1
401,0,1,0,0,1,0,1,42,1
308,0,1,0,0,1,0,1,46,1
1188,0,0,1,0,0,1,0,21,2
457,1,0,0,0,0,1,0,28,2
1391,0,1,0,0,0,1,0,55,2
772,0,0,1,0,0,1,1,29,2
72,1,0,0,0,0,1,1,43,2
4,0,1,0,0,0,1,0,50,2
1370,0,0,1,0,0,1,0,27,2
527,0,1,0,0,0,1,1,32,2
742,1,0,0,0,0,1,0,26,2
741,0,0,1,0,0,1,1,27,2
1124,0,1,0,0,0,1,0,29,2
626,0,1,0,0,0,1,1,35,2
549,0,0,0,1,0,1,1,24,2
388,0,1,0,0,0,1,1,29,2
633,0,0,1,0,0,1,1,21,2
2139,0,1,0,0,0,1,0,29,2
1736,0,1,0,0,0,1,1,24,2
929,0,0,1,0,0,1,1,24,2
461,1,0,0,0,0,1,0,27,2
1357,1,0,0,0,0,1,1,27,2
1139,0,1,0,0,0,1,1,20,2
706,0,1,0,0,0,1,1,32,2
896,0,0,1,0,0,1,0,26,2
3,0,1,0,0,0,1,1,25,2
1372,0,1,0,0,0,1,1,37,2
1365,0,0,1,0,0,1,1,27,2
416,0,0,1,0,0,1,1,26,2
804,0,1,0,0,0,1,1,32,2
958,0,0,0,1,0,1,0,28,2
623,0,0,1,0,0,1,1,52,2
895,0,0,1,0,0,1,1,26,2
535,0,1,0,0,0,1,0,27,2
783,0,0,1,0,0,1,0,35,2
1011,1,0,0,0,0,1,1,38,2
1090,0,0,0,1,0,1,0,25,2
187,1,0,0,0,0,1,0,33,2
778,0,1,0,0,0,1,1,56,2
8,0,1,0,0,0,1,1,31,2
831,0,0,0,1,0,1,0,29,2
602,1,0,0,0,0,1,1,25,2
309,1,0,0,0,0,1,1,26,2
1125,0,0,0,1,0,1,1,26,2
1844,0,1,0,0,0,1,0,30,2
622,0,0,1,0,0,1,1,33,2
1074,0,0,0,1,0,1,1,35,2
170,0,1,0,0,0,1,1,53,2
698,0,1,0,0,0,1,1,19,2
2050,0,0,1,0,0,1,0,44,2
290,1,0,0,0,0,1,1,47,2
317,1,0,0,0,0,1,0,50,2
637,1,0,0,0,0,1,1,23,2
48,0,1,0,0,0,1,0,53,2
769,1,0,0,0,0,1,0,22,2
985,0,0,1,0,0,1,1,35,2
843,0,1,0,0,0,1,1,51,2
1205,0,1,0,0,0,1,0,44,2
427,0,1,0,0,0,1,1,31,2
1300,0,0,1,0,0,1,1,32,2
179,0,1,0,0,0,1,1,20,2
265,0,0,0,1,0,1,1,20,2
347,0,1,0,0,0,1,0,41,2
1210,0,0,1,0,0,1,0,50,2
367,0,0,1,0,0,1,1,23,2
509,0,0,1,0,0,1,1,27,2
621,0,1,0,0,0,1,0,24,2
301,0,1,0,0,0,1,0,31,2
641,0,1,0,0,0,1,0,27,2
929,0,1,0,0,0,1,1,26,2
952,0,0,1,0,0,1,1,25,2
651,0,0,0,1,0,1,1,51,2
1509,0,1,0,0,0,1,1,20,2
924,0,0,0,1,0,1,1,29,2
950,1,0,0,0,0,1,0,29,2
678,1,0,0,0,0,1,1,26,2
214,0,1,0,0,0,1,1,22,2
1042,0,1,0,0,0,1,0,30,2
166,1,0,0,0,0,1,1,41,2
353,0,0,1,0,0,1,1,57,2
1012,0,1,0,0,0,1,0,38,2
881,0,1,0,0,0,1,1,25,2
734,0,0,1,0,0,1,1,31,2
1168,0,1,0,0,0,1,1,26,2
194,0,1,0,0,0,1,0,36,2
181,0,1,0,0,0,1,1,27,2
963,0,1,0,0,0,1,1,43,2
491,0,1,0,0,0,1,0,32,2
790,1,0,0,0,0,1,1,36,2
500,0,1,0,0,0,1,1,33,2
471,0,0,1,0,0,1,1,23,2
438,0,1,0,0,0,1,1,67,2
851,0,0,1,0,0,1,1,33,2
550,0,1,0,0,0,1,1,25,2
612,0,0,1,0,0,1,1,34,2
379,0,0,1,0,0,1,1,23,2
548,0,0,0,1,0,1,1,35,2
756,0,1,0,0,0,1,1,36,2
449,0,1,0,0,0,1,1,41,2
441,0,1,0,0,0,1,1,28,2
121,1,0,0,0,0,1,0,47,2
991,1,0,0,0,0,1,0,28,2
963,0,1,0,0,0,1,1,48,2
557,0,1,0,0,0,1,1,29,2
916,0,1,0,0,0,1,1,21,2
398,1,0,0,0,0,1,1,27,2
990,0,1,0,0,0,1,0,38,2
29,0,1,0,0,0,1,0,50,2
1204,0,1,0,0,0,1,0,43,2
1037,0,1,0,0,0,1,1,39,2
213,0,1,0,0,0,1,1,23,2
771,0,1,0,0,0,1,0,26,2
195,0,1,0,0,0,1,1,20,2
333,1,0,0,0,0,1,1,23,2
251,0,1,0,0,0,1,1,30,2
1425,0,1,0,0,0,1,0,28,2
6,0,0,1,0,0,1,1,21,2
322,0,0,0,1,0,1,0,28,2
456,1,0,0,0,0,1,0,54,2
1292,0,0,1,0,0,1,1,30,2
232,1,0,0,0,0,1,0,28,2
912,0,1,0,0,0,1,0,29,2
1327,0,1,0,0,0,1,1,20,2
1320,0,1,0,0,0,1,1,25,2
746,0,0,0,1,0,1,1,26,2
344,0,0,1,0,0,1,1,37,2
175,0,0,1,0,0,1,1,21,2
1506,0,1,0,0,0,1,1,33,2
1730,0,0,1,0,0,1,1,25,2
278,0,1,0,0,0,1,0,47,2
408,1,0,0,0,0,1,1,41,2
1155,0,1,0,0,0,1,1,36,2
1129,0,1,0,0,0,1,1,30,2
1299,0,0,1,0,0,1,1,47,2
703,1,0,0,0,0,1,1,35,2
547,0,1,0,0,0,1,0,26,2
636,0,0,1,0,0,1,0,25,2
293,0,1,0,0,0,1,1,39,2
24033,1,0,0,0,0,1,1,41,2
1078,1,0,0,0,0,1,1,53,2
653,0,1,0,0,0,1,1,30,2
349,0,1,0,0,0,1,1,48,2
1094,0,1,0,0,0,1,1,28,2
737,1,0,0,0,0,1,0,34,2
433,0,0,0,1,0,1,1,28,2
409,0,1,0,0,0,1,1,26,2
601,0,0,0,1,0,1,1,29,2
1458,0,1,0,0,0,1,1,56,2
650,0,0,1,0,0,1,1,25,2
950,0,1,0,0,0,1,1,25,2
500,1,0,0,0,0,1,0,33,2
638,1,0,0,0,0,1,1,20,2
239,1,0,0,0,0,1,1,23,2
819,1,0,0,0,0,1,1,28,2
1677,1,0,0,0,0,1,0,45,2
3572,0,1,0,0,0,1,0,55,2
796,0,1,0,0,0,1,1,36,2
784,0,1,0,0,0,1,1,32,2
883,1,0,0,0,0,1,0,25,2
384,0,1,0,0,0,1,1,50,2
759,0,0,1,0,0,1,0,19,2
899,0,1,0,0,0,1,1,30,2
1299,0,1,0,0,0,1,1,26,2
379,1,0,0,0,0,1,1,24,2
1232,0,1,0,0,0,1,1,23,2
325,1,0,0,0,0,1,0,26,2
1214,0,1,0,0,0,1,0,26,2
13,1,0,0,0,0,1,1,56,2
380,1,0,0,0,0,1,1,43,2
564,0,0,1,0,0,1,1,27,2
942,0,1,0,0,0,1,1,22,2
674,1,0,0,0,0,1,0,21,2
329,0,1,0,0,0,1,1,50,2
258,0,1,0,0,0,1,0,28,2
273,0,0,1,0,0,1,1,66,2
1636,0,0,1,0,0,1,1,21,2
457,0,1,0,0,0,1,1,20,2
309,0,1,0,0,0,1,1,46,2
488,0,0,1,0,0,1,0,31,2
673,0,1,0,0,0,1,1,28,2
1028,0,1,0,0,0,1,1,25,2
26,0,0,1,0,0,1,0,32,2
1079,0,0,1,0,0,1,1,32,2
443,1,0,0,0,0,1,1,32,2
1247,0,0,0,1,0,1,1,25,2
453,0,1,0,0,0,1,1,24,2
373,0,1,0,0,0,1,1,30,2
866,0,0,1,0,0,1,1,32,2
382,0,1,0,0,0,1,1,25,2
313,1,0,0,0,0,1,0,21,2
239,0,1,0,0,0,1,1,19,2
778,1,0,0,0,0,1,0,30,2
1412,0,1,0,0,0,1,1,40,2
352,0,1,0,0,0,1,0,38,2
553,0,1,0,0,0,1,1,56,2
649,0,0,1,0,0,1,1,27,2
9,0,1,0,0,0,1,1,28,2
1335,0,0,1,0,0,1,1,28,2
1004,0,1,0,0,0,1,1,30,2
555,1,0,0,0,0,1,1,35,2
682,1,0,0,0,0,1,1,31,2
178,1,0,0,0,0,1,1,34,2
479,0,0,1,0,0,1,1,25,2
626,0,0,1,0,0,1,0,25,2
186,0,1,0,0,0,1,1,30,2
1407,1,0,0,0,0,1,1,37,2
1197,1,0,0,0,0,1,0,21,2
1146,1,0,0,0,0,1,1,45,2
713,0,1,0,0,0,1,1,22,2
545,0,0,1,0,0,1,1,38,2
1603,0,1,0,0,0,1,1,52,2
772,0,1,0,0,0,1,1,28,2
1447,0,1,0,0,0,1,0,27,2
650,0,1,0,0,0,1,1,22,2
699,0,0,0,1,0,1,1,31,2
661,0,1,0,0,0,1,0,27,2
258,0,0,1,0,0,1,0,20,2
1854,0,1,0,0,0,1,1,39,2
402,0,1,0,0,0,1,0,42,2
1561,0,1,0,0,0,1,0,44,2
922,0,0,1,0,0,1,1,37,2
764,0,0,1,0,0,1,1,30,2
367,1,0,0,0,0,1,1,28,2
346,0,1,0,0,0,1,1,32,2
493,0,1,0,0,0,1,1,28,2
448,1,0,0,0,0,1,0,30,2
578,0,1,0,0,0,1,0,38,2
233,0,1,0,0,0,1,1,30,2
1407,0,1,0,0,0,1,0,29,2
464,0,1,0,0,0,1,1,45,2
293,1,0,0,0,0,1,0,26,2
1595,0,1,0,0,0,1,1,24,2
1084,0,1,0,0,0,1,1,27,2
1561,0,1,0,0,0,1,1,38,2
282,0,1,0,0,0,1,1,37,2
384,0,0,1,0,0,1,1,27,2
154,0,0,0,1,0,1,1,39,2
1341,1,0,0,0,0,1,1,24,2
188,1,0,0,0,0,1,1,33,2
415,0,0,1,0,0,1,1,26,2
534,1,0,0,0,0,1,0,33,2
941,0,0,1,0,0,1,0,29,2
342,1,0,0,0,0,1,1,24,2
301,0,0,1,0,0,1,1,34,2
438,0,0,0,1,0,1,1,27,2
1164,0,0,1,0,0,1,0,28,2
9,1,0,0,0,0,1,1,25,2
1003,0,0,1,0,0,1,1,20,2
1055,0,1,0,0,0,1,1,24,2
1537,0,1,0,0,0,1,1,36,2
229,0,1,0,0,0,1,1,21,2
455,0,0,0,1,0,1,1,31,2
484,1,0,0,0,0,1,0,25,2
1028,1,0,0,0,0,1,1,36,2
190,0,1,0,0,0,1,1,53,2
1630,0,0,1,0,0,1,0,28,2
644,0,0,1,0,0,1,1,31,2
368,0,0,1,0,0,1,1,27,2
930,0,1,0,0,0,1,1,56,2
3146,0,1,0,0,0,1,1,36,2
239,0,1,0,0,0,1,1,19,2
306,0,1,0,0,0,1,1,31,2
810,1,0,0,0,0,1,1,26,2
715,1,0,0,0,0,1,1,27,2
450,0,0,1,0,0,1,1,30,2
807,1,0,0,0,0,1,0,56,2
368,0,0,0,1,0,1,0,28,2
229,0,0,1,0,0,1,1,24,2
805,0,1,0,0,0,1,1,51,2
860,0,1,0,0,0,1,1,26,2
558,0,1,0,0,0,1,1,27,2
1739,0,1,0,0,0,1,1,30,2
1159,0,1,0,0,0,1,1,28,2
921,0,1,0,0,0,1,1,56,2
12,0,0,0,1,0,1,1,25,2
322,0,1,0,0,0,1,0,20,2
719,1,0,0,0,0,1,1,26,2
534,0,1,0,0,0,1,1,27,2
609,0,1,0,0,0,1,1,50,2
1097,0,1,0,0,0,1,1,34,2
366,0,0,1,0,0,1,1,31,2
1284,1,0,0,0,0,1,1,25,2
1022,0,1,0,0,0,1,0,33,2
528,0,1,0,0,0,1,1,25,2
1254,0,1,0,0,0,1,0,51,2
1961,0,1,0,0,0,1,0,22,2
348,1,0,0,0,0,1,1,32,2
1477,0,0,0,1,0,1,0,25,2
311,0,0,1,0,0,1,1,44,2
1181,1,0,0,0,0,1,0,39,2
1720,1,0,0,0,0,1,1,25,2
1069,0,1,0,0,0,1,0,26,2
692,0,1,0,0,0,1,1,24,2
1070,1,0,0,0,0,1,0,25,2
873,0,1,0,0,0,1,1,56,2
1501,0,1,0,0,0,1,1,28,2
1417,0,1,0,0,0,1,1,27,2
813,0,1,0,0,0,1,0,28,2
376,0,0,1,0,0,1,1,23,2
775,0,1,0,0,0,1,0,50,2
2266,0,0,0,1,0,1,1,58,2
1541,0,1,0,0,0,1,1,35,2
345,0,0,0,1,0,1,1,24,2
907,0,0,1,0,0,1,0,27,2
356,1,0,0,0,0,1,1,28,2
506,0,0,1,0,0,1,1,26,2
719,0,1,0,0,0,1,1,23,2
623,0,0,1,0,0,1,1,34,2
1185,0,1,0,0,0,1,1,26,2
548,1,0,0,0,0,1,1,29,2
202,0,1,0,0,0,1,1,35,2
506,0,1,0,0,0,1,1,34,2
736,0,1,0,0,0,1,0,24,2
665,0,1,0,0,0,1,0,27,2
1871,0,0,1,0,0,1,1,27,2
535,1,0,0,0,0,1,1,25,2
440,0,1,0,0,0,1,1,25,2
159,0,0,1,0,0,1,1,20,2
343,0,0,0,1,0,1,0,29,2
393,0,1,0,0,0,1,1,58,2
343,1,0,0,0,0,1,1,31,2
942,0,0,1,0,0,1,0,35,2
469,0,0,1,0,0,1,0,22,2
804,0,0,1,0,0,1,1,29,2
1192,0,0,1,0,0,1,1,32,2
986,0,0,1,0,0,1,1,22,2
590,1,0,0,0,0,1,0,47,2
511,0,1,0,0,0,1,1,35,2
842,0,0,1,0,0,1,1,33,2
350,0,0,1,0,0,1,1,40,2
701,0,0,1,0,0,1,1,23,2
526,0,0,1,0,0,1,1,25,2
185,1,0,0,0,0,1,1,25,2
1941,1,0,0,0,0,1,1,40,2
1331,0,1,0,0,0,1,0,57,2
268,0,0,0,1,0,1,1,29,2
968,0,0,0,1,0,1,1,27,2
523,0,1,0,0,0,1,1,23,2
580,0,0,1,0,0,1,1,27,2
1386,0,1,0,0,0,1,1,33,2
1090,0,1,0,0,0,1,1,28,2
1152,0,1,0,0,0,1,1,40,2
1311,1,0,0,0,0,1,1,32,2
683,0,1,0,0,0,1,0,30,2
733,0,0,1,0,0,1,0,22,2
712,0,1,0,0,0,1,0,24,2
1741,0,0,1,0,0,1,0,53,2
553,0,0,1,0,0,1,1,24,2
1146,0,0,1,0,0,1,0,34,2
150,0,1,0,0,0,1,1,20,2
458,0,1,0,0,0,1,1,29,2
4307,0,0,1,0,0,1,1,29,2
193,0,0,0,1,0,1,0,27,2
272,0,1,0,0,0,1,1,30,2
618,0,0,1,0,0,1,1,35,2
385,0,1,0,0,0,1,1,28,2
250,0,0,0,1,0,1,1,24,2
1395,1,0,0,0,0,1,1,30,2
943,0,0,1,0,0,1,1,33,2
1505,0,1,0,0,0,1,1,23,2
671,0,1,0,0,0,1,1,29,2
870,0,1,0,0,0,1,0,32,2
1559,0,0,1,0,0,1,0,38,2
2389,0,1,0,0,0,1,1,25,2
751,0,0,1,0,0,1,1,19,2
624,1,0,0,0,0,1,1,34,2
213,0,0,1,0,0,1,0,23,2
377,1,0,0,0,0,1,0,25,2
8,0,1,0,0,0,1,0,27,2
1229,1,0,0,0,0,1,1,40,2
1695,0,1,0,0,0,1,1,57,2
382,0,1,0,0,0,1,1,26,2
620,0,0,1,0,0,1,0,37,2
8,0,0,1,0,0,1,1,34,2
1314,0,1,0,0,0,1,0,39,2
341,0,1,0,0,0,1,0,26,2
222,1,0,0,0,0,1,1,41,2
654,0,0,1,0,0,1,1,59,2
582,1,0,0,0,0,1,1,31,2
662,0,0,1,0,0,1,0,36,2
669,0,0,1,0,0,1,1,57,2
376,0,1,0,0,0,1,1,23,2
724,0,1,0,0,0,1,0,25,2
522,0,1,0,0,0,1,0,54,2
638,0,0,1,0,0,1,1,50,2
1261,0,1,0,0,0,1,1,40,2
402,0,1,0,0,0,1,1,19,2
510,0,0,1,0,0,1,0,20,2
741,0,0,1,0,0,1,0,31,2
1248,1,0,0,0,0,1,1,29,2
778,0,1,0,0,0,1,0,54,2
899,0,1,0,0,0,1,1,19,2
623,0,1,0,0,0,1,1,24,2
361,0,1,0,0,0,1,0,25,2
934,0,1,0,0,0,1,0,57,2
718,0,0,1,0,0,1,0,25,2
3506,0,1,0,0,0,1,1,28,2
847,0,1,0,0,0,1,0,28,2
258,0,1,0,0,0,1,1,42,2
138,0,0,1,0,0,1,1,43,2
1073,0,1,0,0,0,1,1,23,2
1215,0,1,0,0,0,1,1,39,2
958,0,1,0,0,0,1,0,27,2
4277,0,0,1,0,0,1,1,23,2
574,1,0,0,0,0,1,1,54,2
537,0,1,0,0,0,1,1,22,2
707,0,1,0,0,0,1,1,34,2
620,1,0,0,0,0,1,1,26,2
1068,0,1,0,0,0,1,1,25,2
336,1,0,0,0,0,1,0,38,2
1339,0,1,0,0,0,1,1,41,2
965,0,1,0,0,0,1,1,26,2
190,0,0,1,0,0,1,0,23,2
218,0,0,1,0,0,1,1,27,2
1241,1,0,0,0,0,1,0,27,2
4128,0,1,0,0,0,1,0,25,2
1028,1,0,0,0,0,1,1,34,2
405,0,1,0,0,0,1,1,29,2
968,0,0,1,0,0,1,1,26,2
2066,0,0,1,0,0,1,1,29,2
505,0,0,1,0,0,1,1,26,2
420,1,0,0,0,0,1,0,43,2
435,1,0,0,0,0,1,1,29,2
282,0,1,0,0,0,1,1,34,2
399,0,1,0,0,0,1,0,25,2
484,1,0,0,0,0,1,1,28,2
278,1,0,0,0,0,1,1,27,2
891,0,0,0,1,0,1,1,23,2
237,1,0,0,0,0,1,1,53,2
789,0,1,0,0,0,1,0,25,2
465,0,1,0,0,0,1,1,35,2
423,0,1,0,0,0,1,1,29,2
1654,0,0,1,0,0,1,1,37,2
221,0,1,0,0,0,1,0,46,2
1188,0,1,0,0,0,1,1,26,2
367,0,1,0,0,0,1,1,24,2
782,1,0,0,0,0,1,0,36,2
300,0,1,0,0,0,1,1,29,2
1085,0,1,0,0,0,1,1,23,2
1263,0,1,0,0,0,1,0,49,2
1567,0,1,0,0,0,1,0,27,2
468,0,0,1,0,0,1,0,20,2
164,0,1,0,0,0,1,1,44,2
439,1,0,0,0,0,1,1,26,2
545,0,0,0,1,0,1,0,27,2
766,1,0,0,0,0,1,1,67,2
723,1,0,0,0,0,1,0,56,2
922,0,0,1,0,0,1,1,28,2
297,0,1,0,0,0,1,1,20,2
1477,0,1,0,0,0,1,0,33,2
890,0,0,1,0,0,1,1,22,2
318,0,1,0,0,0,1,0,25,2
261,0,0,1,0,0,1,0,28,2
864,0,0,1,0,0,1,0,28,2
304,0,0,1,0,0,1,1,31,2
1052,0,1,0,0,0,1,1,56,2
1251,0,1,0,0,0,1,0,24,2
421,1,0,0,0,0,1,1,25,2
792,1,0,0,0,0,1,1,31,2
530,1,0,0,0,0,1,0,56,2
578,0,0,1,0,0,1,1,25,2
630,0,0,1,0,0,1,1,36,2
310,0,1,0,0,0,1,1,27,2
323,0,1,0,0,0,1,1,46,2
467,0,0,1,0,0,1,0,20,2
2066,0,1,0,0,0,1,1,25,2
849,0,0,0,1,0,1,1,38,2
422,0,1,0,0,0,1,1,34,2
1486,1,0,0,0,0,1,0,49,2
275,1,0,0,0,0,1,1,33,2
152,0,1,0,0,0,1,1,30,2
829,0,1,0,0,0,1,1,32,2
217,0,1,0,0,0,1,1,24,2
795,0,1,0,0,0,1,1,23,2
8093,0,1,0,0,0,1,1,28,2
450,1,0,0,0,0,1,1,27,2
484,1,0,0,0,0,1,1,22,2
477,0,1,0,0,0,1,1,29,2
507,0,0,1,0,0,1,1,31,2
501,0,1,0,0,0,1,1,23,2
259,1,0,0,0,0,1,1,19,2
296,0,1,0,0,0,1,1,27,2
605,0,0,1,0,0,1,0,31,2
2862,0,1,0,0,0,1,0,49,2
821,1,0,0,0,0,1,1,60,2
263,0,1,0,0,0,1,1,45,2
311,0,0,0,1,0,1,1,30,2
384,0,0,1,0,0,1,0,25,2
1624,0,0,1,0,0,1,0,56,2
1428,0,1,0,0,0,1,1,23,2
474,0,1,0,0,0,1,1,27,2
1712,0,1,0,0,0,1,1,29,2
212,1,0,0,0,0,1,0,24,2
1774,0,1,0,0,0,1,1,41,2
505,1,0,0,0,0,1,1,25,2
1176,0,1,0,0,0,1,1,56,2
694,0,1,0,0,0,1,1,27,2
1737,1,0,0,0,0,1,0,35,2
337,0,1,0,0,0,1,1,23,2
447,1,0,0,0,0,1,1,36,2
38,0,0,0,1,0,1,1,21,2
493,0,1,0,0,0,1,1,35,2
571,1,0,0,0,0,1,1,32,2
324,1,0,0,0,0,1,1,24,2
733,1,0,0,0,0,1,0,42,2
841,0,1,0,0,0,1,1,30,2
252,0,0,1,0,0,1,0,30,2
643,0,1,0,0,0,1,1,25,2
636,0,1,0,0,0,1,1,32,2
524,0,1,0,0,0,1,1,22,2
359,0,0,1,0,0,1,1,30,2
401,0,1,0,0,0,1,0,42,2
996,0,1,0,0,0,1,0,30,2
796,1,0,0,0,0,1,0,34,2
638,1,0,0,0,0,1,1,31,2
1208,0,0,1,0,0,1,1,23,2
782,0,1,0,0,0,1,1,29,2
851,0,0,1,0,0,1,1,28,2
38,1,0,0,0,0,1,1,39,2
709,1,0,0,0,0,1,1,32,2
199,1,0,0,0,0,1,1,54,2
2142,0,1,0,0,0,1,1,32,2
373,0,0,1,0,0,1,0,30,2
614,1,0,0,0,0,1,1,28,2
670,1,0,0,0,0,1,1,32,2
1444,1,0,0,0,0,1,0,30,2
1366,0,1,0,0,0,1,1,29,2
365,1,0,0,0,0,1,0,45,2
3487,0,1,0,0,0,1,1,27,2
788,0,1,0,0,0,1,1,20,2
1556,0,0,1,0,0,1,0,23,2
385,0,1,0,0,0,1,0,24,2
149,0,0,1,0,0,1,0,21,2
267,0,0,1,0,0,1,0,33,2
529,0,1,0,0,0,1,1,45,2
297,0,1,0,0,0,1,1,29,2
637,0,0,1,0,0,1,0,27,2
431,1,0,0,0,0,1,1,25,2
190,0,1,0,0,0,1,0,34,2
461,0,1,0,0,0,1,1,24,2
318,0,1,0,0,0,1,0,26,2
433,1,0,0,0,0,1,1,26,2
199,0,0,0,1,0,1,1,31,2
829,0,1,0,0,0,1,1,22,2
2073,0,1,0,0,0,1,1,39,2
271,0,1,0,0,0,1,1,25,2
811,1,0,0,0,0,1,1,33,2
2002,0,1,0,0,0,1,0,31,2
799,0,1,0,0,0,1,1,31,2
361,1,0,0,0,0,1,1,26,2
885,0,0,1,0,0,1,1,25,2
284,0,1,0,0,0,1,0,29,2
1045,0,1,0,0,0,1,0,25,2
245,1,0,0,0,0,1,1,52,2
434,0,1,0,0,0,1,1,29,2
293,1,0,0,0,0,1,0,53,2
228,1,0,0,0,0,1,0,33,2
501,0,0,1,0,0,1,1,29,2
372,0,0,1,0,0,1,1,31,2
1010,0,0,1,0,0,1,0,24,2
729,0,1,0,0,0,1,1,24,2
1504,0,1,0,0,0,1,1,34,2
1230,0,0,0,1,0,1,0,27,2
268,0,1,0,0,0,1,1,29,2
320,0,1,0,0,0,1,1,43,2
1220,0,1,0,0,0,1,1,32,2
797,0,1,0,0,0,1,0,28,2
1456,0,1,0,0,0,1,1,26,2
101,0,0,1,0,0,1,0,32,2
1216,0,0,0,1,0,1,1,26,2
914,0,1,0,0,0,1,1,33,2
266,1,0,0,0,0,1,1,35,2
406,0,0,1,0,0,1,1,31,2
370,1,0,0,0,0,1,1,24,2
647,0,0,1,0,0,1,1,53,2
365,1,0,0,0,0,1,0,34,2
1032,0,1,0,0,0,1,0,40,2
1119,1,0,0,0,0,1,1,53,2
1219,0,0,0,1,0,1,0,30,2
3478,0,1,0,0,0,1,1,28,2
813,1,0,0,0,0,1,0,27,2
385,1,0,0,0,0,1,0,33,2
1231,0,1,0,0,0,1,1,29,2
536,0,1,0,0,0,1,1,29,2
375,1,0,0,0,0,1,1,32,2
1465,0,1,0,0,0,1,1,31,2
536,0,0,1,0,0,1,1,43,2
1448,0,1,0,0,0,1,1,28,2
1483,0,0,1,0,0,1,0,28,2
2309,0,1,0,0,0,1,1,48,2
310,0,1,0,0,0,1,1,41,2
452,0,1,0,0,0,1,0,42,2
540,1,0,0,0,0,1,1,25,2
1635,0,1,0,0,0,1,1,58,2
803,0,0,0,1,0,1,0,28,2
335,1,0,0,0,0,1,0,23,2
687,0,1,0,0,0,1,0,33,2
1169,0,0,1,0,0,1,0,28,2
440,1,0,0,0,0,1,0,30,2
1150,0,1,0,0,0,1,1,34,2
777,0,1,0,0,0,1,0,25,2
229,0,1,0,0,0,1,1,29,2
615,0,0,1,0,0,1,1,32,2
222,0,1,0,0,0,1,1,58,2
1445,0,1,0,0,0,1,1,43,2
439,0,1,0,0,0,1,1,35,2
2680,0,1,0,0,0,1,1,31,2
547,0,0,1,0,0,1,0,23,2
262,0,0,1,0,0,1,1,24,2
2058,0,1,0,0,0,1,0,24,2
380,0,1,0,0,0,1,1,38,2
281,0,1,0,0,0,1,1,30,2
316,0,0,1,0,0,1,0,32,2
455,1,0,0,0,0,1,1,35,2
69,1,0,0,0,0,1,1,57,2
563,0,0,1,0,0,1,1,60,2
363,0,0,1,0,0,1,1,39,2
343,0,0,1,0,0,1,0,27,2
4221,1,0,0,0,0,1,0,47,2
615,0,0,0,1,0,1,0,20,2
1498,1,0,0,0,0,1,1,42,2
1203,0,0,1,0,0,1,1,59,2
876,0,1,0,0,0,1,1,36,2
923,0,1,0,0,0,1,0,30,2
218,0,0,1,0,0,1,0,25,2
477,0,1,0,0,0,1,1,42,2
415,1,0,0,0,0,1,0,29,2
323,0,1,0,0,0,1,1,27,2
632,0,1,0,0,0,1,1,26,2
429,1,0,0,0,0,1,1,28,2
1032,0,1,0,0,0,1,1,29,2
637,0,0,1,0,0,1,0,23,2
403090,0,1,0,0,1,0,0,26,2
346,0,1,0,0,0,1,1,34,2
197,0,1,0,0,0,1,1,28,2
501,0,1,0,0,0,1,1,31,2
962,0,1,0,0,0,1,1,55,2
1150,0,1,0,0,0,1,1,24,2
607,0,0,1,0,0,1,1,41,2
905,1,0,0,0,0,1,1,27,2
1088,0,0,1,0,0,1,1,29,2
1088,0,0,1,0,0,1,1,29,2
1375,0,0,1,0,0,1,1,43,2
598,1,0,0,0,0,1,1,57,2
1347,0,1,0,0,0,1,1,42,2
2367,0,1,0,0,0,1,1,39,2
628,0,1,0,0,0,1,1,29,2
694,0,1,0,0,0,1,1,25,2
1114,0,1,0,0,0,1,1,29,2
556,1,0,0,0,0,1,0,32,2
1073,0,1,0,0,0,1,1,28,2
879,0,1,0,0,0,1,1,24,2
736,0,1,0,0,0,1,0,26,2
465,0,1,0,0,0,1,1,30,2
1253,0,0,1,0,0,1,1,26,2
1165,0,1,0,0,0,1,1,35,2
921,0,1,0,0,0,1,0,28,2
308,0,1,0,0,0,1,1,18,2
360,1,0,0,0,0,1,1,29,2
1060,0,1,0,0,0,1,1,28,2
1102,0,0,0,1,0,1,1,33,2
333,0,1,0,0,0,1,0,33,2
238,0,1,0,0,0,1,1,56,2
476,0,1,0,0,0,1,0,42,2
828,0,0,1,0,0,1,1,24,2
476,0,1,0,0,0,1,1,33,2
1091,0,1,0,0,0,1,0,49,2
365,0,0,1,0,0,1,1,26,2
1040,0,0,1,0,0,1,1,32,2
2590,1,0,0,0,0,1,1,25,2
15823,1,0,0,0,0,1,1,21,2
575,0,0,1,0,0,1,1,30,2
267,0,1,0,0,0,1,1,27,2
10,1,0,0,0,0,1,1,27,2
895,0,1,0,0,0,1,1,55,2
1095,0,1,0,0,0,1,0,25,2
468,0,1,0,0,0,1,1,24,2
576,1,0,0,0,0,1,1,29,2
668,0,0,1,0,0,1,1,26,2
413,0,0,1,0,0,1,1,24,2
859,0,1,0,0,0,1,1,25,2
130,0,1,0,0,0,1,1,33,2
1088,0,1,0,0,0,1,1,23,2
696,0,0,1,0,0,1,1,30,2
603,0,1,0,0,0,1,1,29,2
454,1,0,0,0,0,1,1,25,2
460,1,0,0,0,0,1,1,41,2
899,0,0,1,0,0,1,1,25,2
951,0,0,1,0,0,1,1,28,2
286,0,1,0,0,0,1,1,26,2
204,0,0,0,1,0,1,1,23,2
948,0,1,0,0,0,1,0,53,2
587,0,1,0,0,0,1,1,24,2
1483,0,1,0,0,0,1,1,41,2
451,1,0,0,0,0,1,1,56,2
682,0,1,0,0,0,1,0,30,2
2015,0,1,0,0,0,1,1,46,2
650,0,0,1,0,0,1,1,28,2
414,0,0,1,0,0,1,1,30,2
489,0,0,0,1,0,1,0,22,2
354,0,1,0,0,0,1,1,32,2
1139,0,1,0,0,0,1,0,25,2
254,0,1,0,0,0,1,0,26,2
651,0,1,0,0,0,1,1,31,2
437,1,0,0,0,0,1,1,27,2
548,1,0,0,0,0,1,1,25,2
684,0,0,0,1,0,1,1,26,2
795,0,0,1,0,0,1,0,37,2
837,1,0,0,0,0,1,1,23,2
1199,0,0,1,0,0,1,1,21,2
369,1,0,0,0,0,1,1,31,2
815,0,1,0,0,0,1,0,26,2
308,0,1,0,0,0,1,1,31,2
369,0,1,0,0,0,1,1,32,2
534,0,1,0,0,0,1,1,24,2
543,0,0,0,1,0,1,1,23,2
310,1,0,0,0,0,1,0,20,2
533,0,1,0,0,0,1,0,45,2
651,1,0,0,0,0,1,0,33,2
1141,0,0,0,1,0,1,1,54,2
3,1,0,0,0,0,1,1,36,2
756,0,1,0,0,0,1,0,33,2
716,0,1,0,0,0,1,1,33,2
184,0,0,0,1,0,1,1,24,2
343,0,1,0,0,0,1,0,27,2
620,0,1,0,0,0,1,1,29,2
705,0,0,1,0,0,1,1,28,2
639,0,1,0,0,0,1,0,31,2
1007,0,0,1,0,0,1,1,28,2
758,1,0,0,0,0,1,0,31,2
1376,0,0,1,0,0,1,1,22,2
965,0,1,0,0,0,1,0,34,2
885,0,1,0,0,0,1,1,25,2
669,1,0,0,0,0,1,0,41,2
1365,0,1,0,0,0,1,1,26,2
288,1,0,0,0,0,1,0,29,2
418,1,0,0,0,0,1,1,25,2
1526,0,0,1,0,0,1,1,20,2
1238,0,1,0,0,0,1,1,28,2
1064,0,0,1,0,0,1,1,30,2
320,0,1,0,0,0,1,0,31,2
1376,0,1,0,0,0,1,0,56,2
672,1,0,0,0,0,1,1,50,2
503,0,0,1,0,0,1,0,20,2
799,0,1,0,0,0,1,1,34,2
1078,0,1,0,0,0,1,1,56,2
601,0,0,0,1,0,1,1,24,2
802,0,0,1,0,0,1,1,24,2
914,1,0,0,0,0,1,0,38,2
715,1,0,0,0,0,1,1,26,2
809,0,1,0,0,0,1,1,27,2
352,0,1,0,0,0,1,1,32,2
672,0,1,0,0,0,1,1,28,2
347,0,0,1,0,0,1,1,32,2
1195,0,1,0,0,0,1,0,42,2
1128,0,0,1,0,0,1,1,22,2
980,0,1,0,0,0,1,0,56,2
294,1,0,0,0,0,1,1,51,2
1208,1,0,0,0,0,1,1,27,2
481,0,0,1,0,0,1,0,27,2
1061,0,1,0,0,0,1,1,25,2
171,1,0,0,0,0,1,1,29,2
346,0,1,0,0,0,1,1,50,2
2148,1,0,0,0,0,1,1,28,2
1329,0,1,0,0,0,1,1,34,2
528,0,0,1,0,0,1,1,41,2
1053,1,0,0,0,0,1,1,30,2
612,0,1,0,0,0,1,1,37,2
1123,0,1,0,0,0,1,0,25,2
210,0,1,0,0,0,1,1,28,2
1234,0,0,0,1,0,1,1,25,2
492,0,0,0,1,0,1,1,34,2
1015,0,0,1,0,0,1,0,21,2
747,0,0,0,1,0,1,1,56,2
568,0,1,0,0,0,1,1,38,2
1312,0,1,0,0,0,1,0,35,2
191,0,1,0,0,0,1,1,30,2
3558,0,1,0,0,0,1,1,29,2
2442,0,1,0,0,0,1,0,29,2
601,0,0,0,1,0,1,1,27,2
482,0,1,0,0,0,1,0,26,2
562,0,1,0,0,0,1,0,28,2
582,1,0,0,0,0,1,1,33,2
832,0,1,0,0,0,1,0,34,2
121,0,0,1,0,0,1,1,28,2
259,1,0,0,0,0,1,0,42,2
651,0,1,0,0,0,1,1,33,2
265,1,0,0,0,0,1,1,30,2
534,0,1,0,0,0,1,0,28,2
456,0,1,0,0,0,1,1,33,2
196,0,0,1,0,0,1,1,21,2
1040,0,0,1,0,0,1,1,26,2
790,0,1,0,0,0,1,1,29,2
251,0,1,0,0,0,1,1,53,2
825,0,1,0,0,0,1,1,35,2
572,0,0,0,1,0,1,1,23,2
765,0,0,1,0,0,1,1,56,2
660,0,1,0,0,0,1,0,29,2
300,0,1,0,0,0,1,1,21,2
485,0,1,0,0,0,1,0,27,2
509,0,0,1,0,0,1,1,41,2
1031,1,0,0,0,0,1,0,43,2
352,0,1,0,0,0,1,0,21,2
434,0,1,0,0,0,1,1,50,2
1672,0,1,0,0,0,1,0,37,2
579,0,0,1,0,0,1,1,22,2
440,0,1,0,0,0,1,1,25,2
1077,0,0,1,0,0,1,1,31,2
359,0,1,0,0,0,1,1,66,2
355,1,0,0,0,0,1,1,27,2
566,0,1,0,0,0,1,0,29,2
391,0,0,1,0,0,1,1,23,2
847,0,1,0,0,0,1,0,25,2
563,0,0,1,0,0,1,1,26,2
1172,0,0,1,0,0,1,1,26,2
308,1,0,0,0,0,1,1,26,2
449,0,0,1,0,0,1,1,21,2
1190,0,1,0,0,0,1,0,31,2
345,0,1,0,0,0,1,0,23,2
829,0,1,0,0,0,1,0,57,2
832,1,0,0,0,0,1,1,22,2
269,0,1,0,0,0,1,1,25,2
1234,0,1,0,0,0,1,1,26,2
728,0,1,0,0,0,1,1,34,2
919,0,1,0,0,0,1,1,55,2
1326,0,1,0,0,0,1,0,25,2
412,0,0,1,0,0,1,1,26,2
465,1,0,0,0,0,1,1,38,2
1485,0,1,0,0,0,1,1,56,2
480,0,0,1,0,0,1,1,20,2
1504,0,1,0,0,0,1,1,60,2
1522,0,0,1,0,0,1,1,46,2
308,0,1,0,0,0,1,1,40,2
1058,0,1,0,0,0,1,1,36,2
523,0,0,1,0,0,1,1,35,2
338,0,1,0,0,0,1,1,28,2
1001,0,0,0,1,0,1,1,29,2
833,0,1,0,0,0,1,1,23,2
1343,1,0,0,0,0,1,1,35,2
833,0,1,0,0,0,1,0,33,2
1414,0,1,0,0,0,1,1,26,2
445,1,0,0,0,0,1,0,42,2
977,0,1,0,0,0,1,1,39,2
1028,0,1,0,0,0,1,1,18,2
22,0,0,1,0,0,1,1,33,2
512,0,1,0,0,0,1,1,29,2
1589,1,0,0,0,0,1,0,65,2
170,0,0,1,0,0,1,1,21,2
1059,0,1,0,0,0,1,1,56,2
433,0,1,0,0,0,1,1,28,2
348,1,0,0,0,0,1,0,45,2
1519,0,0,1,0,0,1,1,29,2
1345,1,0,0,0,0,1,0,63,2
745,0,1,0,0,0,1,1,31,2
962,0,1,0,0,0,1,0,27,2
343,0,1,0,0,0,1,0,23,2
128,0,0,1,0,0,1,1,29,2
1519,0,0,1,0,0,1,1,31,2
852,0,1,0,0,0,1,0,26,2
721,1,0,0,0,0,1,0,47,2
1049,0,0,1,0,0,1,0,21,2
420,0,1,0,0,0,1,1,28,2
310,1,0,0,0,0,1,1,21,2
1041,0,0,1,0,0,1,1,27,2
267,0,0,1,0,0,1,1,60,2
320,0,0,1,0,0,1,1,31,2
328,0,0,1,0,0,1,1,20,2
334,0,0,1,0,0,1,1,20,2
549,0,0,0,1,0,1,1,22,2
937,0,0,1,0,0,1,0,27,2
159,0,0,1,0,0,1,1,26,2
477,0,1,0,0,0,1,0,31,2
742,0,1,0,0,0,1,1,25,2
3947,1,0,0,0,0,1,0,46,2
512,0,0,1,0,0,1,1,59,2
3,0,1,0,0,0,1,1,27,2
794,0,1,0,0,0,1,0,57,2
383,0,0,1,0,0,1,0,31,2
289,0,0,0,1,0,1,1,32,2
284,0,0,0,1,0,1,0,24,2
1187,0,0,1,0,0,1,1,44,2
223,0,1,0,0,0,1,1,28,2
34,0,0,0,1,0,1,1,27,2
235,0,1,0,0,0,1,1,27,2
772,0,1,0,0,0,1,0,20,2
353,1,0,0,0,0,1,1,32,2
1186,0,0,1,0,0,1,1,27,2
449,0,1,0,0,0,1,1,27,2
855,0,1,0,0,0,1,1,21,2
1590,0,1,0,0,0,1,0,29,2
478,0,1,0,0,0,1,0,26,2
1025,0,0,1,0,0,1,1,18,2
254,1,0,0,0,0,1,1,26,2
312,1,0,0,0,0,1,1,46,2
1493,0,1,0,0,0,1,1,56,2
757,0,0,1,0,0,1,1,30,2
534,0,0,0,1,0,1,1,31,2
103,1,0,0,0,0,1,1,28,2
1384,1,0,0,0,0,1,1,58,2
924,1,0,0,0,0,1,1,26,2
890,1,0,0,0,0,1,1,41,2
131,1,0,0,0,0,1,1,19,2
129,0,0,0,1,0,1,1,24,2
429,0,1,0,0,0,1,0,20,2
220,0,1,0,0,0,1,0,27,2
183,0,1,0,0,0,1,1,26,2
965,0,1,0,0,0,1,1,36,2
550,0,1,0,0,0,1,1,27,2
479,0,1,0,0,0,1,1,24,2
337,0,1,0,0,0,1,1,23,2
1315,0,1,0,0,0,1,0,28,2
455,1,0,0,0,0,1,0,55,2
229,0,1,0,0,0,1,1,26,2
480,0,0,0,1,0,1,1,30,2
1254,0,1,0,0,0,1,0,23,2
663,0,1,0,0,0,1,1,31,2
708,0,0,1,0,0,1,0,30,2
351,0,1,0,0,0,1,1,25,2
482,0,1,0,0,0,1,0,33,2
417,0,1,0,0,0,1,0,31,2
474,0,1,0,0,0,1,1,29,2
579,0,1,0,0,0,1,1,21,2
901,0,1,0,0,0,1,1,36,2
410,1,0,0,0,0,1,1,25,2
644,0,1,0,0,0,1,1,22,2
781,1,0,0,0,0,1,0,30,2
494,0,1,0,0,0,1,0,42,2
1028,0,0,1,0,0,1,1,21,2
1328,0,1,0,0,0,1,0,37,2
8,0,0,1,0,0,1,1,25,2
402,0,0,1,0,0,1,1,22,2
353,0,1,0,0,0,1,1,48,2
456,0,0,1,0,0,1,1,30,2
1462,1,0,0,0,0,1,0,30,2
372,0,0,1,0,0,1,1,37,2
2486,0,1,0,0,0,1,1,49,2
644,1,0,0,0,0,1,1,25,2
669,0,1,0,0,0,1,1,43,2
2012,0,1,0,0,0,1,1,51,2
312,1,0,0,0,0,1,0,27,2
359,0,1,0,0,0,1,1,32,2
317,1,0,0,0,0,1,1,29,2
695,0,0,1,0,0,1,1,30,2
438,0,0,0,1,0,1,1,28,2
199,0,1,0,0,0,1,1,39,2
541,0,0,0,1,0,1,1,53,2
366,0,1,0,0,0,1,0,33,2
1107,0,0,0,1,0,1,1,29,2
513,1,0,0,0,0,1,1,31,2
901,0,1,0,0,0,1,1,59,2
363,0,1,0,0,0,1,1,28,2
320,0,1,0,0,0,1,1,25,2
1672,0,1,0,0,0,1,1,33,2
405,0,0,1,0,0,1,1,28,2
728,0,1,0,0,0,1,0,38,2
966,0,1,0,0,0,1,0,63,2
630,0,0,0,1,0,1,0,24,2
1066,0,0,1,0,0,1,1,46,2
593,0,0,1,0,0,1,1,29,2
516,0,1,0,0,0,1,1,23,2
207,1,0,0,0,0,1,0,29,2
477,0,1,0,0,0,1,1,50,2
156,0,0,0,1,0,1,1,28,2
772,0,0,1,0,0,1,1,67,2
1283,0,0,1,0,0,1,0,23,2
355,0,1,0,0,0,1,0,30,2
785,0,0,1,0,0,1,1,39,2
1049,0,0,0,1,0,1,1,29,2
548,0,0,0,1,0,1,1,25,2
471,1,0,0,0,0,1,1,23,2
301,0,1,0,0,0,1,1,28,2
1169,0,1,0,0,0,1,0,54,2
773,0,1,0,0,0,1,1,42,2
606,0,0,1,0,0,1,1,31,2
766,0,0,1,0,0,1,0,30,2
248,1,0,0,0,0,1,1,23,2
1446,0,0,0,1,0,1,0,26,2
465,0,1,0,0,0,1,0,29,2
225,0,1,0,0,0,1,1,31,2
277,0,0,0,1,0,1,1,30,2
905,0,1,0,0,0,1,0,29,2
401,0,1,0,0,0,1,1,27,2
863,0,0,1,0,0,1,0,25,2
585,0,1,0,0,0,1,0,31,2
323,1,0,0,0,0,1,1,25,2
1243,0,1,0,0,0,1,1,42,2
904,0,1,0,0,0,1,1,24,2
152,0,0,0,1,0,1,1,24,2
1040,0,0,0,1,0,1,1,34,2
1162,0,1,0,0,0,1,1,33,2
1395,0,0,1,0,0,1,1,27,2
849,0,1,0,0,0,1,0,22,2
1590,0,0,1,0,0,1,1,44,2
292,0,0,1,0,0,1,1,29,2
775,0,0,1,0,0,1,0,24,2
704,1,0,0,0,0,1,0,25,2
1428,0,1,0,0,0,1,0,26,2
537,0,1,0,0,0,1,1,26,2
767,0,0,1,0,0,1,1,36,2
273,0,1,0,0,0,1,1,24,2
2666,1,0,0,0,0,1,0,49,2
2279,0,1,0,0,0,1,0,53,2
813,0,0,1,0,0,1,1,24,2
703,0,0,0,1,0,1,1,66,2
577,0,0,1,0,0,1,1,28,2
363,0,0,1,0,0,1,1,35,2
478,0,1,0,0,0,1,1,23,2
3772,0,0,1,0,0,1,1,30,2
490,1,0,0,0,0,1,1,28,2
1066,1,0,0,0,0,1,1,56,2
427,0,1,0,0,0,1,0,27,2
510,0,1,0,0,0,1,1,30,2
143,0,1,0,0,0,1,1,24,2
1066,0,1,0,0,0,1,0,30,2
996,0,1,0,0,0,1,1,26,2
448,0,0,1,0,0,1,1,28,2
461,1,0,0,0,0,1,1,29,2
1245,1,0,0,0,0,1,1,25,2
942,0,1,0,0,0,1,1,25,2
161,0,0,1,0,0,1,1,25,2
432,1,0,0,0,0,1,1,29,2
1145,0,0,1,0,0,1,1,24,2
317,1,0,0,0,0,1,1,24,2
1860,0,1,0,0,0,1,0,56,2
579,1,0,0,0,0,1,1,19,2
19,0,0,1,0,0,1,1,26,2
111,0,1,0,0,0,1,1,21,2
1736,0,1,0,0,0,1,0,56,2
374,0,1,0,0,0,1,0,25,2
444,0,1,0,0,0,1,1,26,2
413,1,0,0,0,0,1,1,25,2
389,1,0,0,0,0,1,1,26,2
1534,0,1,0,0,0,1,1,41,2
212,0,1,0,0,0,1,1,21,2
1233,0,1,0,0,0,1,0,26,2
831,0,1,0,0,0,1,0,26,2
670,0,0,1,0,0,1,1,30,2
292,0,0,1,0,0,1,1,19,2
240,0,1,0,0,0,1,1,25,2
270,0,1,0,0,0,1,0,24,2
1104,0,1,0,0,0,1,1,23,2
571,0,0,1,0,0,1,1,30,2
1261,0,1,0,0,0,1,1,52,2
550,0,0,1,0,0,1,1,26,2
607960,0,0,1,0,1,0,1,32,2
1422,1,0,0,0,0,1,0,34,2
597,1,0,0,0,0,1,1,22,2
1415,0,1,0,0,0,1,1,59,2
887,1,0,0,0,0,1,1,36,2
825,0,1,0,0,0,1,1,28,2
678,0,1,0,0,0,1,1,29,2
606,0,1,0,0,0,1,1,34,2
540,1,0,0,0,0,1,0,35,2
334,1,0,0,0,0,1,0,25,2
1558,0,1,0,0,0,1,1,49,2
1078,0,0,1,0,0,1,1,29,2
642,0,1,0,0,0,1,1,33,2
269,1,0,0,0,0,1,0,46,2
937,1,0,0,0,0,1,1,28,2
845,1,0,0,0,0,1,1,26,2
1514,0,0,1,0,0,1,1,29,2
1417,0,1,0,0,0,1,1,32,2
270,0,0,0,1,0,1,1,34,2
778,0,0,1,0,0,1,1,40,2
514,0,1,0,0,0,1,1,31,2
463,0,0,1,0,0,1,1,49,2
336,0,1,0,0,0,1,0,32,2
1151,0,1,0,0,0,1,1,59,2
266,0,0,1,0,0,1,1,22,2
630,0,0,1,0,0,1,1,30,2
1690,0,1,0,0,0,1,1,18,2
442,0,0,1,0,0,1,1,27,2
1114,0,1,0,0,0,1,0,63,2
1125,0,0,1,0,0,1,1,32,2
1876,0,1,0,0,0,1,0,34,2
1135,0,1,0,0,0,1,1,25,2
430,0,1,0,0,0,1,0,20,2
382,0,1,0,0,0,1,1,45,2
753,0,0,1,0,0,1,1,26,2
1120,0,1,0,0,0,1,1,36,2
1388,0,0,0,1,0,1,1,22,2
719,1,0,0,0,0,1,0,31,2
1407,0,1,0,0,0,1,1,59,2
380,1,0,0,0,0,1,0,26,2
651,0,1,0,0,0,1,1,30,2
1653,0,1,0,0,0,1,1,25,2
12,0,1,0,0,0,1,0,56,2
723,0,1,0,0,0,1,1,57,2
198,1,0,0,0,0,1,1,24,2
1064,0,1,0,0,0,1,1,26,2
524,0,1,0,0,0,1,0,44,2
542,0,1,0,0,0,1,0,24,2
1706,1,0,0,0,0,1,1,29,2
855,0,0,0,1,0,1,0,26,2
495,0,0,1,0,0,1,1,39,2
816,0,1,0,0,0,1,1,22,2
440,0,0,1,0,0,1,1,28,2
965,1,0,0,0,0,1,0,38,2
601,0,1,0,0,0,1,1,28,2
631,1,0,0,0,0,1,1,31,2
797,0,1,0,0,0,1,0,28,2
534,0,0,0,1,0,1,0,27,2
833,1,0,0,0,0,1,0,23,2
1341,0,1,0,0,0,1,1,31,2
395,0,1,0,0,0,1,1,31,2
190,0,1,0,0,0,1,1,26,2
1074,0,0,0,1,0,1,1,34,2
670,0,1,0,0,0,1,1,22,2
1322,0,0,1,0,0,1,1,26,2
779,0,1,0,0,0,1,1,26,2
490,0,0,1,0,0,1,1,34,2
115,0,0,1,0,0,1,1,25,2
432,0,0,1,0,0,1,0,23,2
790,1,0,0,0,0,1,1,24,2
2809,0,1,0,0,0,1,0,34,2
293,0,0,1,0,0,1,1,26,2
1575,0,0,1,0,0,1,1,26,2
715,0,1,0,0,0,1,1,53,2
1250,0,1,0,0,0,1,0,29,2
1542,0,1,0,0,0,1,0,30,2
944,0,1,0,0,0,1,1,27,2
744,0,0,1,0,0,1,1,29,2
199,0,0,1,0,0,1,1,24,2
1524,0,1,0,0,0,1,1,24,2
652,0,1,0,0,0,1,1,35,2
401,0,1,0,0,0,1,1,27,2
1103,0,0,0,1,0,1,1,45,2
883,0,1,0,0,0,1,1,24,2
1039,0,1,0,0,0,1,1,25,2
1285,0,1,0,0,0,1,0,36,2
984,0,0,0,1,0,1,1,24,2
707,0,1,0,0,0,1,0,38,2
96,1,0,0,0,0,1,0,42,2
773,0,1,0,0,0,1,1,36,2
604,0,0,1,0,0,1,1,56,2
3,0,1,0,0,0,1,1,21,2
353,1,0,0,0,0,1,1,49,2
415,0,1,0,0,0,1,0,28,2
489,1,0,0,0,0,1,0,40,2
858,0,1,0,0,0,1,1,35,2
1428,1,0,0,0,0,1,1,29,2
1427,0,1,0,0,0,1,1,23,2
604,0,0,1,0,0,1,0,34,2
1563,1,0,0,0,0,1,0,29,2
896,0,0,1,0,0,1,1,25,2
835,0,1,0,0,0,1,0,20,2
1261,0,1,0,0,0,1,1,49,2
316,0,1,0,0,0,1,0,32,2
364,0,1,0,0,0,1,1,36,2
740,0,0,0,1,0,1,1,23,2
1508,0,0,1,0,0,1,1,25,2
493,0,0,1,0,0,1,0,25,2
352,0,1,0,0,0,1,1,25,2
682,1,0,0,0,0,1,0,36,2
1123,1,0,0,0,0,1,1,44,2
200,0,0,0,1,0,1,1,23,2
481,0,1,0,0,0,1,1,37,2
1074,1,0,0,0,0,1,1,36,2
407,1,0,0,0,0,1,1,30,2
529,0,0,0,1,0,1,1,31,2
409,0,0,1,0,0,1,0,27,2
357,0,1,0,0,0,1,1,57,2
429,0,0,1,0,0,1,1,29,2
520,1,0,0,0,0,1,1,65,2
991,0,0,1,0,0,1,0,25,2
619,0,1,0,0,0,1,0,21,2
379,1,0,0,0,0,1,1,27,2
782,0,1,0,0,0,1,0,25,2
303,0,1,0,0,0,1,1,25,2
290,0,0,1,0,0,1,1,29,2
564,0,1,0,0,0,1,0,28,2
1176,0,0,1,0,0,1,0,43,2
732,1,0,0,0,0,1,1,23,2
1353,0,1,0,0,0,1,1,56,2
399,1,0,0,0,0,1,1,29,2
411,0,0,1,0,0,1,0,42,2
586,0,1,0,0,0,1,1,26,2
1132,1,0,0,0,0,1,1,58,2
751,1,0,0,0,0,1,1,51,2
164,0,0,1,0,0,1,0,20,2
708,0,0,1,0,0,1,1,27,2
1329,0,1,0,0,0,1,1,29,2
369,0,1,0,0,0,1,0,28,2
1554,0,1,0,0,0,1,0,32,2
237,0,1,0,0,0,1,1,32,2
693,0,1,0,0,0,1,1,31,2
383,1,0,0,0,0,1,1,31,2
840,0,1,0,0,0,1,1,28,2
958,1,0,0,0,0,1,1,25,2
515,0,1,0,0,0,1,1,41,2
840,0,1,0,0,0,1,0,33,2
965,0,0,0,1,0,1,1,24,2
1150,0,0,1,0,0,1,1,42,2
2125,0,1,0,0,0,1,1,55,2
514,0,0,1,0,0,1,1,28,2
625,0,1,0,0,0,1,1,42,2
590,0,1,0,0,0,1,1,31,2
237,0,1,0,0,0,1,1,41,2
410,0,1,0,0,0,1,1,42,2
354,0,1,0,0,0,1,1,35,2
962,1,0,0,0,0,1,1,48,2
770,0,0,1,0,0,1,1,19,2
845,0,1,0,0,0,1,1,35,2
505,1,0,0,0,0,1,0,37,2
455,0,1,0,0,0,1,1,30,2
709,1,0,0,0,0,1,1,49,2
398,0,0,1,0,0,1,1,23,2
1194,0,1,0,0,0,1,1,30,2
416,1,0,0,0,0,1,0,35,2
934,0,1,0,0,0,1,0,26,2
687,0,0,1,0,0,1,1,29,2
405,0,0,1,0,0,1,1,43,2
727,1,0,0,0,0,1,1,41,2
200,0,1,0,0,0,1,0,46,2
153,0,1,0,0,0,1,1,49,2
1073,0,1,0,0,0,1,1,31,2
1076,1,0,0,0,0,1,1,29,2
3208,1,0,0,0,0,1,1,40,2
384,0,1,0,0,0,1,1,42,2
310,0,1,0,0,0,1,1,20,2
1448,1,0,0,0,0,1,1,24,2
406,0,0,1,0,0,1,1,51,2
365,0,1,0,0,0,1,1,34,2
724,0,1,0,0,0,1,1,27,2
565,1,0,0,0,0,1,1,29,2
1129,1,0,0,0,0,1,1,27,2
479,0,0,1,0,0,1,0,35,2
151,0,1,0,0,0,1,1,27,2
520,0,1,0,0,0,1,0,30,2
1096,0,0,1,0,0,1,0,25,2
582,0,0,1,0,0,1,1,30,2
1386,0,1,0,0,0,1,1,23,2
601,1,0,0,0,0,1,0,23,2
1462,0,1,0,0,0,1,0,28,2
358,0,0,1,0,0,1,1,25,2
265,0,0,1,0,0,1,1,27,2
1106,1,0,0,0,0,1,0,56,2
642,0,1,0,0,0,1,0,27,2
9,1,0,0,0,0,1,0,23,2
482,0,0,1,0,0,1,1,27,2
730,0,0,1,0,0,1,1,21,2
167,1,0,0,0,0,1,1,35,2
625,0,0,1,0,0,1,1,25,2
743,0,1,0,0,0,1,0,26,2
520,0,1,0,0,0,1,0,25,2
348,0,1,0,0,0,1,0,28,2
675,0,0,1,0,0,1,1,27,2
591,1,0,0,0,0,1,0,36,2
447,0,0,1,0,0,1,1,24,2
203,1,0,0,0,0,1,0,21,2
489,0,0,0,1,0,1,0,24,2
299,0,0,0,1,0,1,1,20,2
361,0,1,0,0,0,1,1,52,2
998,0,0,0,1,0,1,1,27,2
810,0,0,0,1,0,1,1,35,2
257,0,0,1,0,0,1,1,30,2
686,1,0,0,0,0,1,0,24,2
1079,0,1,0,0,0,1,1,30,2
131,0,1,0,0,0,1,1,31,2
1405,1,0,0,0,0,1,0,50,2
311,1,0,0,0,0,1,1,31,2
1058,0,1,0,0,0,1,0,28,2
212,1,0,0,0,0,1,1,20,2
903,0,0,1,0,0,1,1,21,2
975,1,0,0,0,0,1,1,27,2
504,0,0,1,0,0,1,1,26,2
886,0,1,0,0,0,1,1,24,2
428,1,0,0,0,0,1,1,50,2
605,1,0,0,0,0,1,1,31,2
499,0,1,0,0,0,1,0,28,2
867,0,1,0,0,0,1,1,19,2
459,1,0,0,0,0,1,1,58,2
529,0,1,0,0,0,1,0,50,2
636,0,1,0,0,0,1,0,41,2
1044,1,0,0,0,0,1,1,26,2
1508,0,0,0,1,0,1,1,40,2
1777,1,0,0,0,0,1,1,29,2
377,1,0,0,0,0,1,0,27,2
190,0,1,0,0,0,1,1,33,2
1089,1,0,0,0,0,1,1,43,2
763,0,1,0,0,0,1,1,26,2
1022,0,0,1,0,0,1,1,29,2
1381,0,0,1,0,0,1,1,28,2
5,0,1,0,0,0,1,1,33,2
1747,0,1,0,0,0,1,0,46,2
950,0,1,0,0,0,1,1,36,2
946,0,1,0,0,0,1,1,29,2
1313,0,1,0,0,0,1,1,41,2
297,0,1,0,0,0,1,1,37,2
337,0,1,0,0,0,1,0,29,2
5636,1,0,0,0,0,1,1,55,2
490,1,0,0,0,0,1,1,26,2
633,0,1,0,0,0,1,1,34,2
626,0,1,0,0,0,1,1,29,2
855,0,1,0,0,0,1,0,21,2
1293,0,0,0,1,0,1,0,23,2
4,1,0,0,0,0,1,0,31,2
570,0,0,1,0,0,1,1,36,2
446,0,0,1,0,0,1,1,35,2
414,0,0,1,0,0,1,1,55,2
752,0,1,0,0,0,1,0,34,2
1309,0,1,0,0,0,1,1,36,2
308,0,1,0,0,0,1,0,24,2
288,0,1,0,0,0,1,1,39,2
449,1,0,0,0,0,1,1,27,2
464,0,0,1,0,0,1,1,23,2
518,0,1,0,0,0,1,0,38,2
851,0,1,0,0,0,1,1,38,2
437,1,0,0,0,0,1,1,31,2
1406,0,1,0,0,0,1,0,23,2
245,0,1,0,0,0,1,1,20,2
1046,0,1,0,0,0,1,1,21,2
458,0,0,0,1,0,1,1,22,2
267,1,0,0,0,0,1,1,32,2
420,0,1,0,0,0,1,1,27,2
784,0,0,1,0,0,1,1,28,2
852,0,1,0,0,0,1,0,28,2
1929,0,1,0,0,0,1,0,37,2
1033,0,0,1,0,0,1,1,23,2
557,0,1,0,0,0,1,1,53,2
277,0,0,1,0,0,1,1,43,2
2044,1,0,0,0,0,1,0,30,2
655,0,1,0,0,0,1,1,31,2
251,1,0,0,0,0,1,1,33,2
958,0,1,0,0,0,1,1,38,2
542,0,1,0,0,0,1,1,52,2
331,0,0,1,0,0,1,0,19,2
669,1,0,0,0,0,1,1,23,2
368,0,1,0,0,0,1,1,24,2
1016,0,1,0,0,0,1,1,28,2
238,0,1,0,0,0,1,1,26,2
731,0,0,0,1,0,1,0,34,2
500,0,1,0,0,0,1,1,29,2
863,0,1,0,0,0,1,1,39,2
474,0,1,0,0,0,1,0,31,2
829,0,1,0,0,0,1,1,39,2
578,0,0,1,0,0,1,1,25,2
567,1,0,0,0,0,1,0,26,2
601,0,0,0,1,0,1,1,28,2
953,1,0,0,0,0,1,1,28,2
889,0,1,0,0,0,1,1,45,2
24433,0,0,1,0,0,1,1,46,2
677,0,1,0,0,0,1,0,33,2
474,0,1,0,0,0,1,0,32,2
307,0,0,1,0,0,1,1,26,2
241,1,0,0,0,0,1,1,30,2
1236,0,1,0,0,0,1,1,32,2
625,0,0,1,0,0,1,1,33,2
265,0,0,1,0,0,1,1,20,2
1402,1,0,0,0,0,1,0,26,2
1213,0,1,0,0,0,1,1,31,2
646,1,0,0,0,0,1,1,25,2
447,0,1,0,0,0,1,1,23,2
294,0,1,0,0,0,1,0,27,2
381,0,1,0,0,0,1,1,51,2
318,0,0,0,1,0,1,1,29,2
1179,0,0,1,0,0,1,1,38,2
3516,0,0,1,0,0,1,1,41,2
673,0,1,0,0,0,1,0,38,2
400,0,1,0,0,0,1,0,33,2
376,0,0,1,0,0,1,1,57,2
1068,0,1,0,0,0,1,0,34,2
188,0,1,0,0,0,1,1,46,2
535,0,0,1,0,0,1,0,21,2
1751,0,0,1,0,0,1,1,21,2
1910,0,0,1,0,0,1,1,21,2
604,0,1,0,0,0,1,1,32,2
597,0,1,0,0,0,1,0,27,2
304,0,0,1,0,0,1,1,28,2
1153,1,0,0,0,0,1,1,28,2
204,0,1,0,0,0,1,1,31,2
607,0,1,0,0,0,1,0,27,2
630,1,0,0,0,0,1,1,31,2
868,1,0,0,0,0,1,1,30,2
254,0,0,0,1,0,1,1,33,2
149,0,0,0,1,0,1,1,39,2
1902,0,1,0,0,0,1,1,28,2
500,0,1,0,0,0,1,1,38,2
456,0,1,0,0,0,1,1,38,2
880,0,0,1,0,0,1,1,24,2
377,0,0,0,1,0,1,0,29,2
348,0,1,0,0,0,1,1,29,2
314,0,0,1,0,0,1,1,35,2
738,0,0,1,0,0,1,1,29,2
1876,1,0,0,0,0,1,1,33,2
270,1,0,0,0,0,1,0,53,2
275,1,0,0,0,0,1,1,22,2
610,0,1,0,0,0,1,1,25,2
31,0,0,1,0,0,1,1,49,2
1535,0,0,0,1,0,1,1,22,2
467,0,1,0,0,0,1,1,29,2
766,0,1,0,0,0,1,1,30,2
4526,1,0,0,0,0,1,1,70,2
191,1,0,0,0,0,1,1,21,2
966,1,0,0,0,0,1,0,25,2
376,0,0,0,1,0,1,1,50,2
498,0,1,0,0,0,1,0,50,2
361,0,1,0,0,0,1,1,32,2
1439,0,1,0,0,0,1,0,22,2
786,0,0,1,0,0,1,1,24,2
873,0,1,0,0,0,1,0,26,2
1233,1,0,0,0,0,1,1,48,2
324,0,0,1,0,0,1,1,23,2
961,1,0,0,0,0,1,0,34,2
1424,0,1,0,0,0,1,1,21,2
1412,0,0,0,1,0,1,0,35,2
543,0,0,1,0,0,1,1,29,2
550,0,0,0,1,0,1,1,23,2
881,0,1,0,0,0,1,0,44,2
1333,0,0,1,0,0,1,1,26,2
1866,1,0,0,0,0,1,0,59,2
1322,1,0,0,0,0,1,0,27,2
418,1,0,0,0,0,1,0,24,2
919,0,0,0,1,0,1,0,20,2
281,0,0,1,0,0,1,1,28,2
1711,0,1,0,0,0,1,0,32,2
482,0,0,1,0,0,1,1,28,2
463,0,0,1,0,0,1,1,31,2
414,0,1,0,0,0,1,1,26,2
753,0,0,0,1,0,1,1,34,2
333,0,1,0,0,0,1,1,26,2
576,0,1,0,0,0,1,1,49,2
502,0,0,1,0,0,1,1,27,2
806,0,0,1,0,0,1,1,23,2
388,0,0,1,0,0,1,1,32,2
594,1,0,0,0,0,1,1,27,2
221,0,1,0,0,0,1,1,23,2
235,0,0,1,0,0,1,1,29,2
331,1,0,0,0,0,1,1,49,2
1091,1,0,0,0,0,1,1,32,2
782,0,0,1,0,0,1,1,42,2
279,1,0,0,0,0,1,1,53,2
172,1,0,0,0,0,1,0,33,2
1604,0,1,0,0,0,1,0,26,2
1048,0,0,1,0,0,1,1,32,2
198,0,1,0,0,0,1,1,67,2
810,1,0,0,0,0,1,1,34,2
339,0,1,0,0,0,1,1,41,2
122,0,0,1,0,0,1,1,24,2
965,0,1,0,0,0,1,1,21,2
361,0,1,0,0,0,1,1,64,2
458,0,1,0,0,0,1,1,32,2
500,0,0,1,0,0,1,0,32,2
766,0,1,0,0,0,1,1,31,2
692,1,0,0,0,0,1,1,29,2
722,0,1,0,0,0,1,0,31,2
261,0,1,0,0,0,1,1,50,2
1177,0,1,0,0,0,1,1,46,2
184,0,1,0,0,0,1,0,26,2
580,0,1,0,0,0,1,0,66,2
353,0,1,0,0,0,1,1,36,2
582,0,1,0,0,0,1,1,39,2
720,0,1,0,0,0,1,1,47,2
954,0,1,0,0,0,1,0,31,2
921,0,0,1,0,0,1,1,67,2
698,0,0,1,0,0,1,1,25,2
603,0,1,0,0,0,1,0,30,2
460,0,1,0,0,0,1,1,35,2
1164,0,1,0,0,0,1,1,27,2
1338,1,0,0,0,0,1,1,24,2
920,0,0,1,0,0,1,0,21,2
623,0,1,0,0,0,1,1,23,2
718,0,1,0,0,0,1,1,19,2
465,0,1,0,0,0,1,0,24,2
1589,0,1,0,0,0,1,1,29,2
861,1,0,0,0,0,1,1,30,2
219,1,0,0,0,0,1,1,30,2
590,0,1,0,0,0,1,1,25,2
787,1,0,0,0,0,1,1,46,2
355,0,1,0,0,0,1,1,25,2
666,1,0,0,0,0,1,1,33,2
310,0,0,1,0,0,1,0,34,2
627,0,1,0,0,0,1,1,26,2
1858,0,0,1,0,0,1,0,24,2
500,0,0,0,1,0,1,1,20,2
748,1,0,0,0,0,1,1,26,2
1351,0,0,0,1,0,1,0,21,2
432,0,0,1,0,0,1,0,42,2
2890,1,0,0,0,0,1,0,34,2
327,1,0,0,0,0,1,0,35,2
1179,0,1,0,0,0,1,1,25,2
1041,0,1,0,0,0,1,0,27,2
435,0,0,1,0,0,1,1,28,2
707,0,1,0,0,0,1,1,27,2
429,1,0,0,0,0,1,1,27,2
681,0,0,1,0,0,1,1,24,2
1310,0,0,1,0,0,1,0,24,2
158,0,1,0,0,0,1,1,27,2
676,0,0,1,0,0,1,1,27,2
900,0,1,0,0,0,1,1,29,2
488,0,1,0,0,0,1,1,21,2
1503,1,0,0,0,0,1,1,23,2
252,0,1,0,0,0,1,0,39,2
1756,0,0,0,1,0,1,1,25,2
405,1,0,0,0,0,1,1,25,2
1457,1,0,0,0,0,1,1,48,2
1098,0,1,0,0,0,1,0,40,2
335,1,0,0,0,0,1,1,21,2
520,1,0,0,0,0,1,0,33,2
178,0,0,1,0,0,1,1,33,2
429,0,0,1,0,0,1,1,28,2
878,0,1,0,0,0,1,1,41,2
1227,0,1,0,0,0,1,1,26,2
312,1,0,0,0,0,1,0,22,2
1616,1,0,0,0,0,1,1,40,2
239,0,0,1,0,0,1,1,29,2
223,0,1,0,0,0,1,1,32,2
2062,0,1,0,0,0,1,1,26,2
271,1,0,0,0,0,1,0,22,2
191,0,1,0,0,0,1,1,26,2
444,1,0,0,0,0,1,1,51,2
1876,1,0,0,0,0,1,1,24,2
1263,0,1,0,0,0,1,1,30,2
482,1,0,0,0,0,1,1,34,2
1039,0,1,0,0,0,1,0,24,2
795,1,0,0,0,0,1,1,28,2
469,1,0,0,0,0,1,1,26,2
555,1,0,0,0,0,1,0,32,2
1216,0,1,0,0,0,1,1,30,2
980,0,0,1,0,0,1,0,27,2
589,1,0,0,0,0,1,0,25,2
342,1,0,0,0,0,1,1,65,2
545,0,1,0,0,0,1,1,35,2
1495,0,0,1,0,0,1,0,34,2
5225,0,0,1,0,0,1,1,21,2
1043,0,0,1,0,0,1,0,42,2
1007,0,0,1,0,0,1,1,28,2
450896,0,1,0,0,1,0,1,45,2
13,1,0,0,0,0,1,1,28,2
357,0,1,0,0,0,1,1,29,2
519,1,0,0,0,0,1,1,34,2
189,0,1,0,0,0,1,1,24,2
558,0,0,0,1,0,1,1,25,2
609,0,1,0,0,0,1,1,30,2
521,0,1,0,0,0,1,1,27,2
607,1,0,0,0,0,1,1,33,2
899,0,0,0,1,0,1,1,26,2
274,0,1,0,0,0,1,1,27,2
1013,0,0,1,0,0,1,1,46,2
241,1,0,0,0,0,1,0,31,2
385,0,0,1,0,0,1,0,59,2
702,0,1,0,0,0,1,0,26,2
1500,1,0,0,0,0,1,1,50,2
429,1,0,0,0,0,1,1,30,2
439,0,0,1,0,0,1,0,28,2
932,0,1,0,0,0,1,0,33,2
1449,0,1,0,0,0,1,1,33,2
371,0,1,0,0,0,1,1,33,2
94,0,0,1,0,0,1,1,27,2
3098,0,1,0,0,0,1,1,36,2
167,0,0,1,0,0,1,1,46,2
141,0,0,1,0,0,1,1,21,2
255,0,1,0,0,0,1,1,27,2
760,0,0,1,0,0,1,0,28,2
397,0,1,0,0,0,1,0,26,2
1668,0,1,0,0,0,1,0,23,2
850,0,1,0,0,0,1,1,31,2
3520,0,1,0,0,0,1,1,36,2
516,0,1,0,0,0,1,1,25,2
190,1,0,0,0,0,1,0,37,2
278,1,0,0,0,0,1,0,24,2
771,0,0,0,1,0,1,1,20,2
414,0,1,0,0,0,1,1,55,2
2409,0,1,0,0,0,1,0,53,2
291,1,0,0,0,0,1,1,21,2
501,1,0,0,0,0,1,1,39,2
565,0,0,1,0,0,1,1,43,2
554,0,1,0,0,0,1,1,27,2
1547,0,1,0,0,0,1,0,59,2
713,0,1,0,0,0,1,1,28,2
577,0,0,1,0,0,1,0,36,2
454,0,0,1,0,0,1,1,30,2
324,0,1,0,0,0,1,0,24,2
1149,0,0,1,0,0,1,1,31,2
152,0,0,1,0,0,1,1,27,2
249,0,0,1,0,0,1,1,33,2
23,0,1,0,0,0,1,1,41,2
297,0,0,1,0,0,1,0,31,2
548,0,1,0,0,0,1,1,29,2
1304,0,1,0,0,0,1,0,53,2
665,0,0,0,1,0,1,1,28,2
441,0,1,0,0,0,1,1,29,2
860,0,1,0,0,0,1,0,26,2
358,0,1,0,0,0,1,0,23,2
103,0,1,0,0,0,1,1,25,2
279,1,0,0,0,0,1,1,29,2
325,0,0,0,1,0,1,1,31,2
1585,1,0,0,0,0,1,1,59,2
557,0,1,0,0,0,1,1,41,2
262,0,1,0,0,0,1,1,45,2
583,1,0,0,0,0,1,1,65,2
136,0,0,1,0,0,1,1,36,2
1013,0,0,0,1,0,1,1,25,2
1381,0,1,0,0,0,1,0,31,2
473,0,0,1,0,0,1,0,29,2
495,0,1,0,0,0,1,1,30,2
1422,0,1,0,0,0,1,1,41,2
389,0,1,0,0,0,1,1,42,2
3183,0,1,0,0,0,1,1,36,2
558,1,0,0,0,0,1,1,27,2
960,0,0,1,0,0,1,1,48,2
1194,0,0,1,0,0,1,1,31,2
590,0,0,1,0,0,1,0,28,2
374,0,0,1,0,0,1,1,23,2
1096,0,0,1,0,0,1,0,19,2
806,1,0,0,0,0,1,1,53,2
1361,1,0,0,0,0,1,1,28,2
1836,0,1,0,0,0,1,1,49,2
204,0,0,1,0,0,1,1,30,2
396,0,0,1,0,0,1,1,24,2
673,1,0,0,0,0,1,1,25,2
852,0,0,1,0,0,1,1,29,2
441,0,0,1,0,0,1,1,32,2
1650,0,1,0,0,0,1,0,28,2
214,0,1,0,0,0,1,1,31,2
533,1,0,0,0,0,1,1,33,2
342,0,1,0,0,0,1,0,47,2
472,0,0,1,0,0,1,1,35,2
603,1,0,0,0,0,1,0,47,2
945,1,0,0,0,0,1,1,33,2
525,0,1,0,0,0,1,1,29,2
401,0,1,0,0,0,1,0,34,2
1116,0,1,0,0,0,1,1,35,2
1248,0,1,0,0,0,1,1,31,2
362,0,1,0,0,0,1,0,25,2
354,0,0,1,0,0,1,1,53,2
692,0,0,1,0,0,1,1,42,2
1118,0,1,0,0,0,1,1,30,2
2638,0,1,0,0,0,1,1,23,2
583,1,0,0,0,0,1,1,24,2
821,0,0,1,0,0,1,0,26,2
7229,0,1,0,0,0,1,1,56,2
135,0,1,0,0,0,1,1,32,2
924,0,1,0,0,0,1,0,33,2
413,0,1,0,0,0,1,1,24,2
722,1,0,0,0,0,1,0,50,2
494,0,0,1,0,0,1,1,28,2
995,0,1,0,0,0,1,1,30,2
1121,0,0,1,0,0,1,1,23,2
785,0,1,0,0,0,1,0,27,2
337,0,0,0,1,0,1,1,29,2
761,0,0,0,1,0,1,1,23,2
697,0,0,0,1,0,1,1,31,2
1469,0,1,0,0,0,1,1,26,2
472,0,0,0,1,0,1,1,24,2
491,0,1,0,0,0,1,1,25,2
481,0,1,0,0,0,1,0,35,2
476,0,1,0,0,0,1,1,34,2
439,0,0,1,0,0,1,1,23,2
1127,1,0,0,0,0,1,1,29,2
572,0,0,1,0,0,1,1,34,2
879,0,1,0,0,0,1,1,28,2
945,1,0,0,0,0,1,0,30,2
1333,0,1,0,0,0,1,1,42,2
774,0,1,0,0,0,1,0,31,2
282,0,1,0,0,0,1,1,35,2
353,1,0,0,0,0,1,0,35,2
727,1,0,0,0,0,1,1,27,2
446,0,1,0,0,0,1,1,32,2
312,0,1,0,0,0,1,1,26,2
1422,0,1,0,0,0,1,1,27,2
450,0,1,0,0,0,1,1,27,2
735,1,0,0,0,0,1,1,36,2
949,1,0,0,0,0,1,1,35,2
689,0,0,0,1,0,1,1,26,2
217,0,0,0,1,0,1,1,21,2
525,0,1,0,0,0,1,1,27,2
6262,0,1,0,0,0,1,0,36,2
876,0,0,1,0,0,1,0,25,2
259,1,0,0,0,0,1,1,49,2
31,0,1,0,0,0,1,1,24,2
2360,1,0,0,0,0,1,0,26,2
662,0,0,1,0,0,1,1,18,2
362,0,1,0,0,0,1,1,20,2
1267,1,0,0,0,0,1,1,37,2
461,0,0,1,0,0,1,0,26,2
201,0,0,1,0,0,1,1,60,2
2076,1,0,0,0,0,1,0,32,2
551,0,0,1,0,0,1,1,67,2
356,1,0,0,0,0,1,1,29,2
1182,0,0,1,0,0,1,1,22,2
123,0,1,0,0,0,1,1,30,2
149,0,0,1,0,0,1,1,27,2
239,0,0,0,1,0,1,1,31,2
2188,0,1,0,0,0,1,1,32,2
690,0,0,1,0,0,1,1,23,2
237,1,0,0,0,0,1,1,50,2
419,0,1,0,0,0,1,1,43,2
881,0,0,1,0,0,1,1,40,2
1278,1,0,0,0,0,1,1,47,2
351,1,0,0,0,0,1,0,26,2
228,1,0,0,0,0,1,0,34,2
426,0,1,0,0,0,1,0,45,2
643,0,0,0,1,0,1,1,31,2
449,0,0,1,0,0,1,0,36,2
189,1,0,0,0,0,1,0,47,2
174,0,0,1,0,0,1,1,24,2
929,0,1,0,0,0,1,0,22,2
855,0,0,1,0,0,1,0,29,2
1465,0,1,0,0,0,1,1,33,2
769,1,0,0,0,0,1,1,31,2
833,1,0,0,0,0,1,0,23,2
1575,0,1,0,0,0,1,0,25,2
439,0,0,1,0,0,1,1,43,2
650,0,0,1,0,0,1,1,25,2
292,0,1,0,0,0,1,1,22,2
446,0,1,0,0,0,1,1,24,2
562,0,0,0,1,0,1,0,25,2
783,0,1,0,0,0,1,1,42,2
288,0,1,0,0,0,1,1,19,2
534,1,0,0,0,0,1,1,23,2
426,0,0,0,1,0,1,1,22,2
198,1,0,0,0,0,1,1,21,2
642,0,1,0,0,0,1,0,31,2
338,1,0,0,0,0,1,1,41,2
1358,1,0,0,0,0,1,0,35,2
501,0,0,1,0,0,1,1,22,2
557,0,1,0,0,0,1,1,27,2
530,0,0,1,0,0,1,1,34,2
365,0,1,0,0,0,1,1,29,2
885,0,0,1,0,0,1,0,24,2
1797,0,1,0,0,0,1,1,26,2
291,0,0,1,0,0,1,1,25,2
329,1,0,0,0,0,1,1,51,2
759,0,1,0,0,0,1,1,33,2
749,0,1,0,0,0,1,0,22,2
1072,0,1,0,0,0,1,0,45,2
641,0,0,1,0,0,1,0,24,2
1666,0,1,0,0,0,1,0,30,2
285,0,1,0,0,0,1,0,31,2
1017,0,0,1,0,0,1,1,32,2
120,1,0,0,0,0,1,0,47,2
506,0,0,1,0,0,1,1,28,2
1071,0,1,0,0,0,1,1,24,2
1804,0,0,1,0,0,1,1,48,2
522,0,1,0,0,0,1,0,41,2
292,0,1,0,0,0,1,0,25,2
643,0,0,1,0,0,1,1,19,2
1030,1,0,0,0,0,1,0,31,2
1099,0,1,0,0,0,1,1,33,2
1725,0,1,0,0,0,1,0,27,2
296,0,0,1,0,0,1,1,20,2
514,0,0,0,1,0,1,1,23,2
763,0,1,0,0,0,1,1,31,2
437,0,1,0,0,0,1,1,25,2
729,1,0,0,0,0,1,1,26,2
825,1,0,0,0,0,1,0,20,2
362,0,1,0,0,0,1,1,27,2
1279,0,0,1,0,0,1,1,32,2
618,0,1,0,0,0,1,1,30,2
248,1,0,0,0,0,1,0,21,2
1493,0,1,0,0,0,1,1,25,2
220,1,0,0,0,0,1,0,51,2
282,0,0,1,0,0,1,0,24,2
28729,0,0,0,1,0,1,1,30,2
1235,0,1,0,0,0,1,1,31,2
368,0,1,0,0,0,1,1,27,2
836,0,1,0,0,0,1,1,23,2
379,0,1,0,0,0,1,0,29,2
562,0,1,0,0,0,1,0,28,2
746,0,1,0,0,0,1,0,21,2
494,0,1,0,0,0,1,0,32,2
1493,0,1,0,0,0,1,1,59,2
451,0,1,0,0,0,1,1,38,2
464,0,1,0,0,0,1,1,30,2
1030,0,1,0,0,0,1,1,67,2
420,0,1,0,0,0,1,1,23,2
900,0,0,1,0,0,1,1,25,2
639,0,0,1,0,0,1,0,25,2
2250,0,1,0,0,0,1,1,32,2
1182,0,0,0,1,0,1,1,42,2
408,0,1,0,0,0,1,0,40,2
802,0,0,1,0,0,1,1,35,2
1045,0,0,1,0,0,1,1,39,2
449,0,0,1,0,0,1,1,29,2
381,0,1,0,0,0,1,0,35,2
779,0,0,0,1,0,1,1,21,2
994,0,1,0,0,0,1,0,23,2
1156,0,1,0,0,0,1,0,27,2
400,0,1,0,0,0,1,0,43,2
924,0,1,0,0,0,1,0,26,2
482,0,1,0,0,0,1,1,26,2
843,0,1,0,0,0,1,1,67,2
947,0,1,0,0,0,1,0,33,2
691,0,1,0,0,0,1,1,34,2
1315,0,1,0,0,0,1,1,36,2
319,1,0,0,0,0,1,1,31,2
676,0,1,0,0,0,1,1,24,2
866,0,0,1,0,0,1,0,25,2
1036,1,0,0,0,0,1,1,50,2
991,1,0,0,0,0,1,1,25,2
599,1,0,0,0,0,1,1,23,2
475,0,1,0,0,0,1,1,42,2
269,1,0,0,0,0,1,0,38,2
1310,0,0,1,0,0,1,1,28,2
788,0,1,0,0,0,1,0,28,2
588,0,1,0,0,0,1,1,51,2
3321,1,0,0,0,0,1,1,29,2
564,0,1,0,0,0,1,1,38,2
70,0,0,0,1,0,1,0,27,2
342,0,0,1,0,0,1,1,52,2
794,0,1,0,0,0,1,0,55,2
1068,1,0,0,0,0,1,0,28,2
423,0,0,1,0,0,1,0,20,2
601,1,0,0,0,0,1,1,24,2
1105,0,0,1,0,0,1,1,36,2
1007,0,1,0,0,0,1,1,63,2
634,0,1,0,0,0,1,1,52,2
179,0,0,1,0,0,1,1,29,2
417,0,0,1,0,0,1,0,42,2
512,0,0,1,0,0,1,0,23,2
494,0,0,1,0,0,1,0,30,2
559,0,1,0,0,0,1,1,27,2
572,0,0,1,0,0,1,0,20,2
839,0,1,0,0,0,1,1,23,2
428,0,0,0,1,0,1,1,33,2
312,0,1,0,0,0,1,0,25,2
897,0,1,0,0,0,1,1,26,2
1163,0,0,1,0,0,1,0,56,2
384,1,0,0,0,0,1,1,29,2
670,0,0,1,0,0,1,1,29,2
541,0,0,1,0,0,1,0,30,2
937,0,1,0,0,0,1,0,31,2
631,1,0,0,0,0,1,0,33,2
314,0,1,0,0,0,1,1,39,2
1276,0,1,0,0,0,1,1,25,2
911,0,1,0,0,0,1,0,53,2
518,0,1,0,0,0,1,0,29,2
1239,1,0,0,0,0,1,1,36,2
1127,1,0,0,0,0,1,0,56,2
395,0,0,1,0,0,1,0,31,2
447,0,0,1,0,0,1,1,33,2
230,0,0,1,0,0,1,1,35,2
1765,1,0,0,0,0,1,0,30,2
2017,0,0,1,0,0,1,1,25,2
472,0,1,0,0,0,1,1,24,2
753,1,0,0,0,0,1,0,31,2
419,0,1,0,0,0,1,0,58,2
14,1,0,0,0,0,1,0,54,2
278,0,1,0,0,0,1,0,23,2
915,0,0,1,0,0,1,1,54,2
1036,0,1,0,0,0,1,1,32,2
834,0,1,0,0,0,1,1,27,2
274,0,1,0,0,0,1,1,41,2
1217,0,1,0,0,0,1,0,38,2
277,1,0,0,0,0,1,1,37,2
328,0,1,0,0,0,1,1,39,2
353,0,1,0,0,0,1,1,32,2
999,0,1,0,0,0,1,1,36,2
518,1,0,0,0,0,1,1,31,2
876,0,1,0,0,0,1,0,56,2
682,1,0,0,0,0,1,0,26,2
774,1,0,0,0,0,1,1,22,2
615,1,0,0,0,0,1,0,33,2
539,0,1,0,0,0,1,1,21,2
151,0,1,0,0,0,1,1,32,2
1491,0,0,1,0,0,1,0,28,2
630,0,0,0,1,0,1,1,26,2
326,1,0,0,0,0,1,1,30,2
839,0,0,1,0,0,1,0,27,2
699,0,0,0,1,0,1,1,23,2
2970,1,0,0,0,0,1,1,29,2
1531,0,1,0,0,0,1,0,35,2
577,0,1,0,0,0,1,0,28,2
162,0,1,0,0,0,1,1,41,2
562,0,1,0,0,0,1,0,29,2
818,0,0,1,0,0,1,1,28,2
1669,1,0,0,0,0,1,1,30,2
412,0,1,0,0,0,1,1,33,2
502,0,1,0,0,0,1,1,27,2
249,0,1,0,0,0,1,1,23,2
1271,0,1,0,0,0,1,1,33,2
230,0,1,0,0,0,1,0,28,2
826,0,0,1,0,0,1,1,52,2
480,0,1,0,0,0,1,0,29,2
365,0,0,1,0,0,1,1,23,2
1094,0,0,1,0,0,1,1,32,2
1590,0,1,0,0,0,1,0,32,2
370,0,0,0,1,0,1,1,30,2
565,0,0,1,0,0,1,1,42,2
811,0,1,0,0,0,1,1,41,2
496,0,1,0,0,0,1,0,28,2
35,0,0,1,0,0,1,1,30,2
957,0,0,1,0,0,1,0,31,2
239,0,0,1,0,0,1,1,24,2
497,0,0,0,1,0,1,1,28,2
982,0,1,0,0,0,1,1,25,2
2031,0,1,0,0,0,1,0,28,2
309,0,0,1,0,0,1,1,47,2
410,0,1,0,0,0,1,1,36,2
344,0,0,0,1,0,1,1,31,2
640,1,0,0,0,0,1,1,32,2
1923,0,0,0,1,0,1,1,23,2
1118,0,0,0,1,0,1,1,29,2
477,0,1,0,0,0,1,1,22,2
459,0,1,0,0,0,1,0,24,2
1056,0,1,0,0,0,1,1,60,2
1482,0,0,1,0,0,1,0,35,2
407,0,1,0,0,0,1,1,19,2
516,1,0,0,0,0,1,0,28,2
1094,0,0,1,0,0,1,0,36,2
324,0,1,0,0,0,1,1,35,2
690,0,0,0,1,0,1,1,37,2
1160,0,0,0,1,0,1,1,26,2
2000,0,1,0,0,0,1,1,39,2
533,0,1,0,0,0,1,1,40,2
506,0,1,0,0,0,1,0,33,2
521,0,0,0,1,0,1,1,25,2
1207,0,1,0,0,0,1,0,28,2
529,0,0,1,0,0,1,1,34,2
988,1,0,0,0,0,1,1,26,2
443,0,0,1,0,0,1,0,28,2
500,0,1,0,0,0,1,1,26,2
473,1,0,0,0,0,1,1,24,2
1336,0,1,0,0,0,1,1,60,2
293,0,0,1,0,0,1,1,20,2
660,0,1,0,0,0,1,0,43,2
416,0,0,1,0,0,1,1,29,2
615,0,0,1,0,0,1,1,23,2
1226,0,0,1,0,0,1,1,21,2
426,1,0,0,0,0,1,0,40,2
427,0,1,0,0,0,1,1,24,2
1209,0,1,0,0,0,1,1,30,2
844,0,1,0,0,0,1,1,21,2
572,0,1,0,0,0,1,0,27,2
119,0,1,0,0,0,1,1,24,2
1613,0,0,1,0,0,1,1,24,2
445,0,0,1,0,0,1,1,31,2
612,0,0,1,0,0,1,1,33,2
832,0,0,1,0,0,1,1,34,2
218,0,0,1,0,0,1,0,20,2
1562,0,1,0,0,0,1,0,30,2
1051,0,0,1,0,0,1,1,22,2
279,0,0,1,0,0,1,0,31,2
218,0,0,1,0,0,1,0,45,2
990,0,1,0,0,0,1,0,27,2
1815,0,1,0,0,0,1,1,31,2
717,0,1,0,0,0,1,1,35,2
11,0,1,0,0,0,1,1,34,2
1284,1,0,0,0,0,1,0,24,2
585,0,1,0,0,0,1,1,66,2
291,0,1,0,0,0,1,0,31,2
705,1,0,0,0,0,1,1,25,2
723,0,1,0,0,0,1,1,23,2
1304,0,0,1,0,0,1,1,29,2
5670,1,0,0,0,0,1,1,61,2
1151,0,1,0,0,0,1,1,53,2
386,0,1,0,0,0,1,1,25,2
245,1,0,0,0,0,1,1,33,2
149,1,0,0,0,0,1,0,31,2
822,0,0,1,0,0,1,1,34,2
162,0,0,1,0,0,1,0,23,2
310,0,1,0,0,0,1,1,25,2
988,0,0,1,0,0,1,0,53,2
1059,1,0,0,0,0,1,1,26,2
448,0,0,1,0,0,1,1,33,2
467,1,0,0,0,0,1,0,31,2
1001,0,0,1,0,0,1,1,38,2
514,0,1,0,0,0,1,0,23,2
1435,0,1,0,0,0,1,0,27,2
656,0,1,0,0,0,1,1,25,2
358,0,1,0,0,0,1,1,29,2
213,1,0,0,0,0,1,1,50,2
515,0,1,0,0,0,1,1,27,2
1086,0,0,1,0,0,1,0,24,2
542,0,1,0,0,0,1,1,31,2
13,0,0,0,1,0,1,1,23,2
212,1,0,0,0,0,1,1,26,2
739,0,1,0,0,0,1,1,27,2
437,0,1,0,0,0,1,1,30,2
555,0,1,0,0,0,1,1,59,2
1713,0,0,1,0,0,1,1,25,2
1173,0,1,0,0,0,1,0,56,2
448,0,1,0,0,0,1,1,59,2
558,0,0,0,1,0,1,1,23,2
566,1,0,0,0,0,1,1,49,2
921,1,0,0,0,0,1,1,26,2
698,0,1,0,0,0,1,0,28,2
524,0,1,0,0,0,1,1,29,2
1336,0,1,0,0,0,1,1,24,2
538,0,1,0,0,0,1,1,42,2
476,0,1,0,0,0,1,1,28,2
1382,0,1,0,0,0,1,1,32,2
228,0,0,1,0,0,1,0,41,2
349,1,0,0,0,0,1,0,25,2
326,0,0,1,0,0,1,0,27,2
243,0,1,0,0,0,1,0,53,2
286,0,1,0,0,0,1,1,28,2
310,0,1,0,0,0,1,1,31,2
685,0,0,1,0,0,1,0,47,2
186,0,0,1,0,0,1,1,20,2
593,1,0,0,0,0,1,0,37,2
605,0,1,0,0,0,1,0,23,2
1679,0,0,1,0,0,1,1,34,2
504,1,0,0,0,0,1,1,25,2
775,0,1,0,0,0,1,1,38,2
1456,0,1,0,0,0,1,1,20,2
562,1,0,0,0,0,1,1,23,2
325,0,0,1,0,0,1,1,36,2
735,1,0,0,0,0,1,1,27,2
153,0,1,0,0,0,1,1,39,2
677,0,0,1,0,0,1,1,28,2
