"Duration","Morning","Afternoon","Evening","Night","Weekday","Weekend","Male","Age","cluster"
751,0,0,1,0,1,0,0,28,1
931,0,0,1,0,1,0,1,27,1
308,0,0,1,0,1,0,1,24,1
796,0,0,1,0,1,0,1,26,1
258,0,0,1,0,1,0,1,23,1
570,0,0,1,0,1,0,0,31,1
182,0,0,1,0,1,0,1,44,1
529,0,0,1,0,1,0,0,46,1
1162,0,0,1,0,1,0,1,53,1
524,0,0,1,0,1,0,0,30,1
560,0,0,1,0,1,0,0,25,1
309,0,0,1,0,1,0,1,25,1
595,0,0,1,0,1,0,1,29,1
1048,0,0,1,0,1,0,1,42,1
365,0,0,1,0,1,0,0,45,1
674,0,0,1,0,1,0,1,47,1
492,0,0,1,0,1,0,1,18,1
436,0,0,1,0,1,0,1,39,1
973,0,0,1,0,1,0,1,30,1
401,0,0,1,0,1,0,1,26,1
2452,0,0,1,0,1,0,0,31,1
196,0,0,1,0,1,0,1,29,1
507,0,0,1,0,1,0,0,24,1
709,0,0,1,0,1,0,1,23,1
268,0,0,1,0,1,0,1,18,1
399,0,0,1,0,1,0,1,22,1
1577,0,0,1,0,1,0,1,27,1
343,0,0,1,0,1,0,1,19,1
457,0,0,1,0,1,0,1,38,1
390,0,0,1,0,1,0,1,27,1
198,0,0,1,0,1,0,1,30,1
472,0,0,1,0,1,0,0,51,1
887,0,0,1,0,1,0,1,27,1
634,0,0,1,0,1,0,1,30,1
302,0,0,1,0,1,0,1,22,1
310,0,0,1,0,1,0,1,32,1
919,0,0,1,0,1,0,0,27,1
682,0,0,1,0,1,0,1,26,1
430,0,0,1,0,1,0,0,24,1
1193,0,0,1,0,1,0,1,21,1
438,0,0,1,0,1,0,1,26,1
1469,0,0,1,0,1,0,1,30,1
350,0,0,1,0,1,0,1,36,1
2309,0,0,1,0,1,0,1,27,1
506,0,0,1,0,1,0,0,34,1
555,0,0,1,0,1,0,1,32,1
206,0,0,1,0,1,0,1,36,1
1032,0,0,1,0,1,0,1,21,1
789,0,0,1,0,1,0,1,49,1
591,0,0,1,0,1,0,0,32,1
564,0,0,1,0,1,0,0,30,1
529,0,0,1,0,1,0,0,32,1
142,0,0,1,0,1,0,1,22,1
2060,0,0,1,0,1,0,1,26,1
1343,0,0,1,0,1,0,0,26,1
940,0,0,1,0,1,0,1,43,1
790,0,0,1,0,1,0,0,28,1
278,0,0,1,0,1,0,0,27,1
589,0,0,1,0,1,0,1,29,1
285,0,0,1,0,1,0,1,40,1
1879,0,0,1,0,1,0,0,24,1
493,0,0,1,0,1,0,0,27,1
757,0,0,1,0,1,0,1,34,1
772,0,0,1,0,1,0,1,29,1
303,0,0,1,0,1,0,1,35,1
567,0,0,1,0,1,0,1,30,1
965,0,0,1,0,1,0,1,27,1
539,0,0,1,0,1,0,0,38,1
541,0,0,1,0,1,0,1,29,1
597,0,0,1,0,1,0,1,59,1
482,0,0,1,0,1,0,1,52,1
787,0,0,1,0,1,0,0,24,1
532,0,0,1,0,1,0,1,29,1
560,0,0,1,0,1,0,1,30,1
259,0,0,1,0,1,0,1,33,1
514,0,0,1,0,1,0,1,25,1
409,0,0,1,0,1,0,1,58,1
938,0,0,1,0,1,0,1,42,1
857,0,0,1,0,1,0,0,20,1
544,0,0,1,0,1,0,0,27,1
1735,0,0,1,0,1,0,0,32,1
387,0,0,1,0,1,0,1,27,1
1938,0,0,1,0,1,0,1,42,1
804,0,0,1,0,1,0,1,36,1
690,0,0,1,0,1,0,1,23,1
743,0,0,1,0,1,0,0,28,1
1752,0,0,1,0,1,0,0,25,1
360,0,0,1,0,1,0,0,25,1
416,0,0,1,0,1,0,1,42,1
974,0,0,1,0,1,0,1,30,1
218,0,0,1,0,1,0,1,25,1
658,0,0,1,0,1,0,0,30,1
273,0,0,1,0,1,0,1,29,1
360,0,0,1,0,1,0,1,31,1
100,0,0,1,0,1,0,1,20,1
294,0,0,1,0,1,0,1,61,1
848,0,0,1,0,1,0,0,25,1
373,0,0,1,0,1,0,0,26,1
365,0,0,1,0,1,0,0,65,1
384,0,0,1,0,1,0,0,21,1
711,0,0,1,0,1,0,0,37,1
624,0,0,1,0,1,0,1,37,1
483,0,0,1,0,1,0,1,29,1
1424,0,0,1,0,1,0,1,30,1
552,0,0,1,0,1,0,1,20,1
817,0,0,1,0,1,0,0,30,1
956,0,0,1,0,1,0,0,24,1
1779,0,0,1,0,1,0,1,39,1
189,0,0,1,0,1,0,1,35,1
1068,0,0,1,0,1,0,1,31,1
971,0,0,1,0,1,0,0,34,1
1132,0,0,1,0,1,0,1,27,1
302,0,0,1,0,1,0,1,61,1
809,0,0,1,0,1,0,1,41,1
513,0,0,1,0,1,0,1,23,1
1640,0,0,1,0,1,0,1,28,1
349,0,0,1,0,1,0,0,36,1
358,0,0,1,0,1,0,1,22,1
1069,0,0,1,0,1,0,1,31,1
331,0,0,1,0,1,0,1,39,1
769,0,0,1,0,1,0,1,39,1
931,0,0,1,0,1,0,1,29,1
895,0,0,1,0,1,0,1,31,1
337,0,0,1,0,1,0,1,20,1
678,0,0,1,0,1,0,1,30,1
205,0,0,1,0,1,0,1,26,1
344,0,0,1,0,1,0,1,25,1
1010,0,0,1,0,1,0,1,24,1
466,0,0,1,0,1,0,1,49,1
135,0,0,1,0,1,0,1,23,1
1446,0,0,1,0,1,0,1,37,1
227,0,0,1,0,1,0,1,26,1
8004,0,0,1,0,1,0,0,34,1
729,0,0,1,0,1,0,1,26,1
555,0,0,1,0,1,0,1,31,1
291,0,0,1,0,1,0,1,29,1
271,0,0,1,0,1,0,1,31,1
831,0,0,1,0,1,0,1,30,1
1140,0,0,1,0,1,0,1,51,1
1317,0,0,1,0,1,0,1,29,1
677,0,0,1,0,1,0,1,41,1
502,0,0,1,0,1,0,1,35,1
368,0,0,1,0,1,0,0,48,1
321,0,0,1,0,1,0,1,25,1
445,0,0,1,0,1,0,1,55,1
525,0,0,1,0,1,0,1,28,1
334,0,0,1,0,1,0,1,27,1
643,0,0,1,0,1,0,0,31,1
449,0,0,1,0,1,0,1,27,1
300,0,0,1,0,1,0,1,29,1
411,0,0,1,0,1,0,1,32,1
1196,0,0,1,0,1,0,1,22,1
947,0,0,1,0,1,0,0,51,1
808,0,0,1,0,1,0,0,25,1
946,0,0,1,0,1,0,1,41,1
871,0,0,1,0,1,0,0,31,1
391,0,0,1,0,1,0,1,20,1
465,0,0,1,0,1,0,1,48,1
389,0,0,1,0,1,0,1,26,1
1161,0,0,1,0,1,0,0,20,1
1144,0,0,1,0,1,0,1,37,1
1978,0,0,1,0,1,0,1,51,1
377,0,0,1,0,1,0,1,21,1
410,0,0,1,0,1,0,1,27,1
316,0,0,1,0,1,0,1,26,1
1067,0,0,1,0,1,0,1,32,1
823,0,0,1,0,1,0,1,24,1
2373,0,0,1,0,1,0,1,51,1
973,0,0,1,0,1,0,1,58,1
502,0,0,1,0,1,0,1,32,1
511,0,0,1,0,1,0,0,23,1
673,0,0,1,0,1,0,1,38,1
748,0,0,1,0,1,0,0,30,1
656,0,0,1,0,1,0,1,44,1
10,0,0,1,0,1,0,1,49,1
459,0,0,1,0,1,0,1,39,1
212,0,0,1,0,1,0,0,50,1
586,0,0,1,0,1,0,0,31,1
460,0,0,1,0,1,0,1,32,1
708,0,0,1,0,1,0,0,30,1
620,0,0,1,0,1,0,1,33,1
722,0,0,1,0,1,0,1,51,1
811,0,0,1,0,1,0,1,26,1
435,0,0,1,0,1,0,1,48,1
775,0,0,1,0,1,0,1,23,1
792,0,0,1,0,1,0,1,39,1
807,0,0,1,0,1,0,1,33,1
298,0,0,1,0,1,0,0,33,1
621,0,0,1,0,1,0,0,28,1
748,0,0,1,0,1,0,1,27,1
480,0,0,1,0,1,0,1,30,1
570,0,0,1,0,1,0,1,37,1
178,0,0,1,0,1,0,1,28,1
208,0,0,1,0,1,0,0,29,1
1103,0,0,1,0,1,0,1,30,1
2557,0,0,1,0,1,0,0,55,1
466,0,0,1,0,1,0,1,29,1
898,0,0,1,0,1,0,0,50,1
763,0,0,1,0,1,0,0,27,1
243,0,0,1,0,1,0,1,37,1
1069,0,0,1,0,1,0,1,32,1
133,0,0,1,0,1,0,1,23,1
884,0,0,1,0,1,0,0,29,1
562,0,0,1,0,1,0,1,42,1
260,0,0,1,0,1,0,1,34,1
332,0,0,1,0,1,0,1,33,1
326,0,0,1,0,1,0,1,22,1
910,0,0,1,0,1,0,1,27,1
449,0,0,1,0,1,0,1,25,1
2944,0,0,1,0,1,0,1,36,1
782,0,0,1,0,1,0,1,28,1
595,0,0,1,0,1,0,1,38,1
255,0,0,1,0,1,0,0,42,1
466,0,0,1,0,1,0,1,25,1
516,0,0,1,0,1,0,1,32,1
358,0,0,1,0,1,0,1,46,1
436,0,0,1,0,1,0,1,29,1
2490,0,0,1,0,1,0,1,23,1
208,0,0,1,0,1,0,1,29,1
321,0,0,1,0,1,0,1,21,1
110,0,0,1,0,1,0,1,26,1
345,0,0,1,0,1,0,1,33,1
734,0,0,1,0,1,0,1,29,1
1476,0,0,1,0,1,0,1,28,1
291,0,0,1,0,1,0,1,18,1
464,0,0,1,0,1,0,0,26,1
996,0,0,1,0,1,0,0,24,1
642,0,0,1,0,1,0,0,21,1
951,0,0,1,0,1,0,1,45,1
529,0,0,1,0,1,0,1,30,1
112,0,0,1,0,1,0,0,28,1
565,0,0,1,0,1,0,1,23,1
454,0,0,1,0,1,0,1,31,1
821,0,0,1,0,1,0,1,24,1
931,0,0,1,0,1,0,0,36,1
300,0,0,1,0,1,0,0,45,1
327,0,0,1,0,1,0,1,40,1
13,0,0,1,0,1,0,1,34,1
652,0,0,1,0,1,0,1,45,1
517,0,0,1,0,1,0,0,25,1
805,0,0,1,0,1,0,1,23,1
698,0,0,1,0,1,0,1,24,1
801,0,0,1,0,1,0,0,23,1
342,0,0,1,0,1,0,1,43,1
525,0,0,1,0,1,0,1,51,1
1106,0,0,1,0,1,0,0,37,1
927,0,0,1,0,1,0,1,32,1
415,0,0,1,0,1,0,1,47,1
375,0,0,1,0,1,0,0,24,1
4914,0,0,1,0,1,0,1,25,1
730,0,0,1,0,1,0,1,35,1
457,0,0,1,0,1,0,0,27,1
364,0,0,1,0,1,0,0,35,1
264,0,0,1,0,1,0,1,52,1
427,0,0,1,0,1,0,1,29,1
1436,0,0,1,0,1,0,1,32,1
239,0,0,1,0,1,0,0,29,1
541,0,0,1,0,1,0,0,23,1
1274,0,0,1,0,1,0,1,24,1
568,0,0,1,0,1,0,1,34,1
1105,0,0,1,0,1,0,1,25,1
1188,0,0,1,0,1,0,0,29,1
974,0,0,1,0,1,0,1,26,1
730,0,0,1,0,1,0,1,34,1
146,0,0,1,0,1,0,0,30,1
659,0,0,1,0,1,0,1,30,1
1066,0,0,1,0,1,0,1,49,1
687,0,0,1,0,1,0,1,35,1
374,0,0,1,0,1,0,1,39,1
1133,0,0,1,0,1,0,0,43,1
562,0,0,1,0,1,0,1,51,1
1639,0,0,1,0,1,0,1,50,1
303,0,0,1,0,1,0,1,42,1
543,0,0,1,0,1,0,1,25,1
1052,0,0,1,0,1,0,0,30,1
338,0,0,1,0,1,0,1,33,1
363,0,0,1,0,1,0,0,28,1
346,0,0,1,0,1,0,1,27,1
1744,0,0,1,0,1,0,0,41,1
511,0,0,1,0,1,0,1,26,1
1283,0,0,1,0,1,0,0,23,1
224,0,0,1,0,1,0,0,28,1
913,0,0,1,0,1,0,1,24,1
156,0,0,1,0,1,0,1,61,1
416,0,0,1,0,1,0,1,26,1
386,0,0,1,0,1,0,1,30,1
1083,0,0,1,0,1,0,0,53,1
569,0,0,1,0,1,0,1,35,1
959,0,0,1,0,1,0,1,48,1
828,0,0,1,0,1,0,1,42,1
1237,0,0,1,0,1,0,0,26,1
681,0,0,1,0,1,0,1,28,1
207,0,0,1,0,1,0,0,28,1
889,0,0,1,0,1,0,0,34,1
788,0,0,1,0,1,0,0,24,1
463,0,0,1,0,1,0,1,42,1
956,0,0,1,0,1,0,0,28,1
974,0,0,1,0,1,0,1,29,1
317,0,0,1,0,1,0,0,32,1
149,0,0,1,0,1,0,1,26,1
548,0,0,1,0,1,0,0,44,1
1353,0,0,1,0,1,0,1,53,1
288,0,0,1,0,1,0,1,26,1
1122,0,0,1,0,1,0,1,31,1
1136,0,0,1,0,1,0,0,33,1
570,0,0,1,0,1,0,1,33,1
260,0,0,1,0,1,0,1,21,1
1254,0,0,1,0,1,0,0,32,1
490,0,0,1,0,1,0,1,30,1
934,0,0,1,0,1,0,0,30,1
1720,0,0,1,0,1,0,0,25,1
903,0,0,1,0,1,0,1,53,1
794,0,0,1,0,1,0,0,24,1
704,0,0,1,0,1,0,1,24,1
597,0,0,1,0,1,0,1,31,1
48216,0,0,1,0,1,0,1,27,1
496,0,0,1,0,1,0,0,23,1
349,0,0,1,0,1,0,1,33,1
747,0,0,1,0,1,0,0,36,1
772,0,0,1,0,1,0,1,28,1
957,0,0,1,0,1,0,1,41,1
625,0,0,1,0,1,0,0,52,1
719,0,0,1,0,1,0,1,26,1
563,0,0,1,0,1,0,1,29,1
1032,0,0,1,0,1,0,1,35,1
625,0,0,1,0,1,0,1,43,1
123,0,0,1,0,1,0,1,33,1
975,0,0,1,0,1,0,0,35,1
694,0,0,1,0,1,0,0,30,1
686,0,0,1,0,1,0,1,27,1
813,0,0,1,0,1,0,0,24,1
305,0,0,1,0,1,0,0,25,1
214,0,0,1,0,1,0,1,28,1
857,0,0,1,0,1,0,1,23,1
255,0,0,1,0,1,0,0,32,1
322,0,0,1,0,1,0,1,27,1
292,0,0,1,0,1,0,0,21,1
655,0,0,1,0,1,0,1,26,1
301,0,0,1,0,1,0,0,34,1
941,0,0,1,0,1,0,0,24,1
288,0,0,1,0,1,0,1,29,1
565,0,0,1,0,1,0,1,29,1
396,0,0,1,0,1,0,1,24,1
320,0,0,1,0,1,0,1,24,1
1296,0,0,1,0,1,0,0,23,1
869,0,0,1,0,1,0,0,30,1
602,0,0,1,0,1,0,1,25,1
294,0,0,1,0,1,0,1,22,1
465,0,0,1,0,1,0,0,25,1
666,0,0,1,0,1,0,1,59,1
265,0,0,1,0,1,0,1,24,1
1103,0,0,1,0,1,0,0,27,1
559,0,0,1,0,1,0,0,60,1
134,0,0,1,0,1,0,1,29,1
643,0,0,1,0,1,0,1,40,1
577,0,0,1,0,1,0,1,29,1
510,0,0,1,0,1,0,1,29,1
875,0,0,1,0,1,0,0,31,1
367,0,0,1,0,1,0,1,26,1
532,0,0,1,0,1,0,1,23,1
604,0,0,1,0,1,0,1,50,1
405,0,0,1,0,1,0,0,20,1
346,0,0,1,0,1,0,0,24,1
425,0,0,1,0,1,0,1,52,1
890,0,0,1,0,1,0,0,29,1
723,0,0,1,0,1,0,0,22,1
118,0,0,1,0,1,0,1,46,1
422,0,0,1,0,1,0,1,59,1
949,0,0,1,0,1,0,1,33,1
723,0,0,1,0,1,0,1,23,1
643,0,0,1,0,1,0,1,43,1
163,0,0,1,0,1,0,1,30,1
1119,0,0,1,0,1,0,0,30,1
929,0,0,1,0,1,0,1,22,1
484,0,0,1,0,1,0,0,26,1
371,0,0,1,0,1,0,1,29,1
569,0,0,1,0,1,0,1,31,1
512,0,0,1,0,1,0,1,28,1
277,0,0,1,0,1,0,0,56,1
254,0,0,1,0,1,0,1,24,1
485,0,0,1,0,1,0,0,21,1
707,0,0,1,0,1,0,0,37,1
1386,0,0,1,0,1,0,1,49,1
578,0,0,1,0,1,0,1,28,1
463,0,0,1,0,1,0,1,44,1
507,0,0,1,0,1,0,1,30,1
1255,0,0,1,0,1,0,1,30,1
570,0,0,1,0,1,0,1,59,1
368,0,0,1,0,1,0,1,22,1
1293,0,0,1,0,1,0,0,36,1
1369,0,0,1,0,1,0,1,26,1
211,0,0,1,0,1,0,1,35,1
460,0,0,1,0,1,0,1,25,1
269,0,0,1,0,1,0,0,29,1
652,0,0,1,0,1,0,1,34,1
578,0,0,1,0,1,0,1,24,1
493,0,0,1,0,1,0,0,28,1
477,0,0,1,0,1,0,1,27,1
608,0,0,1,0,1,0,1,26,1
232,0,0,1,0,1,0,1,21,1
323,0,0,1,0,1,0,1,26,1
540,0,0,1,0,1,0,1,27,1
1036,0,0,1,0,1,0,1,31,1
316,0,0,1,0,1,0,1,51,1
622,0,0,1,0,1,0,1,41,1
465,0,0,1,0,1,0,1,41,1
585,0,0,1,0,1,0,1,25,1
417,0,0,1,0,1,0,1,45,1
919,0,0,1,0,1,0,1,43,1
295,0,0,1,0,1,0,1,23,1
1250,0,0,1,0,1,0,0,26,1
329,0,0,1,0,1,0,1,63,1
331,0,0,1,0,1,0,1,32,1
1671,0,0,1,0,1,0,1,50,1
389,0,0,1,0,1,0,1,30,1
1041,0,0,1,0,1,0,0,37,1
1254,0,0,1,0,1,0,0,30,1
1469,0,0,1,0,1,0,1,28,1
1018,0,0,1,0,1,0,1,28,1
516,0,0,1,0,1,0,1,51,1
437,0,0,1,0,1,0,1,35,1
263,0,0,1,0,1,0,1,28,1
561,0,0,1,0,1,0,1,28,1
272,0,0,1,0,1,0,1,37,1
848,0,0,1,0,1,0,1,38,1
962,0,0,1,0,1,0,0,28,1
172,0,0,1,0,1,0,1,21,1
679,0,0,1,0,1,0,0,30,1
194,0,0,1,0,1,0,0,33,1
593,0,0,1,0,1,0,1,31,1
311,0,0,1,0,1,0,1,37,1
876,0,0,1,0,1,0,1,33,1
577,0,0,1,0,1,0,0,23,1
665,0,0,1,0,1,0,1,38,1
869,0,0,1,0,1,0,0,54,1
210,0,0,1,0,1,0,0,30,1
1549,0,0,1,0,1,0,1,37,1
1321,0,0,1,0,1,0,1,45,1
444,0,0,1,0,1,0,1,26,1
347,0,0,1,0,1,0,1,29,1
1127,0,0,1,0,1,0,1,45,1
869,0,0,1,0,1,0,0,27,1
545,0,0,1,0,1,0,1,25,1
1071,0,0,1,0,1,0,0,27,1
391,0,0,1,0,1,0,1,55,1
348,0,0,1,0,1,0,1,25,1
690,0,0,1,0,1,0,1,52,1
1165,0,0,1,0,1,0,1,28,1
319,0,0,1,0,1,0,1,45,1
258,0,0,1,0,1,0,0,37,1
264,0,0,1,0,1,0,1,22,1
969,0,0,1,0,1,0,0,56,1
255,0,0,1,0,1,0,1,36,1
378,0,0,1,0,1,0,1,46,1
211,0,0,1,0,1,0,1,22,1
1437,0,0,1,0,1,0,0,35,1
664,0,0,1,0,1,0,1,25,1
1214,0,0,1,0,1,0,0,36,1
494,0,0,1,0,1,0,1,49,1
1453,0,0,1,0,1,0,0,25,1
453,0,0,1,0,1,0,0,46,1
338,0,0,1,0,1,0,1,29,1
340,0,0,1,0,1,0,1,29,1
577,0,0,1,0,1,0,0,28,1
449,0,0,1,0,1,0,1,21,1
948,0,0,1,0,1,0,1,34,1
428,0,0,1,0,1,0,1,23,1
354,0,0,1,0,1,0,1,51,1
1091,0,0,1,0,1,0,0,41,1
299,0,0,1,0,1,0,1,29,1
1001,0,0,1,0,1,0,1,28,1
513,0,0,1,0,1,0,1,23,1
565,0,0,1,0,1,0,1,55,1
149,0,0,1,0,1,0,1,37,1
284,0,0,1,0,1,0,1,24,1
247,0,0,1,0,1,0,1,23,1
471,0,0,1,0,1,0,0,30,1
1174,0,0,1,0,1,0,1,49,1
539,0,0,1,0,1,0,1,36,1
1123,0,0,1,0,1,0,1,33,1
644,0,0,1,0,1,0,0,24,1
815,0,0,1,0,1,0,0,25,1
144,0,0,1,0,1,0,0,31,1
389,0,0,1,0,1,0,1,26,1
934,0,0,1,0,1,0,1,35,1
1558,0,0,1,0,1,0,1,36,1
633,0,0,1,0,1,0,0,28,1
331,0,0,1,0,1,0,1,33,1
2229,0,0,1,0,1,0,1,39,1
1313,0,0,1,0,1,0,1,51,1
1053,0,0,1,0,1,0,0,34,1
530,0,0,1,0,1,0,1,29,1
569,0,0,1,0,1,0,1,32,1
1047,0,0,1,0,1,0,1,28,1
718,0,0,1,0,1,0,0,53,1
225,0,0,1,0,1,0,1,28,1
416,0,0,1,0,1,0,0,21,1
478,0,0,1,0,1,0,0,54,1
902,0,0,1,0,1,0,1,25,1
1486,0,0,1,0,1,0,0,28,1
1360,0,0,1,0,1,0,0,49,1
1393,0,0,1,0,1,0,1,60,1
764,0,0,1,0,1,0,1,43,1
1036,0,0,1,0,1,0,1,26,1
519,0,0,1,0,1,0,0,46,1
273,0,0,1,0,1,0,1,32,1
850,0,0,1,0,1,0,1,34,1
689,0,0,1,0,1,0,0,30,1
209,0,0,1,0,1,0,1,30,1
938,0,0,1,0,1,0,1,26,1
919,0,0,1,0,1,0,1,25,1
1010,0,0,1,0,1,0,1,30,1
1106,0,0,1,0,1,0,0,35,1
349,0,0,1,0,1,0,1,35,1
835,0,0,1,0,1,0,0,36,1
320,0,0,1,0,1,0,1,38,1
516,0,0,1,0,1,0,0,28,1
1274,0,0,1,0,1,0,0,23,1
568,0,0,1,0,1,0,1,24,1
430,0,0,1,0,1,0,1,35,1
314,0,0,1,0,1,0,0,24,1
522,0,0,1,0,1,0,0,22,1
1040,0,0,1,0,1,0,1,67,1
547,0,0,1,0,1,0,1,24,1
604,0,0,1,0,1,0,1,30,1
867,0,0,1,0,1,0,0,30,1
231,0,0,1,0,1,0,1,24,1
859,0,0,1,0,1,0,1,29,1
428,0,0,1,0,1,0,1,57,1
734,0,0,1,0,1,0,1,32,1
506,0,0,1,0,1,0,0,41,1
297,0,0,1,0,1,0,1,53,1
691,0,0,1,0,1,0,1,49,1
1302,0,0,1,0,1,0,0,23,1
358,0,0,1,0,1,0,0,27,1
434,0,0,1,0,1,0,1,29,1
758,0,0,1,0,1,0,1,42,1
444,0,0,1,0,1,0,0,21,1
399,0,0,1,0,1,0,1,25,1
1491,0,0,1,0,1,0,1,32,1
700,0,0,1,0,1,0,0,52,1
761,0,0,1,0,1,0,1,28,1
1266,0,0,1,0,1,0,1,25,1
650,0,0,1,0,1,0,1,29,1
1776,0,0,1,0,1,0,0,53,1
800,0,0,1,0,1,0,1,60,1
827,0,0,1,0,1,0,1,27,1
488,0,0,1,0,1,0,1,27,1
584,0,0,1,0,1,0,1,32,1
1663,0,0,1,0,1,0,1,38,1
835,0,0,1,0,1,0,0,20,1
641,0,0,1,0,1,0,1,32,1
489,0,0,1,0,1,0,0,32,1
502,0,0,1,0,1,0,0,24,1
1264,0,0,1,0,1,0,1,47,1
929,0,0,1,0,1,0,1,28,1
133,0,0,1,0,1,0,1,33,1
1320,0,0,1,0,1,0,1,21,1
804,0,0,1,0,1,0,1,39,1
303,0,0,1,0,1,0,1,27,1
595,0,0,1,0,1,0,1,23,1
338,0,0,1,0,1,0,1,28,1
949,0,0,1,0,1,0,1,32,1
622,0,0,1,0,1,0,1,25,1
134,0,0,1,0,1,0,0,30,1
272,0,0,1,0,1,0,0,29,1
465,0,0,1,0,1,0,1,29,1
318,0,0,1,0,1,0,1,59,1
370,0,0,1,0,1,0,0,24,1
505,0,0,1,0,1,0,1,26,1
389,0,0,1,0,1,0,1,24,1
1009,0,0,1,0,1,0,0,59,1
549,0,0,1,0,1,0,1,30,1
301,0,0,1,0,1,0,1,42,1
397,0,0,1,0,1,0,1,58,1
791,0,0,1,0,1,0,1,26,1
454,0,0,1,0,1,0,1,26,1
937,0,0,1,0,1,0,1,29,1
1148,0,0,1,0,1,0,1,24,1
1092,0,0,1,0,1,0,1,35,1
1074,0,0,1,0,1,0,1,27,1
435,0,0,1,0,1,0,1,29,1
687,0,0,1,0,1,0,1,27,1
909,0,0,1,0,1,0,1,28,1
514,0,0,1,0,1,0,1,37,1
851,0,0,1,0,1,0,0,27,1
708,0,0,1,0,1,0,1,37,1
453,0,0,1,0,1,0,1,35,1
184,0,0,1,0,1,0,1,22,1
396,0,0,1,0,1,0,1,27,1
293,0,0,1,0,1,0,0,60,1
455,0,0,1,0,1,0,1,45,1
962,0,0,1,0,1,0,1,26,1
1253,0,0,1,0,1,0,1,39,1
496,0,0,1,0,1,0,1,35,1
868,0,0,1,0,1,0,1,36,1
442,0,0,1,0,1,0,1,49,1
221,0,0,1,0,1,0,0,32,1
543,0,0,1,0,1,0,0,24,1
183,0,0,1,0,1,0,0,20,1
315,0,0,1,0,1,0,0,44,1
619,0,0,1,0,1,0,1,26,1
461,0,0,1,0,1,0,1,29,1
1236,0,0,1,0,1,0,1,36,1
1141,0,0,1,0,1,0,1,45,1
2347,0,0,1,0,1,0,0,23,1
649,0,0,1,0,1,0,1,27,1
773,0,0,1,0,1,0,1,27,1
494,0,0,1,0,1,0,1,50,1
1646,0,0,1,0,1,0,1,29,1
952,0,0,1,0,1,0,1,20,1
626,0,0,1,0,1,0,0,30,1
452,0,0,1,0,1,0,1,33,1
295,0,0,1,0,1,0,1,40,1
732,0,0,1,0,1,0,1,29,1
1293,0,0,1,0,1,0,1,20,1
410,0,0,1,0,1,0,0,35,1
314,0,0,1,0,1,0,1,34,1
444,0,0,1,0,1,0,1,28,1
1972,0,0,1,0,1,0,1,31,1
1254,0,0,1,0,1,0,0,31,1
901,0,0,1,0,1,0,1,36,1
441,0,0,1,0,1,0,1,30,1
243,0,0,1,0,1,0,0,41,1
683,0,0,1,0,1,0,1,47,1
226,0,0,1,0,1,0,1,32,1
924,0,0,1,0,1,0,1,40,1
443,0,0,1,0,1,0,1,36,1
1439,0,0,1,0,1,0,0,24,1
432,0,0,1,0,1,0,1,28,1
843,0,0,1,0,1,0,1,27,1
938,0,0,1,0,1,0,0,39,1
635,0,0,1,0,1,0,1,33,1
1786,0,0,1,0,1,0,1,28,1
570,0,0,1,0,1,0,0,26,1
1326,0,0,1,0,1,0,1,44,1
265,0,0,1,0,1,0,1,29,1
53,0,0,1,0,1,0,0,23,1
654,0,0,1,0,1,0,1,37,1
461,0,0,1,0,1,0,0,29,1
341,0,0,1,0,1,0,1,34,1
636,0,0,1,0,1,0,1,39,1
1099,0,0,1,0,1,0,1,29,1
868,0,0,1,0,1,0,1,24,1
440,0,0,1,0,1,0,0,30,1
525,0,0,1,0,1,0,0,33,1
450,0,0,1,0,1,0,1,35,1
7080,0,0,1,0,1,0,1,40,1
399,0,0,1,0,1,0,0,30,1
1216,0,0,1,0,1,0,1,27,1
522,0,0,1,0,1,0,1,32,1
411,0,0,1,0,1,0,1,23,1
363,0,0,1,0,1,0,1,20,1
1645,0,0,1,0,1,0,1,34,1
671,0,0,1,0,1,0,1,31,1
808,0,0,1,0,1,0,1,28,1
863,0,0,1,0,1,0,1,29,1
802,0,0,1,0,1,0,0,42,1
609,0,0,1,0,1,0,1,21,1
556,0,0,1,0,1,0,1,35,1
364,0,0,1,0,1,0,1,38,1
114,0,0,1,0,1,0,1,28,1
219,0,0,1,0,1,0,1,26,1
585,0,0,1,0,1,0,1,37,1
364,0,0,1,0,1,0,1,24,1
1011,0,0,1,0,1,0,0,30,1
399,0,0,1,0,1,0,0,30,1
374,0,0,1,0,1,0,1,24,1
486,0,0,1,0,1,0,1,31,1
355,0,0,1,0,1,0,1,42,1
650,0,0,1,0,1,0,1,52,1
718,0,0,1,0,1,0,0,31,1
683,0,0,1,0,1,0,1,39,1
192,0,0,1,0,1,0,1,30,1
731,0,0,1,0,1,0,1,27,1
415,0,0,1,0,1,0,1,30,1
395,0,0,1,0,1,0,1,38,1
371,0,0,1,0,1,0,1,39,1
363,0,0,1,0,1,0,1,53,1
662,0,0,1,0,1,0,1,32,1
1617,0,0,1,0,1,0,1,36,1
244,0,0,1,0,1,0,1,33,1
477,0,0,1,0,1,0,0,28,1
604,0,0,1,0,1,0,1,42,1
267,0,0,1,0,1,0,1,21,1
484,0,0,1,0,1,0,1,65,1
1271,0,0,1,0,1,0,1,40,1
396,0,0,1,0,1,0,1,28,1
396,0,0,1,0,1,0,1,25,1
1684,0,0,1,0,1,0,0,47,1
278,0,0,1,0,1,0,1,20,1
241,0,0,1,0,1,0,1,23,1
1941,0,0,1,0,1,0,1,52,1
538,0,0,1,0,1,0,1,48,1
301,0,0,1,0,1,0,0,20,1
747,0,0,1,0,1,0,1,40,1
591,0,0,1,0,1,0,1,26,1
1572,0,0,1,0,1,0,1,27,1
840,0,0,1,0,1,0,0,31,1
1569,0,0,1,0,1,0,1,28,1
353,0,0,1,0,1,0,1,28,1
830,0,0,1,0,1,0,1,37,1
548,0,0,1,0,1,0,0,29,1
396,0,0,1,0,1,0,1,53,1
408,0,0,1,0,1,0,1,29,1
719,0,0,1,0,1,0,1,33,1
353,0,0,1,0,1,0,1,23,1
483,0,0,1,0,1,0,1,51,1
282,0,0,1,0,1,0,0,32,1
514,0,0,1,0,1,0,0,27,1
484,0,0,1,0,1,0,1,26,1
1496,0,0,1,0,1,0,0,28,1
1250,0,0,1,0,1,0,0,27,1
321,0,0,1,0,1,0,1,29,1
794,0,0,1,0,1,0,1,29,1
282,0,0,1,0,1,0,1,24,1
323,0,0,1,0,1,0,1,33,1
417,0,0,1,0,1,0,1,38,1
171,0,0,1,0,1,0,0,25,1
634,0,0,1,0,1,0,1,26,1
643,0,0,1,0,1,0,0,24,1
342,0,0,1,0,1,0,1,36,1
1060,0,0,1,0,1,0,1,29,1
582,0,0,1,0,1,0,1,32,1
965,0,0,1,0,1,0,0,29,1
843,0,0,1,0,1,0,1,55,1
770,0,0,1,0,1,0,0,22,1
389,0,0,1,0,1,0,0,35,1
274,0,0,1,0,1,0,0,20,1
1003,0,0,1,0,1,0,1,25,1
1190,0,0,1,0,1,0,1,66,1
588,0,0,1,0,1,0,1,20,1
505,0,0,1,0,1,0,1,34,1
810,0,0,1,0,1,0,1,31,1
389,0,0,1,0,1,0,1,32,1
1315,0,0,1,0,1,0,1,38,1
806,0,0,1,0,1,0,1,25,1
1473,0,0,1,0,1,0,1,32,1
903,0,0,1,0,1,0,1,51,1
1247,0,0,1,0,1,0,1,37,1
949,0,0,1,0,1,0,1,50,1
388,0,0,1,0,1,0,1,47,1
271,0,0,1,0,1,0,1,26,1
367,0,0,1,0,1,0,1,27,1
276,0,0,1,0,1,0,0,28,1
467,0,0,1,0,1,0,1,25,1
373,0,0,1,0,1,0,1,30,1
1251,0,0,1,0,1,0,0,36,1
762,0,0,1,0,1,0,1,27,1
403,0,0,1,0,1,0,1,30,1
344,0,0,1,0,1,0,1,49,1
1006,0,0,1,0,1,0,1,23,1
372,0,0,1,0,1,0,1,34,1
184,0,0,1,0,1,0,1,29,1
2714,0,0,1,0,1,0,1,27,1
217,0,0,1,0,1,0,1,52,1
698,0,0,1,0,1,0,1,25,1
965,0,0,1,0,1,0,0,36,1
570,0,0,1,0,1,0,1,38,1
187,0,0,1,0,1,0,1,65,1
268,0,0,1,0,1,0,1,33,1
311,0,0,1,0,1,0,1,29,1
852,0,0,1,0,1,0,1,26,1
516,0,0,1,0,1,0,1,41,1
342,0,0,1,0,1,0,1,49,1
708,0,0,1,0,1,0,1,35,1
807,0,0,1,0,1,0,0,44,1
331,0,0,1,0,1,0,1,25,1
542,0,0,1,0,1,0,0,38,1
440,0,0,1,0,1,0,0,32,1
232,0,0,1,0,1,0,1,30,1
792,0,0,1,0,1,0,1,42,1
175,0,0,1,0,1,0,1,46,1
251,0,0,1,0,1,0,1,29,1
693,0,0,1,0,1,0,1,27,1
1717,0,0,1,0,1,0,0,41,1
725,0,0,1,0,1,0,1,35,1
153,0,0,1,0,1,0,0,27,1
1278,0,0,1,0,1,0,0,43,1
517,0,0,1,0,1,0,0,32,1
709,0,0,1,0,1,0,1,36,1
519,0,0,1,0,1,0,1,30,1
923,0,0,1,0,1,0,0,42,1
513,0,0,1,0,1,0,1,49,1
993,0,0,1,0,1,0,0,38,1
37897,0,0,1,0,1,0,0,27,1
762,0,0,1,0,1,0,0,23,1
168,0,0,1,0,1,0,0,54,1
1145,0,0,1,0,1,0,1,49,1
478,0,0,1,0,1,0,1,19,1
737,0,0,1,0,1,0,1,29,1
1364,0,0,1,0,1,0,1,42,1
1051,0,0,1,0,1,0,1,51,1
448,0,0,1,0,1,0,1,32,1
1810,0,0,1,0,1,0,0,30,1
229,0,0,1,0,1,0,1,22,1
543,0,0,1,0,1,0,1,42,1
1280,0,0,1,0,1,0,1,24,1
625,0,0,1,0,1,0,0,27,1
990,0,0,1,0,1,0,0,53,1
888,0,0,1,0,1,0,0,19,1
943,0,0,1,0,1,0,1,24,1
1836,0,0,1,0,1,0,1,31,1
232,0,0,1,0,1,0,0,39,1
934,0,0,1,0,1,0,1,51,1
402,0,0,1,0,1,0,1,32,1
751,0,0,1,0,1,0,1,57,1
472,0,0,1,0,1,0,0,21,1
1268,0,0,1,0,1,0,0,37,1
694,0,0,1,0,1,0,1,28,1
335,0,0,1,0,1,0,1,28,1
221,0,0,1,0,1,0,1,32,1
572,0,0,1,0,1,0,1,34,1
878,0,0,1,0,1,0,1,48,1
999,0,0,1,0,1,0,1,35,1
142,0,0,1,0,1,0,1,49,1
9,0,0,1,0,1,0,1,31,1
686,0,0,1,0,1,0,0,38,1
1198,0,0,1,0,1,0,1,23,1
406,0,0,1,0,1,0,1,19,1
677,0,0,1,0,1,0,0,24,1
186,0,0,1,0,1,0,1,20,1
896,0,0,1,0,1,0,1,23,1
760,0,0,1,0,1,0,1,20,1
132,0,0,1,0,1,0,0,25,1
369,0,0,1,0,1,0,1,44,1
567,0,0,1,0,1,0,1,32,1
311,0,0,1,0,1,0,0,25,1
471,0,0,1,0,1,0,1,33,1
246,0,0,1,0,1,0,1,46,1
183,0,0,1,0,1,0,1,29,1
375,0,0,1,0,1,0,0,27,1
494,0,0,1,0,1,0,1,29,1
338,0,0,1,0,1,0,1,45,1
1187,0,0,1,0,1,0,1,33,1
538,0,0,1,0,1,0,0,36,1
597,0,0,1,0,1,0,1,39,1
244,0,0,1,0,1,0,1,51,1
1212,0,0,1,0,1,0,1,32,1
472,0,0,1,0,1,0,1,34,1
4,0,0,1,0,1,0,0,17,1
1522,0,0,1,0,1,0,0,28,1
160,0,0,1,0,1,0,1,28,1
1033,0,0,1,0,1,0,0,23,1
1106,0,0,1,0,1,0,1,26,1
287,0,0,1,0,1,0,1,43,1
700,0,0,1,0,1,0,1,32,1
476,0,0,1,0,1,0,1,30,1
1136,0,0,1,0,1,0,1,25,1
585,0,0,1,0,1,0,1,58,1
1226,0,0,1,0,1,0,1,42,1
291,0,0,1,0,1,0,0,27,1
233,0,0,1,0,1,0,0,27,1
148,0,0,1,0,1,0,1,20,1
589,0,0,1,0,1,0,0,25,1
592,0,0,1,0,1,0,1,39,1
505,0,0,1,0,1,0,1,26,1
561,0,0,1,0,1,0,1,25,1
267,0,0,1,0,1,0,1,35,1
265,0,0,1,0,1,0,0,22,1
683,0,0,1,0,1,0,0,26,1
1230,0,0,1,0,1,0,1,28,1
235,0,0,1,0,1,0,1,35,1
220,0,0,1,0,1,0,1,33,1
310,0,0,1,0,1,0,1,29,1
587,0,0,1,0,1,0,1,34,1
510,0,0,1,0,1,0,1,50,1
693,0,0,1,0,1,0,1,24,1
778,0,0,1,0,1,0,0,36,1
333,0,0,1,0,1,0,1,35,1
766,0,0,1,0,1,0,0,24,1
436,0,0,1,0,1,0,1,49,1
322,0,0,1,0,1,0,1,23,1
625,0,0,1,0,1,0,0,29,1
1169,0,0,1,0,1,0,1,54,1
507,0,0,1,0,1,0,1,26,1
1056,0,0,1,0,1,0,1,31,1
422,0,0,1,0,1,0,0,25,1
442,0,0,1,0,1,0,0,20,1
1965,0,0,1,0,1,0,1,39,1
568,0,0,1,0,1,0,0,21,1
451,0,0,1,0,1,0,1,19,1
464,0,0,1,0,1,0,1,32,1
557,0,0,1,0,1,0,1,28,1
396,0,0,1,0,1,0,0,27,1
1093,0,0,1,0,1,0,0,27,1
530,0,0,1,0,1,0,1,36,1
427,0,0,1,0,1,0,0,48,1
496,0,0,1,0,1,0,0,31,1
450,0,0,1,0,1,0,1,38,1
1167,0,0,1,0,1,0,1,39,1
568,0,0,1,0,1,0,1,28,1
271,0,0,1,0,1,0,1,25,1
633,0,0,1,0,1,0,1,59,1
567,0,0,1,0,1,0,1,43,1
411,0,0,1,0,1,0,1,33,1
809,0,0,1,0,1,0,1,24,1
914,0,0,1,0,1,0,1,26,1
700,0,0,1,0,1,0,1,41,1
463,0,0,1,0,1,0,1,40,1
627,0,0,1,0,1,0,1,48,1
632,0,0,1,0,1,0,1,20,1
665,0,0,1,0,1,0,1,24,1
1269,0,0,1,0,1,0,1,28,1
826,0,0,1,0,1,0,1,28,1
151,0,0,1,0,1,0,1,30,1
827,0,0,1,0,1,0,0,21,1
1466,0,0,1,0,1,0,0,24,1
378,0,0,1,0,1,0,1,28,1
333,0,0,1,0,1,0,1,63,1
546,0,0,1,0,1,0,0,32,1
806,0,0,1,0,1,0,1,36,1
233,0,0,1,0,1,0,1,53,1
125,0,0,1,0,1,0,1,39,1
671,0,0,1,0,1,0,0,24,1
490,0,0,1,0,1,0,1,32,1
710,0,0,1,0,1,0,1,28,1
1050,0,0,1,0,1,0,1,50,1
190,0,0,1,0,1,0,1,38,1
1232,0,0,1,0,1,0,0,30,1
457,0,0,1,0,1,0,1,25,1
747,0,0,1,0,1,0,1,25,1
332,0,0,1,0,1,0,1,25,1
602,0,0,1,0,1,0,0,22,1
867,0,0,1,0,1,0,0,31,1
228,0,0,1,0,1,0,1,24,1
239,0,0,1,0,1,0,1,21,1
225,0,0,1,0,1,0,1,25,1
348,0,0,1,0,1,0,1,30,1
686,0,0,1,0,1,0,1,28,1
573,0,0,1,0,1,0,1,23,1
915,0,0,1,0,1,0,1,35,1
892,0,0,1,0,1,0,1,33,1
341,0,0,1,0,1,0,1,38,1
386,0,0,1,0,1,0,1,43,1
738,0,0,1,0,1,0,0,20,1
688,0,0,1,0,1,0,1,41,1
593,0,0,1,0,1,0,1,32,1
686,0,0,1,0,1,0,1,29,1
491,0,0,1,0,1,0,0,27,1
661,0,0,1,0,1,0,1,31,1
479,0,0,1,0,1,0,1,56,1
1116,0,0,1,0,1,0,1,27,1
441,0,0,1,0,1,0,0,30,1
1071,0,0,1,0,1,0,1,38,1
268,0,0,1,0,1,0,1,32,1
564,0,0,1,0,1,0,1,27,1
983,0,0,1,0,1,0,1,24,1
245,0,0,1,0,1,0,1,25,1
273,0,0,1,0,1,0,0,34,1
1057,0,0,1,0,1,0,1,22,1
385,0,0,1,0,1,0,1,27,1
456,0,0,1,0,1,0,1,29,1
206,0,0,1,0,1,0,1,28,1
777,0,0,1,0,1,0,1,26,1
514,0,0,1,0,1,0,1,31,1
320,0,0,1,0,1,0,0,36,1
134,0,0,1,0,1,0,0,23,1
1030,0,0,1,0,1,0,1,48,1
1405,0,0,1,0,1,0,1,39,1
3035,0,0,1,0,1,0,1,26,1
304,0,0,1,0,1,0,0,29,1
638,0,0,1,0,1,0,1,35,1
660,0,0,1,0,1,0,1,49,1
578,0,0,1,0,1,0,0,30,1
651,0,0,1,0,1,0,1,28,1
307,0,0,1,0,1,0,1,26,1
571,0,0,1,0,1,0,1,21,1
786,0,0,1,0,1,0,1,23,1
146,0,0,1,0,1,0,1,27,1
1113,0,0,1,0,1,0,1,39,1
1402,0,0,1,0,1,0,1,33,1
1376,0,0,1,0,1,0,1,49,1
507,0,0,1,0,1,0,0,47,1
846,0,0,1,0,1,0,1,23,1
1132,0,0,1,0,1,0,1,23,1
467,0,0,1,0,1,0,0,30,1
370,0,0,1,0,1,0,1,27,1
527,0,0,1,0,1,0,0,38,1
282,0,0,1,0,1,0,0,28,1
302,0,0,1,0,1,0,1,25,1
438,0,0,1,0,1,0,1,38,1
261,0,0,1,0,1,0,1,30,1
976,0,0,1,0,1,0,0,31,1
316,0,0,1,0,1,0,0,34,1
1099,0,0,1,0,1,0,0,52,1
1639,0,0,1,0,1,0,1,30,1
1362,0,0,1,0,1,0,1,23,1
71,0,0,1,0,1,0,1,26,1
496,0,0,1,0,1,0,1,31,1
1192,0,0,1,0,1,0,1,28,1
409,0,0,1,0,1,0,1,45,1
1268,0,0,1,0,1,0,1,33,1
597,0,0,1,0,1,0,1,24,1
627,0,0,1,0,1,0,1,29,1
916,0,0,1,0,1,0,1,28,1
1049,0,0,1,0,1,0,1,27,1
782,0,0,1,0,1,0,1,27,1
479,0,0,1,0,1,0,1,37,1
744,0,0,1,0,1,0,1,26,1
450,0,0,1,0,1,0,1,36,1
847,0,0,1,0,1,0,1,29,1
402,0,0,1,0,1,0,1,39,1
389,0,0,1,0,1,0,1,25,1
1079,0,0,1,0,1,0,0,30,1
289,0,0,1,0,1,0,1,23,1
912,0,0,1,0,1,0,1,32,1
407,0,0,1,0,1,0,0,24,1
249,0,0,1,0,1,0,1,25,1
1119,0,0,1,0,1,0,1,36,1
1483,0,0,1,0,1,0,1,30,1
548,0,0,1,0,1,0,0,32,1
523,0,0,1,0,1,0,1,49,1
413,0,0,1,0,1,0,1,25,1
1164,0,0,1,0,1,0,1,23,1
501,0,0,1,0,1,0,1,26,1
327,0,0,1,0,1,0,1,53,1
2420,0,0,1,0,1,0,0,46,1
1529,0,0,1,0,1,0,0,38,1
424,0,0,1,0,1,0,0,32,1
632,0,0,1,0,1,0,1,23,1
872,0,0,1,0,1,0,1,37,1
260,0,0,1,0,1,0,0,24,1
1276,0,0,1,0,1,0,1,23,1
1489,0,0,1,0,1,0,0,28,1
334,0,0,1,0,1,0,0,57,1
251,0,0,1,0,1,0,1,32,1
423,0,0,1,0,1,0,1,26,1
1532,0,0,1,0,1,0,0,33,1
4348,0,0,1,0,1,0,0,28,1
551,0,0,1,0,1,0,0,30,1
263,0,0,1,0,1,0,1,30,1
448,0,0,1,0,1,0,0,31,1
259,0,0,1,0,1,0,1,47,1
1372,0,0,1,0,1,0,1,23,1
409,0,0,1,0,1,0,0,31,1
336,0,0,1,0,1,0,1,18,1
370,0,0,1,0,1,0,0,27,1
772,0,0,1,0,1,0,1,32,1
154,0,0,1,0,1,0,0,34,1
141,0,0,1,0,1,0,1,27,1
951,0,0,1,0,1,0,1,27,1
109,0,0,1,0,1,0,1,39,1
123,0,0,1,0,1,0,1,23,1
363,0,0,1,0,1,0,1,47,1
435,0,0,1,0,1,0,1,22,1
578,0,0,1,0,1,0,0,21,1
435,0,0,1,0,1,0,1,29,1
1307,0,0,1,0,1,0,1,48,1
653,0,0,1,0,1,0,1,21,1
623,0,0,1,0,1,0,1,38,1
1235,0,0,1,0,1,0,0,28,1
694,0,0,1,0,1,0,1,31,1
498,0,0,1,0,1,0,0,35,1
353,0,0,1,0,1,0,1,35,1
269,0,0,1,0,1,0,1,51,1
711,0,0,1,0,1,0,1,34,1
316,0,0,1,0,1,0,1,25,1
607,0,0,1,0,1,0,0,24,1
408,0,0,1,0,1,0,1,26,1
287,0,0,1,0,1,0,1,33,1
419,0,0,1,0,1,0,1,23,1
198,0,0,1,0,1,0,0,27,1
700,0,0,1,0,1,0,0,35,1
576,0,0,1,0,1,0,1,30,1
517,0,0,1,0,1,0,0,34,1
851,0,0,1,0,1,0,1,29,1
726,0,0,1,0,1,0,1,25,1
672,0,0,1,0,1,0,1,35,1
680,0,0,1,0,1,0,1,19,1
318,0,0,1,0,1,0,0,58,1
552,0,0,1,0,1,0,1,49,1
894,0,0,1,0,1,0,1,54,1
214,0,0,1,0,1,0,0,28,1
572,0,0,1,0,1,0,1,32,1
442,0,0,1,0,1,0,1,35,1
960,0,0,1,0,1,0,1,37,1
230,0,0,1,0,1,0,1,29,1
570,0,0,1,0,1,0,1,32,1
317,0,0,1,0,1,0,1,36,1
9322,0,0,1,0,1,0,0,25,1
524,0,0,1,0,1,0,1,23,1
1263,0,0,1,0,1,0,1,26,1
934,0,0,1,0,1,0,1,38,1
293,0,0,1,0,1,0,1,30,1
575,0,0,1,0,1,0,1,38,1
577,0,0,1,0,1,0,1,57,1
437,0,0,1,0,1,0,1,49,1
1266,0,0,1,0,1,0,1,26,1
1118,0,0,1,0,1,0,0,32,1
1050,0,0,1,0,1,0,1,34,1
474,0,0,1,0,1,0,1,39,1
415,0,0,1,0,1,0,1,36,1
453,0,0,1,0,1,0,0,29,1
677,0,0,1,0,1,0,1,45,1
902,0,0,1,0,1,0,1,32,1
465,0,0,1,0,1,0,1,28,1
907,0,0,1,0,1,0,1,22,1
847,0,0,1,0,1,0,0,37,1
339,0,0,1,0,1,0,1,35,1
1456,0,0,1,0,1,0,1,36,1
1074,0,0,1,0,1,0,0,33,1
187,0,0,1,0,1,0,1,38,1
1601,0,0,1,0,1,0,0,30,1
285,0,0,1,0,1,0,1,33,1
560,0,0,1,0,1,0,1,19,1
369,0,0,1,0,1,0,1,52,1
412,0,0,1,0,1,0,0,30,1
497,0,0,1,0,1,0,1,32,1
1410,0,0,1,0,1,0,1,30,1
270,0,0,1,0,1,0,1,21,1
298,0,0,1,0,1,0,0,43,1
271,0,0,1,0,1,0,1,31,1
1514,0,0,1,0,1,0,1,30,1
914,0,0,1,0,1,0,1,28,1
462,0,0,1,0,1,0,0,27,1
143,0,0,1,0,1,0,1,27,1
426,0,0,1,0,1,0,1,32,1
763,0,0,1,0,1,0,0,27,1
667,0,0,1,0,1,0,1,48,1
443,0,0,1,0,1,0,1,27,1
1321,0,0,1,0,1,0,0,23,1
594,0,0,1,0,1,0,1,22,1
7,0,0,1,0,1,0,1,26,1
3087,0,0,1,0,1,0,1,20,1
455,0,0,1,0,1,0,0,31,1
429,0,0,1,0,1,0,1,31,1
375,0,0,1,0,1,0,1,49,1
399,0,0,1,0,1,0,1,34,1
1167,0,0,1,0,1,0,1,28,1
412,0,0,1,0,1,0,1,25,1
234,0,0,1,0,1,0,1,27,1
731,0,0,1,0,1,0,0,38,1
347,0,0,1,0,1,0,1,26,1
1161,0,0,1,0,1,0,1,39,1
354,0,0,1,0,1,0,1,39,1
530,0,0,1,0,1,0,0,38,1
889,0,0,1,0,1,0,0,36,1
1257,0,0,1,0,1,0,1,52,1
271,0,0,1,0,1,0,1,43,1
158,0,0,1,0,1,0,1,27,1
1098,0,0,1,0,1,0,1,60,1
169,0,0,1,0,1,0,1,27,1
627,0,0,1,0,1,0,0,33,1
21,0,0,1,0,1,0,1,31,1
773,0,0,1,0,1,0,0,29,1
478,0,0,1,0,1,0,0,28,1
153,0,0,1,0,1,0,1,34,1
462,0,0,1,0,1,0,1,36,1
646,0,0,1,0,1,0,0,23,1
321,0,0,1,0,1,0,1,53,1
1967,0,0,1,0,1,0,0,47,1
250,0,0,1,0,1,0,1,44,1
815,0,0,1,0,1,0,1,22,1
291,0,0,1,0,1,0,1,34,1
886,0,0,1,0,1,0,0,39,1
283,0,0,1,0,1,0,1,58,1
900,0,0,1,0,1,0,1,22,1
518,0,0,1,0,1,0,0,24,1
1356,0,0,1,0,1,0,1,24,1
394,0,0,1,0,1,0,1,24,1
378,0,0,1,0,1,0,0,36,1
280,0,0,1,0,1,0,1,29,1
341,0,0,1,0,1,0,1,48,1
615,0,0,1,0,1,0,1,24,1
384,0,0,1,0,1,0,1,44,1
806,0,0,1,0,1,0,1,35,1
201,0,0,1,0,1,0,1,24,1
111,0,0,1,0,1,0,1,41,1
889,0,0,1,0,1,0,1,27,1
424,0,0,1,0,1,0,1,29,1
337,0,0,1,0,1,0,1,21,1
1445,0,0,1,0,1,0,1,39,1
1383,0,0,1,0,1,0,0,27,1
943,0,0,1,0,1,0,1,27,1
301,0,0,1,0,1,0,1,32,1
650,0,0,1,0,1,0,1,60,1
639,0,0,1,0,1,0,1,32,1
231,0,0,1,0,1,0,1,35,1
228,0,0,1,0,1,0,1,32,1
461,0,0,1,0,1,0,1,30,1
981,0,0,1,0,1,0,1,29,1
356,0,0,1,0,1,0,1,62,1
126,0,0,1,0,1,0,1,21,1
705,0,0,1,0,1,0,0,44,1
851,0,0,1,0,1,0,1,30,1
578,0,0,1,0,1,0,1,26,1
860,0,0,1,0,1,0,0,52,1
352,0,0,1,0,1,0,0,34,1
494,0,0,1,0,1,0,0,36,1
835,0,0,1,0,1,0,1,23,1
198,0,0,1,0,1,0,1,30,1
514,0,0,1,0,1,0,1,44,1
502,0,0,1,0,1,0,1,26,1
907,0,0,1,0,1,0,0,52,1
463,0,0,1,0,1,0,1,26,1
1228,0,0,1,0,1,0,1,32,1
811,0,0,1,0,1,0,1,19,1
345,0,0,1,0,1,0,1,28,1
476,0,0,1,0,1,0,1,41,1
573,0,0,1,0,1,0,1,37,1
394,0,0,1,0,1,0,1,61,1
208,0,0,1,0,1,0,1,24,1
157,0,0,1,0,1,0,1,46,1
362,0,0,1,0,1,0,0,28,1
513,0,0,1,0,1,0,1,28,1
866,0,0,1,0,1,0,1,39,1
560,0,0,1,0,1,0,1,28,1
439,0,0,1,0,1,0,1,50,1
731,0,0,1,0,1,0,1,28,1
1641,0,0,1,0,1,0,1,21,1
323,0,0,1,0,1,0,1,23,1
744,0,0,1,0,1,0,1,26,1
324,0,0,1,0,1,0,1,30,1
1077,0,0,1,0,1,0,0,27,1
988,0,0,1,0,1,0,1,46,1
505,0,0,1,0,1,0,1,29,1
178,0,0,1,0,1,0,1,25,1
217,0,0,1,0,1,0,1,20,1
378,0,0,1,0,1,0,0,29,1
169,0,0,1,0,1,0,1,47,1
300,0,0,1,0,1,0,1,32,1
407,0,0,1,0,1,0,1,43,1
280,0,0,1,0,1,0,1,40,1
812,0,0,1,0,1,0,0,28,1
560,0,0,1,0,1,0,1,27,1
337,0,0,1,0,1,0,1,25,1
434,0,0,1,0,1,0,1,24,1
791,0,0,1,0,1,0,1,31,1
834,0,0,1,0,1,0,0,32,1
366,0,0,1,0,1,0,0,37,1
865,0,0,1,0,1,0,1,60,1
172,0,0,1,0,1,0,0,27,1
612,0,0,1,0,1,0,1,51,1
223,0,0,1,0,1,0,1,28,1
835,0,0,1,0,1,0,1,49,1
781,0,0,1,0,1,0,1,50,1
335,0,0,1,0,1,0,1,45,1
541,0,0,1,0,1,0,0,56,1
320,0,0,1,0,1,0,0,35,1
904,0,0,1,0,1,0,1,27,1
527,0,0,1,0,1,0,1,42,1
488,0,0,1,0,1,0,1,45,1
932,0,0,1,0,1,0,1,55,1
604,0,0,1,0,1,0,0,30,1
653,0,0,1,0,1,0,0,35,1
529,0,0,1,0,1,0,1,51,1
403,0,0,1,0,1,0,1,26,1
702,0,0,1,0,1,0,1,42,1
190,0,0,1,0,1,0,1,30,1
260,0,0,1,0,1,0,1,25,1
363,0,0,1,0,1,0,1,20,1
558,0,0,1,0,1,0,1,25,1
1005,0,0,1,0,1,0,1,53,1
207,0,0,1,0,1,0,1,64,1
670,0,0,1,0,1,0,1,32,1
2065,0,0,1,0,1,0,1,47,1
455,0,0,1,0,1,0,1,23,1
179,0,0,1,0,1,0,0,24,1
579,0,0,1,0,1,0,1,26,1
461,0,0,1,0,1,0,1,23,1
1817,0,0,1,0,1,0,1,25,1
431,0,0,1,0,1,0,1,27,1
1285,0,0,1,0,1,0,1,24,1
307,0,0,1,0,1,0,1,38,1
722,0,0,1,0,1,0,1,23,1
428,0,0,1,0,1,0,1,24,1
634,0,0,1,0,1,0,1,28,1
821,0,0,1,0,1,0,0,23,1
370,0,0,1,0,1,0,0,20,1
266,0,0,1,0,1,0,0,32,1
488,0,0,1,0,1,0,1,31,1
930,0,0,1,0,1,0,1,23,1
1200,0,0,1,0,1,0,0,42,1
855,0,0,1,0,1,0,1,22,1
199,0,0,1,0,1,0,1,22,1
1452,0,0,1,0,1,0,1,21,1
371,0,0,1,0,1,0,1,25,1
990,0,0,1,0,1,0,1,25,1
461,0,0,1,0,1,0,1,36,1
1318,0,0,1,0,1,0,0,36,1
352,0,0,1,0,1,0,1,35,1
1054,0,0,1,0,1,0,1,36,1
445,0,0,1,0,1,0,1,39,1
516,0,0,1,0,1,0,1,27,1
144,0,0,1,0,1,0,1,48,1
447,0,0,1,0,1,0,1,31,1
878,0,0,1,0,1,0,1,22,1
256,0,0,1,0,1,0,1,27,1
348,0,0,1,0,1,0,1,31,1
936,0,0,1,0,1,0,0,27,1
520,0,0,1,0,1,0,0,25,1
500,0,0,1,0,1,0,1,23,1
395,0,0,1,0,1,0,1,44,1
808,0,0,1,0,1,0,1,41,1
639,0,0,1,0,1,0,1,44,1
291,0,0,1,0,1,0,0,47,1
215,0,0,1,0,1,0,1,24,1
1115,0,0,1,0,1,0,1,31,1
271,0,0,1,0,1,0,0,26,1
724,0,0,1,0,1,0,1,27,1
625,0,0,1,0,1,0,0,21,1
742,0,0,1,0,1,0,1,32,1
296,0,0,1,0,1,0,1,36,1
2325,0,0,1,0,1,0,0,29,1
739,0,0,1,0,1,0,1,24,1
797,0,0,1,0,1,0,1,25,1
700,0,0,1,0,1,0,1,20,1
328,0,0,1,0,1,0,0,23,1
896,0,0,1,0,1,0,1,33,1
974,0,0,1,0,1,0,1,35,1
230,0,0,1,0,1,0,1,28,1
852,0,0,1,0,1,0,1,38,1
738,0,0,1,0,1,0,1,36,1
367,0,0,1,0,1,0,1,22,1
475,0,0,1,0,1,0,1,36,1
838,0,0,1,0,1,0,1,24,1
404,0,0,1,0,1,0,1,32,1
164,0,0,1,0,1,0,1,30,1
759,0,0,1,0,1,0,1,26,1
978,0,0,1,0,1,0,1,28,1
454,0,0,1,0,1,0,1,29,1
626,0,0,1,0,1,0,1,25,1
212,0,0,1,0,1,0,1,24,1
680,0,0,1,0,1,0,1,27,1
382,0,0,1,0,1,0,1,34,1
312,0,0,1,0,1,0,1,22,1
826,0,0,1,0,1,0,0,32,1
1357,0,0,1,0,1,0,0,46,1
1124,0,0,1,0,1,0,1,36,1
104,0,0,1,0,1,0,1,27,1
61,0,0,1,0,1,0,0,24,1
579,0,0,1,0,1,0,0,25,1
486,0,0,1,0,1,0,1,43,1
267,0,0,1,0,1,0,1,19,1
1577,0,0,1,0,1,0,1,35,1
658,0,0,1,0,1,0,1,27,1
1066,0,0,1,0,1,0,1,30,1
1477,0,0,1,0,1,0,1,39,1
621,0,0,1,0,1,0,1,30,1
250,0,0,1,0,1,0,1,30,1
1355,0,0,1,0,1,0,1,39,1
2092,0,0,1,0,1,0,0,24,1
827,0,0,1,0,1,0,1,25,1
589,0,0,1,0,1,0,0,24,1
1234,0,0,1,0,1,0,1,34,1
597,0,0,1,0,1,0,0,56,1
857,0,0,1,0,1,0,1,51,1
718,0,0,1,0,1,0,1,32,1
621,0,0,1,0,1,0,0,35,1
196,0,0,1,0,1,0,1,28,1
422,0,0,1,0,1,0,1,24,1
261,0,0,1,0,1,0,1,20,1
1697,0,0,1,0,1,0,1,35,1
436,0,0,1,0,1,0,1,21,1
545,0,0,1,0,1,0,0,54,1
455,0,0,1,0,1,0,1,24,1
393,0,0,1,0,1,0,1,31,1
1262,0,0,1,0,1,0,1,32,1
629,0,0,1,0,1,0,1,47,1
140,0,0,1,0,1,0,1,27,1
195,0,0,1,0,1,0,1,46,1
535,0,0,1,0,1,0,0,21,1
194,0,0,1,0,1,0,1,27,1
259,0,0,1,0,1,0,1,37,1
2082,0,0,1,0,1,0,1,62,1
258,0,0,1,0,1,0,0,24,1
1112,0,0,1,0,1,0,1,57,1
203,0,0,1,0,1,0,1,57,1
1467,0,0,1,0,1,0,1,34,1
338,0,0,1,0,1,0,1,23,1
867,0,0,1,0,1,0,1,29,1
796,0,0,1,0,1,0,0,32,1
578,0,0,1,0,1,0,1,29,1
413,0,0,1,0,1,0,1,28,1
803,0,0,1,0,1,0,1,28,1
585,0,0,1,0,1,0,1,24,1
420,0,0,1,0,1,0,1,27,1
490,0,0,1,0,1,0,1,53,1
2066,0,0,1,0,1,0,1,27,1
612,0,0,1,0,1,0,0,28,1
259,0,0,1,0,1,0,1,29,1
766,0,0,1,0,1,0,0,26,1
262,0,0,1,0,1,0,1,34,1
605,0,0,1,0,1,0,1,59,1
371,0,0,1,0,1,0,1,33,1
259,0,0,1,0,1,0,1,35,1
543,0,0,1,0,1,0,1,30,1
432,0,0,1,0,1,0,0,24,1
962,0,0,1,0,1,0,1,33,1
775,0,0,1,0,1,0,0,25,1
395,0,0,1,0,1,0,1,26,1
1381,0,0,1,0,1,0,0,42,1
1693,0,0,1,0,1,0,1,21,1
963,0,0,1,0,1,0,1,43,1
350,0,0,1,0,1,0,0,29,1
490,0,0,1,0,1,0,0,23,1
139,0,0,1,0,1,0,1,24,1
569,0,0,1,0,1,0,1,30,1
1270,0,0,1,0,1,0,1,32,1
968,0,0,1,0,1,0,1,31,1
425,0,0,1,0,1,0,0,39,1
898,0,0,1,0,1,0,1,26,1
195,0,0,1,0,1,0,1,23,1
858,0,0,1,0,1,0,0,26,1
359,0,0,1,0,1,0,1,48,1
1213,0,0,1,0,1,0,1,39,1
1280,0,0,1,0,1,0,1,28,1
228,0,0,1,0,1,0,1,44,1
451,0,0,1,0,1,0,1,29,1
290,0,0,1,0,1,0,1,26,1
849,0,0,1,0,1,0,1,35,1
612,0,0,1,0,1,0,1,55,1
356,0,0,1,0,1,0,1,38,1
856,0,0,1,0,1,0,1,21,1
964,0,0,1,0,1,0,1,29,1
862,0,0,1,0,1,0,1,25,1
697,0,0,1,0,1,0,1,29,1
269,0,0,1,0,1,0,1,21,1
444,0,0,1,0,1,0,1,36,1
522,0,0,1,0,1,0,0,30,1
1122,0,0,1,0,1,0,1,28,1
671,0,0,1,0,1,0,0,24,1
326,0,0,1,0,1,0,1,34,1
1116,0,0,1,0,1,0,0,23,1
667,0,0,1,0,1,0,1,26,1
897,0,0,1,0,1,0,1,36,1
899,0,0,1,0,1,0,1,25,1
307,0,0,1,0,1,0,1,25,1
181,0,0,1,0,1,0,0,27,1
1438,0,0,1,0,1,0,1,27,1
1080,0,0,1,0,1,0,1,32,1
281,0,0,1,0,1,0,1,29,1
540,0,0,1,0,1,0,0,33,1
429,0,0,1,0,1,0,0,30,1
614,0,0,1,0,1,0,1,30,1
612,0,0,1,0,1,0,1,39,1
432,0,0,1,0,1,0,1,51,1
480,0,0,1,0,1,0,0,23,1
822,0,0,1,0,1,0,1,33,1
299,0,0,1,0,1,0,1,24,1
879,0,0,1,0,1,0,0,25,1
316,0,0,1,0,1,0,1,26,1
600,0,0,1,0,1,0,1,36,1
730,0,0,1,0,1,0,1,27,1
540,0,0,1,0,1,0,0,27,1
710,0,0,1,0,1,0,1,31,1
1352,0,0,1,0,1,0,1,31,1
933,0,0,1,0,1,0,1,23,1
395,0,0,1,0,1,0,1,37,1
307,0,0,1,0,1,0,1,36,1
770,0,0,1,0,1,0,1,32,1
382,0,0,1,0,1,0,1,50,1
1141,0,0,1,0,1,0,0,31,1
176,0,0,1,0,1,0,1,39,1
1262,0,0,1,0,1,0,1,31,1
445,0,0,1,0,1,0,1,21,1
612,0,0,1,0,1,0,1,30,1
955,0,0,1,0,1,0,0,32,1
531,0,0,1,0,1,0,0,23,1
685,0,0,1,0,1,0,0,27,1
297,0,0,1,0,1,0,0,26,1
1164,0,0,1,0,1,0,0,26,1
647,0,0,1,0,1,0,0,23,1
292,0,0,1,0,1,0,1,22,1
394,0,0,1,0,1,0,1,24,1
559,0,0,1,0,1,0,1,25,1
790,0,0,1,0,1,0,0,37,1
322,0,0,1,0,1,0,1,25,1
1092,0,0,1,0,1,0,1,23,1
242,0,0,1,0,1,0,1,47,1
333,0,0,1,0,1,0,1,39,1
797,0,0,1,0,1,0,1,31,1
1877,0,0,1,0,1,0,0,44,1
228,0,0,1,0,1,0,1,26,1
120,0,0,1,0,1,0,1,23,1
906,0,0,1,0,1,0,1,55,1
639,0,0,1,0,1,0,1,32,1
224,0,0,1,0,1,0,1,23,1
581,0,0,1,0,1,0,0,27,1
78,0,0,1,0,1,0,0,31,1
1101,0,0,1,0,1,0,0,24,1
635,0,0,1,0,1,0,0,25,1
489,0,0,1,0,1,0,0,38,1
485,0,0,1,0,1,0,1,25,1
819,0,0,1,0,1,0,1,23,1
612,0,0,1,0,1,0,1,60,1
481,0,0,1,0,1,0,1,38,1
488,0,0,1,0,1,0,1,27,1
916,0,0,1,0,1,0,1,53,1
294,0,0,1,0,1,0,1,35,1
150,0,0,1,0,1,0,1,44,1
296,0,0,1,0,1,0,1,28,1
764,0,0,1,0,1,0,1,41,1
211,0,0,1,0,1,0,1,34,1
413,0,0,1,0,1,0,1,28,1
424,0,0,1,0,1,0,0,46,1
425,0,0,1,0,1,0,1,23,1
1387,0,0,1,0,1,0,1,27,1
138,0,0,1,0,1,0,1,22,1
216,0,1,0,0,1,0,0,33,8
299,0,1,0,0,1,0,0,30,8
785,0,1,0,0,1,0,1,36,8
557,0,1,0,0,1,0,1,36,8
470,0,1,0,0,1,0,1,32,8
553,0,1,0,0,1,0,0,35,8
189,0,1,0,0,1,0,1,37,8
195,0,1,0,0,1,0,1,22,8
197,0,1,0,0,1,0,1,31,8
662,0,1,0,0,1,0,1,32,8
583,0,1,0,0,1,0,1,20,8
186,0,1,0,0,1,0,0,28,8
183,0,1,0,0,1,0,1,22,8
191,0,1,0,0,1,0,1,33,8
1006,0,1,0,0,1,0,1,23,8
395,0,1,0,0,1,0,1,32,8
165,0,1,0,0,1,0,1,31,8
1244,0,1,0,0,1,0,1,26,8
285,0,1,0,0,1,0,1,38,8
926,0,1,0,0,1,0,0,30,8
656,0,1,0,0,1,0,0,39,8
623,0,1,0,0,1,0,0,27,8
837,0,1,0,0,1,0,1,27,8
553,0,1,0,0,1,0,1,26,8
1621,0,1,0,0,1,0,1,35,8
455,0,1,0,0,1,0,1,32,8
334,0,1,0,0,1,0,1,25,8
397,0,1,0,0,1,0,1,36,8
556,0,1,0,0,1,0,1,20,8
474,0,1,0,0,1,0,0,24,8
571,0,1,0,0,1,0,0,25,8
344,0,1,0,0,1,0,0,21,8
524,0,1,0,0,1,0,1,34,8
281,0,1,0,0,1,0,0,29,8
350,0,1,0,0,1,0,1,34,8
1409,0,1,0,0,1,0,0,23,8
599,0,1,0,0,1,0,0,28,8
1128,0,1,0,0,1,0,1,28,8
571,0,1,0,0,1,0,1,30,8
442,0,1,0,0,1,0,0,25,8
145,0,1,0,0,1,0,1,24,8
302,0,1,0,0,1,0,1,38,8
259,0,1,0,0,1,0,0,25,8
205,0,1,0,0,1,0,0,37,8
672,0,1,0,0,1,0,1,25,8
341,0,1,0,0,1,0,0,30,8
569,0,1,0,0,1,0,1,26,8
280,0,1,0,0,1,0,1,28,8
428,0,1,0,0,1,0,1,36,8
188,0,1,0,0,1,0,1,32,8
441,0,1,0,0,1,0,1,23,8
249,0,1,0,0,1,0,0,35,8
376,0,1,0,0,1,0,1,36,8
1208,0,1,0,0,1,0,1,26,8
560,0,1,0,0,1,0,0,20,8
278,0,1,0,0,1,0,1,28,8
941,0,1,0,0,1,0,1,35,8
508,0,1,0,0,1,0,1,26,8
1119,0,1,0,0,1,0,0,26,8
879,0,1,0,0,1,0,1,24,8
1681,0,1,0,0,1,0,1,23,8
970,0,1,0,0,1,0,1,30,8
1278,0,1,0,0,1,0,1,28,8
694,0,1,0,0,1,0,1,27,8
1075,0,1,0,0,1,0,1,25,8
258,0,1,0,0,1,0,1,28,8
995,0,1,0,0,1,0,1,31,8
360,0,1,0,0,1,0,1,29,8
352,0,1,0,0,1,0,0,27,8
1625,0,1,0,0,1,0,1,21,8
583,0,1,0,0,1,0,1,27,8
670,0,1,0,0,1,0,1,24,8
856,0,1,0,0,1,0,1,21,8
419,0,1,0,0,1,0,1,29,8
304,0,1,0,0,1,0,1,34,8
199,0,1,0,0,1,0,1,24,8
855,0,1,0,0,1,0,0,25,8
96,0,1,0,0,1,0,1,25,8
1487,0,1,0,0,1,0,0,31,8
371,0,1,0,0,1,0,1,24,8
834,0,1,0,0,1,0,1,29,8
1006,0,1,0,0,1,0,1,32,8
570,0,1,0,0,1,0,0,29,8
671,0,1,0,0,1,0,0,37,8
524,0,1,0,0,1,0,1,36,8
418,0,1,0,0,1,0,1,32,8
594,0,1,0,0,1,0,0,32,8
936,0,1,0,0,1,0,1,23,8
271,0,1,0,0,1,0,1,37,8
364,0,1,0,0,1,0,0,30,8
220,0,1,0,0,1,0,1,30,8
960,0,1,0,0,1,0,0,42,8
376,0,1,0,0,1,0,0,39,8
1414,0,1,0,0,1,0,0,21,8
1044,0,1,0,0,1,0,1,37,8
2071,0,1,0,0,1,0,1,34,8
222,0,1,0,0,1,0,1,32,8
893,0,1,0,0,1,0,0,26,8
509,0,1,0,0,1,0,0,28,8
833,0,1,0,0,1,0,0,30,8
210,0,1,0,0,1,0,1,24,8
1042,0,1,0,0,1,0,1,37,8
620,0,1,0,0,1,0,0,34,8
1845,0,1,0,0,1,0,1,25,8
435,0,1,0,0,1,0,1,35,8
1271,0,1,0,0,1,0,0,37,8
799,0,1,0,0,1,0,0,31,8
936,0,1,0,0,1,0,1,24,8
2961,0,1,0,0,1,0,1,26,8
400,0,1,0,0,1,0,0,22,8
118,0,1,0,0,1,0,1,35,8
435,0,1,0,0,1,0,1,32,8
252,0,1,0,0,1,0,1,38,8
910,0,1,0,0,1,0,1,28,8
597,0,1,0,0,1,0,1,34,8
645,0,1,0,0,1,0,1,29,8
1117,0,1,0,0,1,0,0,25,8
2777,0,1,0,0,1,0,0,27,8
974,0,1,0,0,1,0,1,36,8
1255,0,1,0,0,1,0,1,32,8
453,0,1,0,0,1,0,0,26,8
776,0,1,0,0,1,0,1,24,8
487,0,1,0,0,1,0,1,23,8
644,0,1,0,0,1,0,1,26,8
388,0,1,0,0,1,0,1,37,8
604,0,1,0,0,1,0,0,29,8
739,0,1,0,0,1,0,0,23,8
1343,0,1,0,0,1,0,0,39,8
928,0,1,0,0,1,0,0,30,8
887,0,1,0,0,1,0,0,29,8
296,0,1,0,0,1,0,0,26,8
400,0,1,0,0,1,0,1,30,8
664,0,1,0,0,1,0,0,41,8
494,0,1,0,0,1,0,1,34,8
483,0,1,0,0,1,0,1,28,8
650,0,1,0,0,1,0,0,32,8
761,0,1,0,0,1,0,1,29,8
218,0,1,0,0,1,0,1,35,8
230,0,1,0,0,1,0,1,32,8
1411,0,1,0,0,1,0,0,32,8
1536,0,1,0,0,1,0,0,41,8
599,0,1,0,0,1,0,1,26,8
619,0,1,0,0,1,0,1,37,8
2081,0,1,0,0,1,0,1,25,8
508,0,1,0,0,1,0,1,26,8
456,0,1,0,0,1,0,1,26,8
718,0,1,0,0,1,0,1,29,8
766,0,1,0,0,1,0,0,23,8
1191,0,1,0,0,1,0,1,26,8
618,0,1,0,0,1,0,0,34,8
236,0,1,0,0,1,0,1,20,8
135,0,1,0,0,1,0,1,26,8
519,0,1,0,0,1,0,1,34,8
151,0,1,0,0,1,0,1,26,8
635,0,1,0,0,1,0,1,29,8
992,0,1,0,0,1,0,1,25,8
594,0,1,0,0,1,0,1,25,8
411,0,1,0,0,1,0,1,29,8
422,0,1,0,0,1,0,1,28,8
157,0,1,0,0,1,0,1,35,8
1667,0,1,0,0,1,0,1,38,8
471,0,1,0,0,1,0,1,35,8
467,0,1,0,0,1,0,0,25,8
855,0,1,0,0,1,0,1,29,8
401,0,1,0,0,1,0,0,25,8
482,0,1,0,0,1,0,1,21,8
394,0,1,0,0,1,0,0,23,8
1410,0,1,0,0,1,0,0,34,8
760,0,1,0,0,1,0,1,22,8
715,0,1,0,0,1,0,1,37,8
545,0,1,0,0,1,0,0,42,8
792,0,1,0,0,1,0,0,32,8
554,0,1,0,0,1,0,1,26,8
187,0,1,0,0,1,0,1,30,8
832,0,1,0,0,1,0,0,24,8
544,0,1,0,0,1,0,0,21,8
177,0,1,0,0,1,0,1,29,8
1011,0,1,0,0,1,0,1,20,8
244,0,1,0,0,1,0,1,20,8
1655,0,1,0,0,1,0,1,30,8
719,0,1,0,0,1,0,1,27,8
290,0,1,0,0,1,0,1,26,8
525,0,1,0,0,1,0,1,21,8
1156,0,1,0,0,1,0,1,27,8
409,0,1,0,0,1,0,1,37,8
593,0,1,0,0,1,0,1,30,8
475,0,1,0,0,1,0,1,25,8
659,0,1,0,0,1,0,1,36,8
751,0,1,0,0,1,0,1,34,8
196,0,1,0,0,1,0,1,33,8
1503,0,1,0,0,1,0,1,23,8
375,0,1,0,0,1,0,1,34,8
403,0,1,0,0,1,0,0,33,8
802,0,1,0,0,1,0,0,27,8
508,0,1,0,0,1,0,1,21,8
701,0,1,0,0,1,0,1,31,8
338,0,1,0,0,1,0,0,29,8
560,0,1,0,0,1,0,0,35,8
648,0,1,0,0,1,0,1,24,8
411,0,1,0,0,1,0,1,19,8
669,0,1,0,0,1,0,1,29,8
403,0,1,0,0,1,0,1,34,8
1285,0,1,0,0,1,0,1,28,8
111,0,1,0,0,1,0,1,33,8
331,0,1,0,0,1,0,1,32,8
811,0,1,0,0,1,0,1,23,8
868,0,1,0,0,1,0,1,29,8
318,0,1,0,0,1,0,1,25,8
887,0,1,0,0,1,0,0,25,8
535,0,1,0,0,1,0,1,31,8
244,0,1,0,0,1,0,1,21,8
395,0,1,0,0,1,0,1,23,8
643,0,1,0,0,1,0,1,31,8
307,0,1,0,0,1,0,0,25,8
620,0,1,0,0,1,0,1,34,8
1102,0,1,0,0,1,0,1,36,8
839,0,1,0,0,1,0,1,20,8
809,0,1,0,0,1,0,1,35,8
772,0,1,0,0,1,0,0,40,8
170,0,1,0,0,1,0,0,36,8
440,0,1,0,0,1,0,0,31,8
672,0,1,0,0,1,0,1,22,8
705,0,1,0,0,1,0,0,23,8
872,0,1,0,0,1,0,1,28,8
698,0,1,0,0,1,0,0,30,8
380,0,1,0,0,1,0,1,37,8
529,0,1,0,0,1,0,1,29,8
533,0,1,0,0,1,0,1,27,8
1061,0,1,0,0,1,0,1,38,8
632,0,1,0,0,1,0,0,26,8
725,0,1,0,0,1,0,1,27,8
1053,0,1,0,0,1,0,1,26,8
205,0,1,0,0,1,0,1,32,8
383,0,1,0,0,1,0,1,29,8
470,0,1,0,0,1,0,1,26,8
528,0,1,0,0,1,0,0,29,8
367,0,1,0,0,1,0,0,29,8
362,0,1,0,0,1,0,1,32,8
97,0,1,0,0,1,0,1,22,8
1598,0,1,0,0,1,0,1,35,8
451,0,1,0,0,1,0,1,30,8
1550,0,1,0,0,1,0,1,35,8
193,0,1,0,0,1,0,1,21,8
979,0,1,0,0,1,0,1,27,8
751,0,1,0,0,1,0,1,28,8
1495,0,1,0,0,1,0,1,24,8
430,0,1,0,0,1,0,1,38,8
1139,0,1,0,0,1,0,1,29,8
819,0,1,0,0,1,0,1,32,8
1021,0,1,0,0,1,0,1,26,8
872,0,1,0,0,1,0,0,35,8
281,0,1,0,0,1,0,0,31,8
306,0,1,0,0,1,0,1,26,8
400,0,1,0,0,1,0,0,26,8
437,0,1,0,0,1,0,1,26,8
233,0,1,0,0,1,0,0,34,8
491,0,1,0,0,1,0,1,38,8
338,0,1,0,0,1,0,1,24,8
781,0,1,0,0,1,0,0,27,8
918,0,1,0,0,1,0,0,29,8
680,0,1,0,0,1,0,1,20,8
99,0,1,0,0,1,0,1,31,8
858,0,1,0,0,1,0,1,35,8
319,0,1,0,0,1,0,1,32,8
214,0,1,0,0,1,0,0,26,8
640,0,1,0,0,1,0,1,33,8
112,0,1,0,0,1,0,1,35,8
1604,0,1,0,0,1,0,1,35,8
628,0,1,0,0,1,0,1,26,8
436,0,1,0,0,1,0,0,26,8
332,0,1,0,0,1,0,1,25,8
166,0,1,0,0,1,0,1,36,8
905,0,1,0,0,1,0,1,32,8
350,0,1,0,0,1,0,0,27,8
924,0,1,0,0,1,0,1,30,8
552,0,1,0,0,1,0,0,25,8
695,0,1,0,0,1,0,0,24,8
1159,0,1,0,0,1,0,1,28,8
334,0,1,0,0,1,0,1,33,8
471,0,1,0,0,1,0,1,34,8
372,0,1,0,0,1,0,1,36,8
949,0,1,0,0,1,0,1,33,8
137,0,1,0,0,1,0,1,29,8
226,0,1,0,0,1,0,1,30,8
773,0,1,0,0,1,0,0,25,8
1158,0,1,0,0,1,0,1,30,8
1397,0,1,0,0,1,0,1,31,8
592,0,1,0,0,1,0,1,33,8
350,0,1,0,0,1,0,1,28,8
303,0,1,0,0,1,0,0,20,8
572,0,1,0,0,1,0,1,29,8
369,0,1,0,0,1,0,1,21,8
874,0,1,0,0,1,0,1,30,8
673,0,1,0,0,1,0,1,24,8
349,0,1,0,0,1,0,0,30,8
401,0,1,0,0,1,0,1,36,8
415,0,1,0,0,1,0,1,28,8
275,0,1,0,0,1,0,1,18,8
794,0,1,0,0,1,0,1,27,8
226,0,1,0,0,1,0,1,18,8
290,0,1,0,0,1,0,0,23,8
392,0,1,0,0,1,0,0,36,8
638,0,1,0,0,1,0,0,24,8
761,0,1,0,0,1,0,0,39,8
377,0,1,0,0,1,0,0,26,8
728,0,1,0,0,1,0,0,35,8
567,0,1,0,0,1,0,1,38,8
351,0,1,0,0,1,0,0,25,8
883,0,1,0,0,1,0,1,29,8
511,0,1,0,0,1,0,0,21,8
557,0,1,0,0,1,0,0,33,8
1356,0,1,0,0,1,0,1,21,8
657,0,1,0,0,1,0,0,31,8
803,0,1,0,0,1,0,1,36,8
484,0,1,0,0,1,0,1,26,8
260,0,1,0,0,1,0,1,34,8
2574,0,1,0,0,1,0,1,18,8
170,0,1,0,0,1,0,1,27,8
409,0,1,0,0,1,0,0,32,8
27,0,1,0,0,1,0,1,29,8
834,0,1,0,0,1,0,1,23,8
394,0,1,0,0,1,0,1,33,8
293,0,1,0,0,1,0,1,37,8
291,0,1,0,0,1,0,1,30,8
492,0,1,0,0,1,0,0,27,8
640,0,1,0,0,1,0,1,27,8
214,0,1,0,0,1,0,0,22,8
1152,0,1,0,0,1,0,1,30,8
670,0,1,0,0,1,0,0,42,8
512,0,1,0,0,1,0,1,21,8
1128,0,1,0,0,1,0,1,27,8
673,0,1,0,0,1,0,1,25,8
475,0,1,0,0,1,0,1,27,8
255,0,1,0,0,1,0,1,25,8
963,0,1,0,0,1,0,0,24,8
1194,0,1,0,0,1,0,0,34,8
955,0,1,0,0,1,0,0,32,8
774,0,1,0,0,1,0,0,35,8
954,0,1,0,0,1,0,1,30,8
585,0,1,0,0,1,0,0,26,8
409,0,1,0,0,1,0,1,25,8
1181,0,1,0,0,1,0,1,26,8
369,0,1,0,0,1,0,0,30,8
235,0,1,0,0,1,0,1,28,8
311,0,1,0,0,1,0,1,35,8
1518,0,1,0,0,1,0,1,36,8
716,0,1,0,0,1,0,1,37,8
1032,0,1,0,0,1,0,1,33,8
347,0,1,0,0,1,0,1,31,8
359,0,1,0,0,1,0,1,38,8
414,0,1,0,0,1,0,0,35,8
316,0,1,0,0,1,0,0,39,8
323,0,1,0,0,1,0,0,25,8
510,0,1,0,0,1,0,0,25,8
164,0,1,0,0,1,0,1,38,8
1474,0,1,0,0,1,0,1,27,8
273,0,1,0,0,1,0,1,38,8
833,0,1,0,0,1,0,0,24,8
551,0,1,0,0,1,0,1,35,8
911,0,1,0,0,1,0,0,23,8
532,0,1,0,0,1,0,0,35,8
1590,0,1,0,0,1,0,0,25,8
1019,0,1,0,0,1,0,0,32,8
3383,0,1,0,0,1,0,0,31,8
430,0,1,0,0,1,0,1,28,8
315,0,1,0,0,1,0,1,29,8
1062,0,1,0,0,1,0,1,23,8
1297,0,1,0,0,1,0,0,37,8
634,0,1,0,0,1,0,1,33,8
362,0,1,0,0,1,0,1,22,8
405,0,1,0,0,1,0,1,24,8
583,0,1,0,0,1,0,1,30,8
641,0,1,0,0,1,0,0,27,8
784,0,1,0,0,1,0,0,32,8
352,0,1,0,0,1,0,1,28,8
479,0,1,0,0,1,0,0,20,8
664,0,1,0,0,1,0,1,20,8
476,0,1,0,0,1,0,1,38,8
933,0,1,0,0,1,0,1,27,8
644,0,1,0,0,1,0,1,38,8
70,0,1,0,0,1,0,1,29,8
441,0,1,0,0,1,0,1,22,8
1876,0,1,0,0,1,0,1,32,8
185,0,1,0,0,1,0,0,25,8
1279,0,1,0,0,1,0,1,27,8
283,0,1,0,0,1,0,1,32,8
719,0,1,0,0,1,0,1,26,8
221,0,1,0,0,1,0,1,35,8
711,0,1,0,0,1,0,0,27,8
322,0,1,0,0,1,0,1,35,8
190,0,1,0,0,1,0,1,28,8
1046,0,1,0,0,1,0,1,25,8
685,0,1,0,0,1,0,1,28,8
588,0,1,0,0,1,0,1,20,8
251,0,1,0,0,1,0,1,30,8
1667,0,1,0,0,1,0,0,41,8
619,0,1,0,0,1,0,1,28,8
436,0,1,0,0,1,0,1,33,8
260,0,1,0,0,1,0,1,24,8
664,0,1,0,0,1,0,0,23,8
1821,0,1,0,0,1,0,1,21,8
487,0,1,0,0,1,0,0,32,8
565,0,1,0,0,1,0,0,20,8
1035,0,1,0,0,1,0,0,30,8
292,0,1,0,0,1,0,0,32,8
538,0,1,0,0,1,0,1,27,8
403,0,1,0,0,1,0,0,28,8
947,0,1,0,0,1,0,0,25,8
214,0,1,0,0,1,0,1,36,8
821,0,1,0,0,1,0,1,17,8
275,0,1,0,0,1,0,1,28,8
406,0,1,0,0,1,0,0,41,8
256,0,1,0,0,1,0,1,34,8
256,0,1,0,0,1,0,0,39,8
433,0,1,0,0,1,0,1,32,8
466,0,1,0,0,1,0,0,27,8
503,0,1,0,0,1,0,0,24,8
685,0,1,0,0,1,0,1,30,8
243,0,1,0,0,1,0,1,23,8
337,0,1,0,0,1,0,1,25,8
671,0,1,0,0,1,0,0,25,8
326,0,1,0,0,1,0,1,38,8
458,0,1,0,0,1,0,0,32,8
857,0,1,0,0,1,0,1,29,8
432,0,1,0,0,1,0,1,27,8
345,0,1,0,0,1,0,0,38,8
253,0,1,0,0,1,0,1,29,8
971,0,1,0,0,1,0,0,20,8
81,0,1,0,0,1,0,0,36,8
466,0,1,0,0,1,0,1,30,8
606,0,1,0,0,1,0,1,30,8
394,0,1,0,0,1,0,1,25,8
497,0,1,0,0,1,0,1,28,8
62,0,1,0,0,1,0,1,19,8
278,0,1,0,0,1,0,1,20,8
856,0,1,0,0,1,0,1,33,8
470,0,1,0,0,1,0,1,33,8
557,0,1,0,0,1,0,1,21,8
912,0,1,0,0,1,0,1,28,8
372,0,1,0,0,1,0,0,25,8
861,0,1,0,0,1,0,0,29,8
432,0,1,0,0,1,0,1,29,8
440,0,1,0,0,1,0,0,32,8
579,0,1,0,0,1,0,0,25,8
826,0,1,0,0,1,0,1,26,8
941,0,1,0,0,1,0,0,25,8
458,0,1,0,0,1,0,1,31,8
1247,0,1,0,0,1,0,0,32,8
306,0,1,0,0,1,0,1,35,8
347,0,1,0,0,1,0,1,31,8
470,0,1,0,0,1,0,0,31,8
421,0,1,0,0,1,0,1,28,8
367,0,1,0,0,1,0,1,36,8
1434,0,1,0,0,1,0,0,31,8
599,0,1,0,0,1,0,1,35,8
194,0,1,0,0,1,0,1,21,8
779,0,1,0,0,1,0,0,33,8
541,0,1,0,0,1,0,1,26,8
319,0,1,0,0,1,0,1,34,8
401,0,1,0,0,1,0,1,23,8
268,0,1,0,0,1,0,1,29,8
452,0,1,0,0,1,0,1,27,8
402,0,1,0,0,1,0,1,30,8
921,0,1,0,0,1,0,0,31,8
397,0,1,0,0,1,0,1,30,8
463,0,1,0,0,1,0,1,26,8
685,0,1,0,0,1,0,1,32,8
917,0,1,0,0,1,0,1,36,8
847,0,1,0,0,1,0,1,32,8
509,0,1,0,0,1,0,0,30,8
160,0,1,0,0,1,0,1,28,8
166,0,1,0,0,1,0,1,34,8
997,0,1,0,0,1,0,1,32,8
207,0,1,0,0,1,0,1,20,8
519,0,1,0,0,1,0,1,27,8
441,0,1,0,0,1,0,1,38,8
99,0,1,0,0,1,0,1,31,8
828,0,1,0,0,1,0,1,25,8
354,0,1,0,0,1,0,1,38,8
441,0,1,0,0,1,0,1,33,8
880,0,1,0,0,1,0,1,30,8
319,0,1,0,0,1,0,1,29,8
553,0,1,0,0,1,0,1,33,8
385,0,1,0,0,1,0,1,37,8
540,0,1,0,0,1,0,1,23,8
790,0,1,0,0,1,0,1,36,8
692,0,1,0,0,1,0,0,32,8
328,0,1,0,0,1,0,0,26,8
396,0,1,0,0,1,0,1,21,8
1133,0,1,0,0,1,0,0,32,8
438,0,1,0,0,1,0,1,38,8
1104,0,1,0,0,1,0,0,20,8
49,0,1,0,0,1,0,1,29,8
969,0,1,0,0,1,0,1,25,8
678,0,1,0,0,1,0,1,28,8
566,0,1,0,0,1,0,0,33,8
150,0,1,0,0,1,0,1,29,8
524,0,1,0,0,1,0,1,22,8
532,0,1,0,0,1,0,1,36,8
1707,0,1,0,0,1,0,1,36,8
192,0,1,0,0,1,0,0,30,8
1222,0,1,0,0,1,0,1,35,8
2606,0,1,0,0,1,0,1,30,8
997,0,1,0,0,1,0,1,29,8
398,0,1,0,0,1,0,1,28,8
396,0,1,0,0,1,0,1,35,8
615,0,1,0,0,1,0,1,25,8
1385,0,1,0,0,1,0,0,30,8
390,0,1,0,0,1,0,1,27,8
1113,0,1,0,0,1,0,1,35,8
1258,0,1,0,0,1,0,1,26,8
246,0,1,0,0,1,0,1,23,8
1336,0,1,0,0,1,0,0,35,8
460,0,1,0,0,1,0,1,38,8
400,0,1,0,0,1,0,1,19,8
706,0,1,0,0,1,0,1,31,8
502,0,1,0,0,1,0,1,27,8
161,0,1,0,0,1,0,1,27,8
760,0,1,0,0,1,0,1,27,8
169,0,1,0,0,1,0,1,29,8
221,0,1,0,0,1,0,1,20,8
992,0,1,0,0,1,0,1,27,8
422,0,1,0,0,1,0,0,28,8
357,0,1,0,0,1,0,0,41,8
1202,0,1,0,0,1,0,1,32,8
376,0,1,0,0,1,0,0,26,8
453,0,1,0,0,1,0,1,26,8
597,0,1,0,0,1,0,0,21,8
359,0,1,0,0,1,0,1,25,8
346,0,1,0,0,1,0,1,27,8
984,0,1,0,0,1,0,1,38,8
139,0,1,0,0,1,0,1,22,8
821,0,1,0,0,1,0,0,35,8
502,0,1,0,0,1,0,1,29,8
1018,0,1,0,0,1,0,0,27,8
1112,0,1,0,0,1,0,0,41,8
583,0,1,0,0,1,0,0,39,8
219,0,1,0,0,1,0,1,31,8
468,0,1,0,0,1,0,1,26,8
1536,0,1,0,0,1,0,0,37,8
1022,0,1,0,0,1,0,1,36,8
1324,0,1,0,0,1,0,0,28,8
233,0,1,0,0,1,0,1,28,8
833,0,1,0,0,1,0,1,32,8
221,0,1,0,0,1,0,0,30,8
240,0,1,0,0,1,0,1,24,8
864,0,1,0,0,1,0,1,26,8
644,0,1,0,0,1,0,1,25,8
537,0,1,0,0,1,0,0,24,8
356,0,1,0,0,1,0,1,26,8
430,0,1,0,0,1,0,1,25,8
12,0,1,0,0,1,0,1,31,8
4,0,1,0,0,1,0,1,28,8
403,0,1,0,0,1,0,1,26,8
251,0,1,0,0,1,0,0,31,8
469,0,1,0,0,1,0,1,32,8
350,0,1,0,0,1,0,0,30,8
1807,0,1,0,0,1,0,0,21,8
289,0,1,0,0,1,0,1,26,8
487,0,1,0,0,1,0,1,25,8
1501,0,1,0,0,1,0,1,25,8
1014,0,1,0,0,1,0,0,21,8
809,0,1,0,0,1,0,1,24,8
382,0,1,0,0,1,0,1,26,8
20,0,1,0,0,1,0,0,21,8
260,0,1,0,0,1,0,0,35,8
982,0,1,0,0,1,0,1,25,8
270,0,1,0,0,1,0,0,33,8
381,0,1,0,0,1,0,1,27,8
2436,0,1,0,0,1,0,0,23,8
584,0,1,0,0,1,0,1,27,8
407,0,1,0,0,1,0,0,29,8
673,0,1,0,0,1,0,0,39,8
192,0,1,0,0,1,0,1,20,8
435,0,1,0,0,1,0,1,27,8
613,0,1,0,0,1,0,0,25,8
334,0,1,0,0,1,0,1,28,8
119,0,1,0,0,1,0,1,24,8
595,0,1,0,0,1,0,0,38,8
448,0,1,0,0,1,0,0,41,8
318,0,1,0,0,1,0,1,22,8
561,0,1,0,0,1,0,1,27,8
1241,0,1,0,0,1,0,1,32,8
250,0,1,0,0,1,0,1,33,8
1191,0,1,0,0,1,0,1,35,8
328,0,1,0,0,1,0,1,28,8
457,0,1,0,0,1,0,1,29,8
256,0,1,0,0,1,0,0,40,8
1162,0,1,0,0,1,0,1,25,8
363,0,1,0,0,1,0,1,27,8
609,0,1,0,0,1,0,0,33,8
292,0,1,0,0,1,0,1,25,8
530,0,1,0,0,1,0,1,25,8
962,0,1,0,0,1,0,1,34,8
268,0,1,0,0,1,0,1,37,8
845,0,1,0,0,1,0,1,29,8
851,0,1,0,0,1,0,0,33,8
598,0,1,0,0,1,0,0,41,8
409,0,1,0,0,1,0,1,35,8
691,0,1,0,0,1,0,1,32,8
1800,0,1,0,0,1,0,0,24,8
249,0,1,0,0,1,0,1,29,8
306,0,1,0,0,1,0,1,20,8
1253,0,1,0,0,1,0,1,29,8
443,0,1,0,0,1,0,0,25,8
848,0,1,0,0,1,0,0,29,8
593,0,1,0,0,1,0,1,27,8
583,0,1,0,0,1,0,0,29,8
611,0,1,0,0,1,0,0,36,8
1143,0,1,0,0,1,0,0,21,8
147,0,1,0,0,1,0,1,35,8
782,0,1,0,0,1,0,0,33,8
380,0,1,0,0,1,0,1,37,8
505,0,1,0,0,1,0,1,36,8
317,0,1,0,0,1,0,1,33,8
257,0,1,0,0,1,0,1,25,8
378,0,1,0,0,1,0,0,25,8
187,0,1,0,0,1,0,1,32,8
758,0,1,0,0,1,0,1,27,8
1313,0,1,0,0,1,0,1,25,8
2580,0,1,0,0,1,0,0,33,8
180,0,1,0,0,1,0,1,27,8
104,0,1,0,0,1,0,1,35,8
5421,0,1,0,0,1,0,0,32,8
418,0,1,0,0,1,0,1,26,8
347,0,1,0,0,1,0,1,26,8
787,0,1,0,0,1,0,1,38,8
1182,0,1,0,0,1,0,1,28,8
566,0,1,0,0,1,0,1,26,8
912,0,1,0,0,1,0,0,32,8
836,0,1,0,0,1,0,1,31,8
287,0,1,0,0,1,0,1,31,8
421,0,1,0,0,1,0,0,40,8
1011,0,1,0,0,1,0,1,34,8
95,0,1,0,0,1,0,0,32,8
1109,0,1,0,0,1,0,1,25,8
1495,0,1,0,0,1,0,1,26,8
435,0,1,0,0,1,0,0,26,8
814,0,1,0,0,1,0,0,20,8
533,0,1,0,0,1,0,0,37,8
921,0,1,0,0,1,0,1,29,8
477,0,1,0,0,1,0,0,37,8
836,0,1,0,0,1,0,0,24,8
365,0,1,0,0,1,0,1,25,8
157,0,1,0,0,1,0,1,25,8
758,0,1,0,0,1,0,0,32,8
405,0,1,0,0,1,0,0,27,8
459,0,1,0,0,1,0,1,22,8
266,0,1,0,0,1,0,0,25,8
524,0,1,0,0,1,0,0,28,8
45,0,1,0,0,1,0,0,35,8
521,0,1,0,0,1,0,1,33,8
613,0,1,0,0,1,0,1,26,8
951,0,1,0,0,1,0,1,31,8
5,0,1,0,0,1,0,1,29,8
1245,0,1,0,0,1,0,0,20,8
1105,0,1,0,0,1,0,0,23,8
668,0,1,0,0,1,0,0,25,8
497,0,1,0,0,1,0,1,38,8
201,0,1,0,0,1,0,1,38,8
384,0,1,0,0,1,0,1,26,8
435,0,1,0,0,1,0,0,26,8
652,0,1,0,0,1,0,1,24,8
9945,0,1,0,0,1,0,1,22,8
273,0,1,0,0,1,0,1,22,8
438,0,1,0,0,1,0,1,31,8
839,0,1,0,0,1,0,1,29,8
1158,0,1,0,0,1,0,0,34,8
367,0,1,0,0,1,0,0,29,8
1271,0,1,0,0,1,0,0,34,8
916,0,1,0,0,1,0,0,27,8
899,0,1,0,0,1,0,1,36,8
459,0,1,0,0,1,0,1,25,8
341,0,1,0,0,1,0,1,31,8
636,0,1,0,0,1,0,0,24,8
241,0,1,0,0,1,0,1,26,8
629,0,1,0,0,1,0,1,28,8
639,0,1,0,0,1,0,1,23,8
344,0,1,0,0,1,0,1,31,8
424,0,1,0,0,1,0,1,29,8
1356,0,1,0,0,1,0,1,24,8
467,0,1,0,0,1,0,1,28,8
954,0,1,0,0,1,0,1,38,8
504,0,1,0,0,1,0,1,35,8
638,0,1,0,0,1,0,0,25,8
1382,0,1,0,0,1,0,1,29,8
296,0,1,0,0,1,0,1,30,8
390,0,1,0,0,1,0,1,36,8
361,0,1,0,0,1,0,1,30,8
787,0,1,0,0,1,0,1,29,8
714,0,1,0,0,1,0,1,21,8
887,0,1,0,0,1,0,0,35,8
550,0,1,0,0,1,0,0,26,8
1330,0,1,0,0,1,0,0,23,8
743,0,1,0,0,1,0,0,34,8
531,0,1,0,0,1,0,1,23,8
680,0,1,0,0,1,0,1,28,8
778,0,1,0,0,1,0,1,35,8
372,0,1,0,0,1,0,1,33,8
1027,0,1,0,0,1,0,1,23,8
829,0,1,0,0,1,0,0,26,8
946,0,1,0,0,1,0,0,24,8
234,0,1,0,0,1,0,0,25,8
217,0,1,0,0,1,0,1,31,8
319,0,1,0,0,1,0,1,37,8
198,0,1,0,0,1,0,0,28,8
486,0,1,0,0,1,0,1,33,8
352,0,1,0,0,1,0,0,31,8
472,0,1,0,0,1,0,1,26,8
560,0,1,0,0,1,0,0,26,8
237,0,1,0,0,1,0,0,39,8
405,0,1,0,0,1,0,0,21,8
291,0,1,0,0,1,0,1,29,8
1076,0,1,0,0,1,0,0,26,8
1572,0,1,0,0,1,0,1,26,8
384,0,1,0,0,1,0,1,30,8
418,0,1,0,0,1,0,1,21,8
1995,0,1,0,0,1,0,0,36,8
314,0,1,0,0,1,0,1,26,8
163,0,1,0,0,1,0,0,35,8
188,0,1,0,0,1,0,1,37,8
204,0,1,0,0,1,0,1,34,8
2040,0,1,0,0,1,0,1,35,8
518,0,1,0,0,1,0,1,30,8
1158,0,1,0,0,1,0,1,18,8
213,0,1,0,0,1,0,1,19,8
778,0,1,0,0,1,0,1,21,8
315,0,1,0,0,1,0,1,22,8
381,0,1,0,0,1,0,0,20,8
1130,0,1,0,0,1,0,1,26,8
575,0,1,0,0,1,0,0,25,8
221,0,1,0,0,1,0,1,38,8
834,0,1,0,0,1,0,0,35,8
380,0,1,0,0,1,0,1,32,8
165,0,1,0,0,1,0,1,24,8
692,0,1,0,0,1,0,1,27,8
437,0,1,0,0,1,0,1,28,8
934,0,1,0,0,1,0,1,33,8
411,0,1,0,0,1,0,1,33,8
783,0,1,0,0,1,0,1,34,8
398,0,1,0,0,1,0,1,26,8
876,0,1,0,0,1,0,0,29,8
253,0,1,0,0,1,0,1,28,8
274,0,1,0,0,1,0,0,22,8
198,0,1,0,0,1,0,1,38,8
371,0,1,0,0,1,0,1,28,8
433,0,1,0,0,1,0,1,33,8
914,0,1,0,0,1,0,1,27,8
1469,0,1,0,0,1,0,0,28,8
377,0,1,0,0,1,0,1,25,8
364,0,1,0,0,1,0,1,30,8
1484,0,1,0,0,1,0,1,34,8
729,0,1,0,0,1,0,1,28,8
921,0,1,0,0,1,0,0,32,8
862,0,1,0,0,1,0,0,21,8
240,0,1,0,0,1,0,1,31,8
1131,0,1,0,0,1,0,1,36,8
187,0,1,0,0,1,0,1,36,8
580,0,1,0,0,1,0,1,32,8
1012,0,1,0,0,1,0,0,39,8
845,0,1,0,0,1,0,0,28,8
458,0,1,0,0,1,0,1,26,8
365,0,1,0,0,1,0,1,37,8
297,0,1,0,0,1,0,1,27,8
203,0,1,0,0,1,0,0,34,8
899,0,1,0,0,1,0,0,26,8
508,0,1,0,0,1,0,1,26,8
475,0,1,0,0,1,0,1,31,8
563,0,1,0,0,1,0,1,31,8
350,0,1,0,0,1,0,0,32,8
469,0,1,0,0,1,0,0,28,8
766,0,1,0,0,1,0,0,36,8
436,0,1,0,0,1,0,1,26,8
1401,0,1,0,0,1,0,0,29,8
277,0,1,0,0,1,0,1,26,8
818,0,1,0,0,1,0,0,25,8
314,0,1,0,0,1,0,1,19,8
797,0,1,0,0,1,0,0,38,8
21,0,1,0,0,1,0,1,29,8
634,0,1,0,0,1,0,0,37,8
237,0,1,0,0,1,0,1,33,8
828,0,1,0,0,1,0,0,34,8
354,0,1,0,0,1,0,1,31,8
925,0,1,0,0,1,0,1,33,8
416,0,1,0,0,1,0,1,24,8
196,0,1,0,0,1,0,1,33,8
862,0,1,0,0,1,0,1,29,8
119,0,1,0,0,1,0,1,36,8
692,0,1,0,0,1,0,0,26,8
228,0,1,0,0,1,0,0,33,8
723,0,1,0,0,1,0,0,42,8
495,0,1,0,0,1,0,0,30,8
593,0,1,0,0,1,0,1,27,8
515,0,1,0,0,1,0,0,32,8
339,0,1,0,0,1,0,1,26,8
1501,0,1,0,0,1,0,1,37,8
932,0,1,0,0,1,0,1,29,8
1083,0,1,0,0,1,0,1,29,8
649,0,1,0,0,1,0,1,36,8
451,0,1,0,0,1,0,1,30,8
520,0,1,0,0,1,0,0,31,8
657,0,1,0,0,1,0,1,26,8
444,0,1,0,0,1,0,0,27,8
348,0,1,0,0,1,0,1,35,8
396,0,1,0,0,1,0,0,34,8
419,0,1,0,0,1,0,1,21,8
266,0,1,0,0,1,0,0,29,8
435,0,1,0,0,1,0,1,30,8
738,0,1,0,0,1,0,0,23,8
441,0,1,0,0,1,0,1,23,8
478,0,1,0,0,1,0,0,34,8
690,0,1,0,0,1,0,1,35,8
417,0,1,0,0,1,0,1,25,8
434,0,1,0,0,1,0,0,22,8
361,0,1,0,0,1,0,0,32,8
281,0,1,0,0,1,0,1,25,8
607,0,1,0,0,1,0,0,38,8
394,0,1,0,0,1,0,0,34,8
711,0,1,0,0,1,0,1,22,8
318,0,1,0,0,1,0,1,28,8
1178,0,1,0,0,1,0,1,38,8
338,0,1,0,0,1,0,1,30,8
304,0,1,0,0,1,0,1,32,8
883,0,1,0,0,1,0,1,29,8
841,0,1,0,0,1,0,1,25,8
679,0,1,0,0,1,0,1,30,8
265,0,1,0,0,1,0,1,26,8
373,0,1,0,0,1,0,0,31,8
321,0,1,0,0,1,0,1,28,8
421,0,1,0,0,1,0,1,30,8
502,0,1,0,0,1,0,1,34,8
359,0,1,0,0,1,0,1,34,8
1047,0,1,0,0,1,0,0,35,8
417,0,1,0,0,1,0,1,33,8
1042,0,1,0,0,1,0,1,28,8
1210,0,1,0,0,1,0,1,38,8
245,0,1,0,0,1,0,1,31,8
534,0,1,0,0,1,0,1,18,8
172,0,1,0,0,1,0,1,37,8
182,0,1,0,0,1,0,1,34,8
478,0,1,0,0,1,0,0,42,8
643,0,1,0,0,1,0,1,29,8
1161,0,1,0,0,1,0,0,21,8
578,0,1,0,0,1,0,1,27,8
222,0,1,0,0,1,0,1,29,8
620,0,1,0,0,1,0,1,31,8
780,0,1,0,0,1,0,0,21,8
325,0,1,0,0,1,0,0,27,8
689,0,1,0,0,1,0,1,31,8
424,0,1,0,0,1,0,1,36,8
198,0,1,0,0,1,0,1,18,8
627,0,1,0,0,1,0,1,32,8
621,0,1,0,0,1,0,1,31,8
441,0,1,0,0,1,0,0,37,8
136,0,1,0,0,1,0,1,35,8
1420,0,1,0,0,1,0,1,31,8
339,0,1,0,0,1,0,1,24,8
158,0,1,0,0,1,0,1,38,8
1120,0,1,0,0,1,0,1,20,8
671,0,1,0,0,1,0,1,33,8
469,0,1,0,0,1,0,1,23,8
587,0,1,0,0,1,0,0,25,8
165,0,1,0,0,1,0,1,33,8
407,0,1,0,0,1,0,1,26,8
186,0,1,0,0,1,0,1,21,8
1313,0,1,0,0,1,0,0,35,8
761,0,1,0,0,1,0,1,30,8
644,0,1,0,0,1,0,0,35,8
318,0,1,0,0,1,0,1,20,8
542,0,1,0,0,1,0,1,26,8
606,0,1,0,0,1,0,0,29,8
189,0,1,0,0,1,0,1,22,8
1493,0,1,0,0,1,0,0,28,8
1519,0,1,0,0,1,0,1,24,8
515,0,1,0,0,1,0,1,29,8
1163,0,1,0,0,1,0,0,29,8
563,0,1,0,0,1,0,1,28,8
1025,0,1,0,0,1,0,1,35,8
516,0,1,0,0,1,0,1,32,8
367,0,1,0,0,1,0,0,25,8
927,0,1,0,0,1,0,1,36,8
1590,0,1,0,0,1,0,0,31,8
1004,0,1,0,0,1,0,1,28,8
353,0,1,0,0,1,0,1,23,8
599,0,1,0,0,1,0,0,30,8
347,0,1,0,0,1,0,1,24,8
2449,0,1,0,0,1,0,0,28,8
1303,0,1,0,0,1,0,0,36,8
382,0,1,0,0,1,0,1,23,8
3,0,1,0,0,1,0,0,20,8
862,0,1,0,0,1,0,1,36,8
1373,0,1,0,0,1,0,0,34,8
561,0,1,0,0,1,0,1,26,8
255,0,1,0,0,1,0,1,37,8
769,0,1,0,0,1,0,0,26,8
864,0,1,0,0,1,0,0,22,8
502,0,1,0,0,1,0,1,31,8
669,0,1,0,0,1,0,1,37,8
674,0,1,0,0,1,0,1,38,8
48,0,1,0,0,1,0,0,26,8
931,0,1,0,0,1,0,0,20,8
1116,0,1,0,0,1,0,1,29,8
1027,0,1,0,0,1,0,1,31,8
1389,0,1,0,0,1,0,0,28,8
467,0,1,0,0,1,0,1,31,8
1081,0,1,0,0,1,0,1,25,8
745,0,1,0,0,1,0,0,23,8
1175,0,1,0,0,1,0,0,39,8
1243,0,1,0,0,1,0,0,34,8
838,0,1,0,0,1,0,1,28,8
571,0,1,0,0,1,0,1,31,8
225,0,1,0,0,1,0,0,28,8
688,0,1,0,0,1,0,0,29,8
735,0,1,0,0,1,0,0,30,8
460,0,1,0,0,1,0,1,33,8
179,0,1,0,0,1,0,0,25,8
334,0,1,0,0,1,0,1,24,8
861,0,1,0,0,1,0,1,32,8
776,0,1,0,0,1,0,1,24,8
1200,0,1,0,0,1,0,0,35,8
1592,0,1,0,0,1,0,1,33,8
2270,0,1,0,0,1,0,1,30,8
897,0,1,0,0,1,0,1,24,8
581,0,1,0,0,1,0,1,25,8
476,0,1,0,0,1,0,1,30,8
719,0,1,0,0,1,0,1,24,8
538,0,1,0,0,1,0,1,21,8
389,0,1,0,0,1,0,1,38,8
215,0,1,0,0,1,0,1,29,8
725,0,1,0,0,1,0,0,23,8
701,0,1,0,0,1,0,1,31,8
486,0,1,0,0,1,0,0,24,8
326,0,1,0,0,1,0,1,25,8
382,0,1,0,0,1,0,1,36,8
390,0,1,0,0,1,0,1,38,8
568,0,1,0,0,1,0,1,30,8
880,0,1,0,0,1,0,1,34,8
613,0,1,0,0,1,0,1,30,8
282,0,1,0,0,1,0,1,28,8
302,0,1,0,0,1,0,1,35,8
989,0,1,0,0,1,0,1,28,8
967,0,1,0,0,1,0,0,33,8
899,0,1,0,0,1,0,1,30,8
1467,0,1,0,0,1,0,0,32,8
688,0,1,0,0,1,0,1,29,8
677,0,1,0,0,1,0,1,33,8
328,0,1,0,0,1,0,0,30,8
786,0,1,0,0,1,0,1,26,8
717,0,1,0,0,1,0,1,28,8
582,0,1,0,0,1,0,1,31,8
227,0,1,0,0,1,0,1,27,8
391,0,1,0,0,1,0,1,25,8
444,0,1,0,0,1,0,1,34,8
344,0,1,0,0,1,0,0,26,8
248,0,1,0,0,1,0,1,31,8
1007,0,1,0,0,1,0,0,26,8
174,0,1,0,0,1,0,1,25,8
206,0,1,0,0,1,0,1,25,8
496,0,1,0,0,1,0,0,31,8
959,0,1,0,0,1,0,1,25,8
321,0,1,0,0,1,0,1,30,8
594,0,1,0,0,1,0,1,38,8
494,0,1,0,0,1,0,1,35,8
594,0,1,0,0,1,0,1,35,8
572,0,1,0,0,1,0,1,31,8
803,0,1,0,0,1,0,0,24,8
303,0,1,0,0,1,0,1,28,8
286,0,1,0,0,1,0,0,32,8
1872,0,1,0,0,1,0,0,36,8
375,0,1,0,0,1,0,0,38,8
439,0,1,0,0,1,0,0,25,8
845,0,1,0,0,1,0,1,22,8
515,0,1,0,0,1,0,1,29,8
691,0,1,0,0,1,0,1,31,8
463,0,1,0,0,1,0,1,32,8
265,0,1,0,0,1,0,1,27,8
1189,0,1,0,0,1,0,1,23,8
31,0,1,0,0,1,0,0,38,8
345,0,1,0,0,1,0,0,35,8
2050,0,1,0,0,1,0,0,31,8
245,0,1,0,0,1,0,1,28,8
512,0,1,0,0,1,0,1,38,8
384,0,1,0,0,1,0,1,19,8
919,0,1,0,0,1,0,1,30,8
459,0,1,0,0,1,0,1,31,8
625,0,1,0,0,1,0,1,18,8
372,0,1,0,0,1,0,1,21,8
603,0,1,0,0,1,0,1,32,8
319,0,1,0,0,1,0,1,34,8
1390,0,1,0,0,1,0,0,30,8
929,0,1,0,0,1,0,1,24,8
492,0,1,0,0,1,0,1,26,8
201,0,1,0,0,1,0,1,30,8
970,0,1,0,0,1,0,1,27,8
650,0,1,0,0,1,0,1,26,8
249,0,1,0,0,1,0,1,32,8
965,0,1,0,0,1,0,1,35,8
330,0,1,0,0,1,0,1,31,8
348,0,1,0,0,1,0,1,29,8
1435,0,1,0,0,1,0,1,33,8
1586,0,1,0,0,1,0,0,28,8
85,0,1,0,0,1,0,1,22,8
532,0,1,0,0,1,0,0,42,8
398,0,1,0,0,1,0,1,25,8
402,0,1,0,0,1,0,1,26,8
636,0,1,0,0,1,0,0,20,8
193,0,1,0,0,1,0,1,21,8
195,0,1,0,0,1,0,1,34,8
1133,0,1,0,0,1,0,0,27,8
731,0,1,0,0,1,0,0,31,8
1463,0,1,0,0,1,0,1,35,8
267,0,1,0,0,1,0,1,25,8
681,0,1,0,0,1,0,1,25,8
922,0,1,0,0,1,0,1,21,8
1311,0,1,0,0,1,0,1,30,8
483,0,1,0,0,1,0,1,30,8
1361,0,1,0,0,1,0,0,31,8
232,0,1,0,0,1,0,1,28,8
698,0,1,0,0,1,0,0,35,8
571,0,1,0,0,1,0,1,31,8
873,0,1,0,0,1,0,0,30,8
1168,0,1,0,0,1,0,1,33,8
409,0,1,0,0,1,0,1,23,8
1322,0,1,0,0,1,0,0,25,8
293,0,1,0,0,1,0,1,32,8
313,0,1,0,0,1,0,0,35,8
1057,0,1,0,0,1,0,1,31,8
288,0,1,0,0,1,0,1,27,8
431,0,1,0,0,1,0,1,29,8
584,0,1,0,0,1,0,1,29,8
486,0,1,0,0,1,0,1,26,8
1174,0,1,0,0,1,0,0,30,8
700,0,1,0,0,1,0,1,32,8
447,0,1,0,0,1,0,1,36,8
588,0,1,0,0,1,0,1,29,8
999,0,1,0,0,1,0,1,32,8
495,0,1,0,0,1,0,0,30,8
330,0,1,0,0,1,0,0,32,8
718,0,1,0,0,1,0,1,35,8
3219,0,1,0,0,1,0,0,31,8
255,0,1,0,0,1,0,1,22,8
472,0,1,0,0,1,0,1,27,8
822,0,1,0,0,1,0,0,27,8
1543,0,1,0,0,1,0,1,30,8
620,0,1,0,0,1,0,1,34,8
626,0,1,0,0,1,0,1,38,8
2294,0,1,0,0,1,0,1,34,8
1742,0,1,0,0,1,0,1,38,8
438,0,1,0,0,1,0,1,37,8
745,0,1,0,0,1,0,1,24,8
945,0,1,0,0,1,0,0,35,8
482,0,1,0,0,1,0,1,27,8
1049,0,1,0,0,1,0,1,25,8
338,0,1,0,0,1,0,0,30,8
1136,0,1,0,0,1,0,0,27,8
271,0,1,0,0,1,0,1,30,8
612,0,1,0,0,1,0,1,38,8
650,0,1,0,0,1,0,0,27,8
1007,0,1,0,0,1,0,1,27,8
3270,0,1,0,0,1,0,0,28,8
285,0,1,0,0,1,0,1,35,8
574,0,1,0,0,1,0,0,27,8
501,0,1,0,0,1,0,0,27,8
1641,0,1,0,0,1,0,1,33,8
331,0,1,0,0,1,0,1,29,8
148,0,1,0,0,1,0,0,38,8
1851,0,1,0,0,1,0,1,32,8
1656,0,1,0,0,1,0,1,36,8
322,0,1,0,0,1,0,0,30,8
18,0,1,0,0,1,0,1,28,8
493,0,1,0,0,1,0,0,30,8
384,0,1,0,0,1,0,1,34,8
436,0,1,0,0,1,0,1,27,8
788,0,1,0,0,1,0,0,29,8
695,0,1,0,0,1,0,0,25,8
210,0,1,0,0,1,0,1,22,8
94,0,1,0,0,1,0,1,35,8
816,0,1,0,0,1,0,0,29,8
183,0,1,0,0,1,0,1,19,8
1441,0,1,0,0,1,0,0,33,8
762,0,1,0,0,1,0,1,29,8
1175,0,1,0,0,1,0,1,28,8
418,0,1,0,0,1,0,1,35,8
1211,0,1,0,0,1,0,1,36,8
144,0,1,0,0,1,0,1,37,8
403,0,1,0,0,1,0,1,25,8
529,0,1,0,0,1,0,0,33,8
244,0,1,0,0,1,0,1,27,8
203,0,1,0,0,1,0,1,20,8
137,0,1,0,0,1,0,1,27,8
595,0,1,0,0,1,0,0,36,8
718,0,1,0,0,1,0,1,24,8
673,0,1,0,0,1,0,1,34,8
673,0,1,0,0,1,0,1,25,8
228,0,1,0,0,1,0,0,25,8
416,0,1,0,0,1,0,1,29,8
597,0,1,0,0,1,0,0,33,8
296,0,1,0,0,1,0,1,37,8
238,0,1,0,0,1,0,0,22,8
934,0,1,0,0,1,0,1,27,8
705,0,1,0,0,1,0,0,25,8
397,0,1,0,0,1,0,1,27,8
193,0,1,0,0,1,0,1,31,8
430,0,1,0,0,1,0,1,25,8
648,0,1,0,0,1,0,1,27,8
251,0,1,0,0,1,0,1,29,8
1275,0,1,0,0,1,0,1,30,8
680,0,1,0,0,1,0,1,38,8
324,0,1,0,0,1,0,0,24,8
146,0,1,0,0,1,0,1,26,8
238,0,1,0,0,1,0,1,31,8
237,0,1,0,0,1,0,0,20,8
549,0,1,0,0,1,0,1,33,8
605,0,1,0,0,1,0,0,36,8
149,0,1,0,0,1,0,1,31,8
377,0,1,0,0,1,0,1,33,8
807,0,1,0,0,1,0,1,30,8
611,0,1,0,0,1,0,0,37,8
350,0,1,0,0,1,0,1,21,8
247,0,1,0,0,1,0,1,31,8
859,0,1,0,0,1,0,1,23,8
190,0,1,0,0,1,0,1,38,8
458,0,1,0,0,1,0,1,33,8
544,0,1,0,0,1,0,1,38,8
131,0,1,0,0,1,0,0,25,8
119,0,1,0,0,1,0,1,35,8
460,0,1,0,0,1,0,1,33,8
374,0,1,0,0,1,0,1,21,8
398,0,1,0,0,1,0,1,27,8
501,0,1,0,0,1,0,1,22,8
767,0,1,0,0,1,0,0,36,8
285,0,1,0,0,1,0,0,32,8
174,0,1,0,0,1,0,1,27,8
1101,0,1,0,0,1,0,0,24,8
907,0,1,0,0,1,0,1,29,8
1560,0,1,0,0,1,0,1,25,8
1072,0,1,0,0,1,0,1,30,8
189,0,1,0,0,1,0,0,24,8
1047,0,1,0,0,1,0,1,38,8
617,0,1,0,0,1,0,1,38,8
192,0,1,0,0,1,0,1,25,8
980,0,1,0,0,1,0,1,25,8
778,0,1,0,0,1,0,1,21,8
1315,0,1,0,0,1,0,0,25,8
558,0,1,0,0,1,0,0,36,8
1420,0,1,0,0,1,0,1,18,8
328,0,1,0,0,1,0,1,34,8
359,0,1,0,0,1,0,0,32,8
834,0,1,0,0,1,0,1,29,8
328,0,1,0,0,1,0,1,27,8
459,0,1,0,0,1,0,0,24,8
523,0,1,0,0,1,0,1,26,8
834,0,1,0,0,1,0,0,30,8
309,0,1,0,0,1,0,1,35,8
869,0,1,0,0,1,0,1,28,8
374,0,1,0,0,1,0,1,21,8
722,0,1,0,0,1,0,0,28,8
236,0,1,0,0,1,0,1,30,8
376,0,1,0,0,1,0,1,38,8
166,0,1,0,0,1,0,1,20,8
975,0,1,0,0,1,0,1,32,8
403,0,1,0,0,1,0,1,35,8
283,0,1,0,0,1,0,1,29,8
454,0,1,0,0,1,0,1,28,8
1655,0,1,0,0,1,0,0,30,8
400,0,1,0,0,1,0,1,28,8
602,0,1,0,0,1,0,0,35,8
299,0,1,0,0,1,0,1,32,8
296,0,1,0,0,1,0,0,36,8
330,0,1,0,0,1,0,1,28,8
389,0,1,0,0,1,0,0,37,8
575,0,1,0,0,1,0,0,28,8
566,0,1,0,0,1,0,1,31,8
739,0,1,0,0,1,0,1,20,8
815,0,1,0,0,1,0,0,31,8
414,0,1,0,0,1,0,1,28,8
598,0,1,0,0,1,0,1,36,8
1471,0,1,0,0,1,0,1,32,8
1045,0,1,0,0,1,0,0,28,8
225,0,1,0,0,1,0,1,30,8
522,0,1,0,0,1,0,1,28,8
224,0,1,0,0,1,0,1,29,8
1014,0,1,0,0,1,0,1,23,8
432,0,1,0,0,1,0,1,33,8
725,0,1,0,0,1,0,1,36,8
3,0,1,0,0,1,0,1,28,8
222,0,1,0,0,1,0,1,30,8
911,0,1,0,0,1,0,1,32,8
325,0,1,0,0,1,0,1,31,8
428,0,1,0,0,1,0,1,28,8
643,0,1,0,0,1,0,1,30,8
362,0,1,0,0,1,0,1,26,8
361,0,1,0,0,1,0,1,34,8
240,0,1,0,0,1,0,0,21,8
698,0,1,0,0,1,0,1,26,8
404,0,1,0,0,1,0,1,21,8
557,0,1,0,0,1,0,0,28,8
803,0,1,0,0,1,0,0,26,8
128,0,1,0,0,1,0,1,25,8
1058,0,1,0,0,1,0,0,40,8
297,0,1,0,0,1,0,1,36,8
212,0,1,0,0,1,0,1,30,8
794,0,1,0,0,1,0,0,32,8
541,0,1,0,0,1,0,0,25,8
399,0,1,0,0,1,0,1,30,8
233,0,1,0,0,1,0,1,29,8
1148,0,1,0,0,1,0,1,25,8
382,0,1,0,0,1,0,0,23,8
754,0,1,0,0,1,0,0,25,8
155,0,1,0,0,1,0,0,26,8
235,0,1,0,0,1,0,0,29,8
1449,0,1,0,0,1,0,0,26,8
1756,0,1,0,0,1,0,1,28,8
577,0,1,0,0,1,0,1,19,8
656,0,1,0,0,1,0,0,25,8
209,0,1,0,0,1,0,1,29,8
779,0,1,0,0,1,0,1,30,8
948,0,1,0,0,1,0,1,23,8
330,0,1,0,0,1,0,1,35,8
400,0,1,0,0,1,0,1,25,8
290,0,1,0,0,1,0,1,33,8
1066,0,1,0,0,1,0,1,33,8
267,0,1,0,0,1,0,1,26,8
244,0,1,0,0,1,0,1,31,8
1212,0,1,0,0,1,0,1,29,8
1178,0,1,0,0,1,0,0,39,8
639,0,1,0,0,1,0,0,38,8
436,0,1,0,0,1,0,1,32,8
288,0,1,0,0,1,0,0,25,8
620,0,1,0,0,1,0,1,29,8
581,0,1,0,0,1,0,1,27,8
229,0,1,0,0,1,0,1,37,8
1660,0,1,0,0,1,0,1,22,8
262,0,1,0,0,1,0,1,34,8
1189,0,1,0,0,1,0,1,38,8
217,0,1,0,0,1,0,0,28,8
1428,0,1,0,0,1,0,0,29,8
121,0,1,0,0,1,0,1,22,8
269,0,1,0,0,1,0,1,36,8
387,0,1,0,0,1,0,1,36,8
339,0,1,0,0,1,0,0,28,8
2113,0,1,0,0,1,0,1,32,8
388,0,1,0,0,1,0,1,18,8
506,0,1,0,0,1,0,1,25,8
1184,0,1,0,0,1,0,0,21,8
232,0,1,0,0,1,0,1,29,8
561,0,1,0,0,1,0,1,38,8
507,0,1,0,0,1,0,1,31,8
218,0,1,0,0,1,0,0,28,8
672,0,1,0,0,1,0,1,31,8
1511,0,1,0,0,1,0,1,36,8
299,0,1,0,0,1,0,1,22,8
275,0,1,0,0,1,0,1,32,8
343,0,1,0,0,1,0,1,26,8
1118,0,1,0,0,1,0,1,37,8
360,0,1,0,0,1,0,1,28,8
845,0,1,0,0,1,0,1,27,8
953,0,1,0,0,1,0,0,41,8
451,0,1,0,0,1,0,0,28,8
415,0,1,0,0,1,0,0,28,8
179,0,1,0,0,1,0,1,25,8
128,0,1,0,0,1,0,0,35,8
653,0,1,0,0,1,0,1,36,8
481,0,1,0,0,1,0,1,28,8
686,0,1,0,0,1,0,0,27,8
423,0,1,0,0,1,0,1,27,8
251,0,1,0,0,1,0,1,31,8
301,0,1,0,0,1,0,1,25,8
499,0,1,0,0,1,0,1,21,8
920,0,1,0,0,1,0,0,26,8
962,0,1,0,0,1,0,1,21,8
1043,0,1,0,0,1,0,0,38,8
352,0,1,0,0,1,0,0,25,8
1534,0,1,0,0,1,0,0,29,8
837,0,1,0,0,1,0,1,29,8
698,0,1,0,0,1,0,1,31,8
728,0,1,0,0,1,0,0,32,8
357,0,1,0,0,1,0,1,30,8
387,0,1,0,0,1,0,1,21,8
314,0,1,0,0,1,0,1,31,8
241,0,1,0,0,1,0,1,35,8
883,0,1,0,0,1,0,1,24,8
787,0,1,0,0,1,0,0,25,8
695,0,1,0,0,1,0,1,36,8
1346,0,1,0,0,1,0,0,25,8
649,0,1,0,0,1,0,0,32,8
221,0,1,0,0,1,0,1,34,8
438,0,1,0,0,1,0,1,30,8
263,0,1,0,0,1,0,0,30,8
1163,0,1,0,0,1,0,1,28,8
537,0,1,0,0,1,0,0,31,8
544,0,1,0,0,1,0,0,25,8
491,0,1,0,0,1,0,1,37,8
181,0,1,0,0,1,0,1,31,8
367,0,1,0,0,1,0,1,27,8
442,0,1,0,0,1,0,1,30,8
1358,0,1,0,0,1,0,1,32,8
196,0,1,0,0,1,0,1,25,8
231,0,1,0,0,1,0,1,37,8
777,0,1,0,0,1,0,1,38,8
830,0,1,0,0,1,0,0,25,8
397,0,1,0,0,1,0,1,21,8
314,0,1,0,0,1,0,1,22,8
754,0,1,0,0,1,0,1,26,8
372,0,1,0,0,1,0,1,30,8
669,0,1,0,0,1,0,1,30,8
1509,0,1,0,0,1,0,0,39,8
461,0,1,0,0,1,0,1,30,8
423,0,1,0,0,1,0,1,37,8
217,0,1,0,0,1,0,1,30,8
343,0,1,0,0,1,0,1,37,8
355,0,1,0,0,1,0,1,37,8
147,0,1,0,0,1,0,1,35,8
381,0,1,0,0,1,0,1,35,8
474,0,1,0,0,1,0,1,30,8
606,0,1,0,0,1,0,1,29,8
492,0,1,0,0,1,0,0,25,8
521,0,1,0,0,1,0,0,40,8
276,0,1,0,0,1,0,1,28,8
523,0,1,0,0,1,0,1,19,8
353,0,1,0,0,1,0,0,36,8
346,0,1,0,0,1,0,1,38,8
162,0,1,0,0,1,0,1,27,8
1095,0,1,0,0,1,0,1,29,8
209,0,1,0,0,1,0,1,28,8
257,0,1,0,0,1,0,0,25,8
340,0,1,0,0,1,0,1,37,8
1001,0,1,0,0,1,0,0,34,8
416,0,1,0,0,1,0,1,30,8
651,0,1,0,0,1,0,0,26,8
295,0,1,0,0,1,0,0,20,8
605,0,1,0,0,1,0,1,36,8
905,0,1,0,0,1,0,1,28,8
466,0,1,0,0,1,0,1,30,8
3122,0,1,0,0,1,0,1,29,8
362,0,1,0,0,1,0,1,29,8
1104,0,1,0,0,1,0,0,30,8
349,0,1,0,0,1,0,1,29,8
167,0,1,0,0,1,0,1,29,8
146,0,1,0,0,1,0,1,30,8
380,0,1,0,0,1,0,0,23,8
1669,0,1,0,0,1,0,0,40,8
429,0,1,0,0,1,0,1,32,8
801,0,1,0,0,1,0,0,20,8
869,0,1,0,0,1,0,1,34,8
6,0,1,0,0,1,0,0,42,8
317,0,1,0,0,1,0,1,26,8
220,0,1,0,0,1,0,1,27,8
702,0,1,0,0,1,0,0,32,8
426,0,1,0,0,1,0,1,23,8
654,0,1,0,0,1,0,1,26,8
204,0,1,0,0,1,0,1,33,8
319,0,1,0,0,1,0,1,29,8
337,0,1,0,0,1,0,1,29,8
753,0,1,0,0,1,0,0,31,8
798,0,1,0,0,1,0,0,42,8
1187,0,1,0,0,1,0,1,38,8
383,0,1,0,0,1,0,1,36,8
1047,0,1,0,0,1,0,1,28,8
947,0,1,0,0,1,0,0,33,8
652,0,1,0,0,1,0,1,29,8
280,0,1,0,0,1,0,1,38,8
12,0,1,0,0,1,0,0,41,8
543,0,1,0,0,1,0,0,38,8
475,0,1,0,0,1,0,1,25,8
487,0,1,0,0,1,0,1,31,8
1153,0,1,0,0,1,0,1,29,8
1546,0,1,0,0,1,0,1,30,8
543,0,1,0,0,1,0,1,36,8
960,0,1,0,0,1,0,0,30,8
648,0,1,0,0,1,0,0,41,8
671,0,1,0,0,1,0,1,29,8
928,0,1,0,0,1,0,1,25,8
800,0,1,0,0,1,0,1,30,8
252,0,1,0,0,1,0,0,32,8
10,0,1,0,0,1,0,1,26,8
614,0,1,0,0,1,0,1,27,8
1036,0,1,0,0,1,0,0,34,8
972,0,1,0,0,1,0,0,23,8
347,0,1,0,0,1,0,0,38,8
196,0,1,0,0,1,0,1,35,8
692,0,1,0,0,1,0,0,28,8
329,0,1,0,0,1,0,0,19,8
142,0,1,0,0,1,0,1,26,8
428,0,1,0,0,1,0,1,29,8
388,0,1,0,0,1,0,1,29,8
1509,0,1,0,0,1,0,1,36,8
573,0,1,0,0,1,0,0,37,8
1258,0,1,0,0,1,0,0,26,8
606,0,1,0,0,1,0,1,31,8
279,0,1,0,0,1,0,1,28,8
350,0,1,0,0,1,0,1,23,8
432,0,1,0,0,1,0,1,26,8
487,0,1,0,0,1,0,0,25,8
998,0,1,0,0,1,0,1,32,8
674,0,1,0,0,1,0,0,42,8
1290,0,1,0,0,1,0,1,33,8
369,0,1,0,0,1,0,1,24,8
402,0,1,0,0,1,0,1,33,8
591,0,1,0,0,1,0,0,31,8
675,0,1,0,0,1,0,1,27,8
700,0,1,0,0,1,0,0,39,8
803,0,1,0,0,1,0,0,27,8
347,0,1,0,0,1,0,0,24,8
368,0,1,0,0,1,0,1,26,8
484,0,1,0,0,1,0,1,28,8
613,0,1,0,0,1,0,1,23,8
861,0,1,0,0,1,0,1,21,8
533,0,1,0,0,1,0,1,33,8
254,0,1,0,0,1,0,1,37,8
1184,0,1,0,0,1,0,1,21,8
469,0,1,0,0,1,0,1,27,8
758,0,1,0,0,1,0,1,34,8
488,0,1,0,0,1,0,1,27,8
281,0,1,0,0,1,0,1,26,8
279,0,1,0,0,1,0,1,21,8
361,0,1,0,0,1,0,1,34,8
453,0,1,0,0,1,0,0,27,8
283,0,1,0,0,1,0,1,29,8
362,0,1,0,0,1,0,1,30,8
826,0,1,0,0,1,0,1,26,8
1337,0,1,0,0,1,0,1,21,8
280,0,1,0,0,1,0,1,34,8
562,0,1,0,0,1,0,1,38,8
392,0,1,0,0,1,0,1,32,8
920,0,1,0,0,1,0,0,20,8
1349,0,1,0,0,1,0,1,28,8
287,0,1,0,0,1,0,1,23,8
330,0,1,0,0,1,0,0,40,8
357,0,1,0,0,1,0,1,28,8
252,0,1,0,0,1,0,1,20,8
351,0,1,0,0,1,0,1,22,8
516,0,1,0,0,1,0,0,30,8
349,0,1,0,0,1,0,1,35,8
828,0,1,0,0,1,0,0,26,8
862,0,1,0,0,1,0,1,24,8
337,0,1,0,0,1,0,1,28,8
787,0,1,0,0,1,0,1,28,8
302,0,1,0,0,1,0,1,28,8
659,0,1,0,0,1,0,1,19,8
356,0,1,0,0,1,0,0,27,8
302,0,1,0,0,1,0,1,23,8
510,0,1,0,0,1,0,1,25,8
234,0,1,0,0,1,0,1,31,8
492,0,1,0,0,1,0,0,32,8
555,0,1,0,0,1,0,0,28,8
340,0,1,0,0,1,0,0,37,8
1254,0,1,0,0,1,0,0,26,8
470,0,1,0,0,1,0,0,38,8
240,0,1,0,0,1,0,1,28,8
754,0,1,0,0,1,0,1,24,8
888,0,1,0,0,1,0,1,34,8
840,0,1,0,0,1,0,1,36,8
163,0,1,0,0,1,0,1,20,8
489,0,1,0,0,1,0,0,38,8
1250,0,1,0,0,1,0,0,31,8
643,0,1,0,0,1,0,0,39,8
380,0,1,0,0,1,0,1,21,8
888,0,1,0,0,1,0,1,35,8
428,0,1,0,0,1,0,1,28,8
621,0,1,0,0,1,0,1,36,8
423,0,1,0,0,1,0,1,35,8
454,0,1,0,0,1,0,0,40,8
267,0,1,0,0,1,0,0,23,8
826,0,1,0,0,1,0,0,30,8
286,0,1,0,0,1,0,1,28,8
1265,0,1,0,0,1,0,1,35,8
429,0,1,0,0,1,0,1,36,8
1465,0,1,0,0,1,0,1,31,8
857,0,1,0,0,1,0,1,34,8
872,0,1,0,0,1,0,0,34,8
606,0,1,0,0,1,0,1,31,8
1164,0,1,0,0,1,0,0,30,8
618,0,1,0,0,1,0,0,42,8
355,0,1,0,0,1,0,1,29,8
863,0,1,0,0,1,0,0,32,8
895,0,1,0,0,1,0,1,24,8
179,0,1,0,0,1,0,1,36,8
454,0,1,0,0,1,0,1,26,8
668,0,1,0,0,1,0,1,35,8
140,0,1,0,0,1,0,1,24,8
371,0,1,0,0,1,0,1,28,8
290,0,1,0,0,1,0,1,31,8
1095,0,1,0,0,1,0,1,24,8
224,0,1,0,0,1,0,0,28,8
601,0,1,0,0,1,0,1,33,8
1108,0,1,0,0,1,0,1,36,8
462,0,1,0,0,1,0,1,27,8
633,0,1,0,0,1,0,1,21,8
150,0,1,0,0,1,0,1,20,8
686,0,1,0,0,1,0,1,22,8
1030,0,1,0,0,1,0,1,33,8
458,0,1,0,0,1,0,1,29,8
362,0,1,0,0,1,0,1,29,8
424,0,1,0,0,1,0,1,34,8
443,0,1,0,0,1,0,1,31,8
333,0,1,0,0,1,0,1,26,8
1418,0,1,0,0,1,0,1,30,8
561,0,1,0,0,1,0,1,24,8
499,0,1,0,0,1,0,1,26,8
563,1,0,0,0,0,1,1,20,2
891,1,0,0,0,0,1,1,29,2
151,1,0,0,0,0,1,0,49,2
1033,1,0,0,0,0,1,1,28,2
719,1,0,0,0,0,1,0,36,2
1607,1,0,0,0,0,1,0,65,2
1009,1,0,0,0,0,1,1,35,2
278,1,0,0,0,0,1,1,37,2
1663,1,0,0,0,0,1,1,49,2
195,1,0,0,0,0,1,1,18,2
1184,1,0,0,0,0,1,1,26,2
524,1,0,0,0,0,1,1,26,2
600,1,0,0,0,0,1,1,23,2
748,1,0,0,0,0,1,1,28,2
316,1,0,0,0,0,1,1,21,2
633,1,0,0,0,0,1,1,34,2
416,1,0,0,0,0,1,0,42,2
18,1,0,0,0,0,1,0,42,2
1749,1,0,0,0,0,1,1,46,2
658,1,0,0,0,0,1,1,23,2
409,1,0,0,0,0,1,0,30,2
4767,1,0,0,0,0,1,0,31,2
306,1,0,0,0,0,1,1,31,2
641,1,0,0,0,0,1,0,35,2
198,1,0,0,0,0,1,0,47,2
1117,1,0,0,0,0,1,0,30,2
599,1,0,0,0,0,1,1,23,2
868,1,0,0,0,0,1,1,30,2
585,1,0,0,0,0,1,1,54,2
101,1,0,0,0,0,1,1,28,2
140,1,0,0,0,0,1,1,50,2
1064,1,0,0,0,0,1,1,23,2
220,1,0,0,0,0,1,1,50,2
340,1,0,0,0,0,1,1,23,2
151,1,0,0,0,0,1,1,30,2
1252,1,0,0,0,0,1,1,66,2
55,1,0,0,0,0,1,1,27,2
44,1,0,0,0,0,1,1,33,2
438,1,0,0,0,0,1,1,33,2
214,1,0,0,0,0,1,1,23,2
579,1,0,0,0,0,1,0,20,2
497,1,0,0,0,0,1,1,43,2
160,1,0,0,0,0,1,1,29,2
355,1,0,0,0,0,1,0,28,2
493,1,0,0,0,0,1,0,33,2
1319,1,0,0,0,0,1,0,44,2
850,1,0,0,0,0,1,1,25,2
1611,1,0,0,0,0,1,0,44,2
842,1,0,0,0,0,1,0,52,2
997,1,0,0,0,0,1,1,26,2
297,1,0,0,0,0,1,1,30,2
461,1,0,0,0,0,1,0,25,2
900,1,0,0,0,0,1,0,30,2
493,1,0,0,0,0,1,0,24,2
307,1,0,0,0,0,1,1,26,2
347,1,0,0,0,0,1,1,52,2
374,1,0,0,0,0,1,0,29,2
749,1,0,0,0,0,1,0,28,2
139,1,0,0,0,0,1,1,32,2
938,1,0,0,0,0,1,1,54,2
409,1,0,0,0,0,1,1,59,2
496,1,0,0,0,0,1,1,34,2
2288,1,0,0,0,0,1,1,55,2
4283,1,0,0,0,0,1,1,42,2
5,1,0,0,0,0,1,0,28,2
1290,1,0,0,0,0,1,1,30,2
851,1,0,0,0,0,1,1,43,2
686,1,0,0,0,0,1,0,29,2
610,1,0,0,0,0,1,0,35,2
985,1,0,0,0,0,1,1,36,2
334,1,0,0,0,0,1,0,25,2
959,1,0,0,0,0,1,1,28,2
1180,1,0,0,0,0,1,1,24,2
446,1,0,0,0,0,1,0,32,2
899,1,0,0,0,0,1,1,26,2
914,1,0,0,0,0,1,0,38,2
505,1,0,0,0,0,1,0,24,2
1575,1,0,0,0,0,1,1,18,2
818,1,0,0,0,0,1,1,24,2
424,1,0,0,0,0,1,0,27,2
296,1,0,0,0,0,1,1,29,2
490,1,0,0,0,0,1,0,42,2
10,1,0,0,0,0,1,0,26,2
564,1,0,0,0,0,1,1,46,2
422,1,0,0,0,0,1,1,27,2
457,1,0,0,0,0,1,1,27,2
1212,1,0,0,0,0,1,1,57,2
1868,1,0,0,0,0,1,1,33,2
125,1,0,0,0,0,1,1,25,2
426,1,0,0,0,0,1,0,40,2
196,1,0,0,0,0,1,1,21,2
1197,1,0,0,0,0,1,1,28,2
208,1,0,0,0,0,1,1,30,2
349,1,0,0,0,0,1,1,27,2
188,1,0,0,0,0,1,1,27,2
591,1,0,0,0,0,1,1,37,2
265,1,0,0,0,0,1,0,47,2
214,1,0,0,0,0,1,0,38,2
768,1,0,0,0,0,1,1,36,2
1068,1,0,0,0,0,1,0,33,2
1419,1,0,0,0,0,1,1,32,2
600,1,0,0,0,0,1,0,28,2
507,1,0,0,0,0,1,0,50,2
1574,1,0,0,0,0,1,1,31,2
271,1,0,0,0,0,1,0,30,2
1542,1,0,0,0,0,1,1,30,2
1004,1,0,0,0,0,1,1,38,2
234,1,0,0,0,0,1,0,47,2
518,1,0,0,0,0,1,0,55,2
3631,1,0,0,0,0,1,0,24,2
354,1,0,0,0,0,1,0,30,2
1490,1,0,0,0,0,1,0,57,2
139,1,0,0,0,0,1,0,34,2
1164,1,0,0,0,0,1,0,47,2
432,1,0,0,0,0,1,1,31,2
589,1,0,0,0,0,1,0,23,2
486,1,0,0,0,0,1,0,23,2
243,1,0,0,0,0,1,1,28,2
204,1,0,0,0,0,1,1,25,2
378,1,0,0,0,0,1,1,30,2
834,1,0,0,0,0,1,1,32,2
883,1,0,0,0,0,1,0,35,2
514,1,0,0,0,0,1,0,33,2
855,1,0,0,0,0,1,0,56,2
332,1,0,0,0,0,1,0,33,2
548,1,0,0,0,0,1,1,27,2
804,1,0,0,0,0,1,0,33,2
1125,1,0,0,0,0,1,0,29,2
109,1,0,0,0,0,1,1,23,2
561,1,0,0,0,0,1,0,35,2
368,1,0,0,0,0,1,1,29,2
271,1,0,0,0,0,1,0,47,2
692,1,0,0,0,0,1,1,33,2
598,1,0,0,0,0,1,1,57,2
575,1,0,0,0,0,1,1,44,2
316,1,0,0,0,0,1,0,44,2
633,1,0,0,0,0,1,1,30,2
528,1,0,0,0,0,1,0,42,2
792,1,0,0,0,0,1,1,48,2
1471,1,0,0,0,0,1,1,50,2
713,1,0,0,0,0,1,1,28,2
777,1,0,0,0,0,1,1,29,2
614,1,0,0,0,0,1,0,26,2
136,1,0,0,0,0,1,0,31,2
594,1,0,0,0,0,1,0,32,2
230,1,0,0,0,0,1,1,37,2
678,1,0,0,0,0,1,1,26,2
1327,1,0,0,0,0,1,1,30,2
371,1,0,0,0,0,1,1,23,2
674,1,0,0,0,0,1,0,24,2
539,1,0,0,0,0,1,1,30,2
719,1,0,0,0,0,1,0,24,2
1014,1,0,0,0,0,1,0,33,2
691,1,0,0,0,0,1,0,42,2
204,1,0,0,0,0,1,1,32,2
423,1,0,0,0,0,1,0,36,2
198,1,0,0,0,0,1,0,45,2
870,1,0,0,0,0,1,1,35,2
715,1,0,0,0,0,1,0,31,2
423,1,0,0,0,0,1,1,23,2
207,1,0,0,0,0,1,1,25,2
668,1,0,0,0,0,1,1,22,2
353,1,0,0,0,0,1,0,33,2
837,1,0,0,0,0,1,1,23,2
2132,1,0,0,0,0,1,1,21,2
469,1,0,0,0,0,1,0,56,2
558,1,0,0,0,0,1,1,33,2
788,1,0,0,0,0,1,0,29,2
390,1,0,0,0,0,1,1,31,2
913,1,0,0,0,0,1,1,19,2
586,1,0,0,0,0,1,0,30,2
215,1,0,0,0,0,1,1,45,2
297,1,0,0,0,0,1,1,50,2
761,1,0,0,0,0,1,0,30,2
307,1,0,0,0,0,1,0,21,2
2995,1,0,0,0,0,1,1,35,2
1117,1,0,0,0,0,1,0,53,2
182,1,0,0,0,0,1,1,36,2
499,1,0,0,0,0,1,0,31,2
1302,1,0,0,0,0,1,1,26,2
298,1,0,0,0,0,1,0,63,2
245,1,0,0,0,0,1,1,52,2
394,1,0,0,0,0,1,1,55,2
1146,1,0,0,0,0,1,0,36,2
568,1,0,0,0,0,1,1,21,2
528,1,0,0,0,0,1,0,46,2
1218,1,0,0,0,0,1,0,29,2
249,1,0,0,0,0,1,1,24,2
1357,1,0,0,0,0,1,1,27,2
422,1,0,0,0,0,1,1,28,2
507,1,0,0,0,0,1,0,20,2
196,1,0,0,0,0,1,1,49,2
491,1,0,0,0,0,1,0,22,2
689,1,0,0,0,0,1,0,28,2
201,1,0,0,0,0,1,1,60,2
722,1,0,0,0,0,1,0,36,2
541,1,0,0,0,0,1,0,33,2
1634,1,0,0,0,0,1,0,27,2
10,1,0,0,0,0,1,1,27,2
415,1,0,0,0,0,1,1,33,2
730,1,0,0,0,0,1,1,40,2
813,1,0,0,0,0,1,1,29,2
368,1,0,0,0,0,1,1,32,2
842,1,0,0,0,0,1,1,43,2
988,1,0,0,0,0,1,1,22,2
423,1,0,0,0,0,1,0,20,2
202,1,0,0,0,0,1,1,22,2
487,1,0,0,0,0,1,1,45,2
257,1,0,0,0,0,1,1,34,2
690,1,0,0,0,0,1,1,23,2
3030,1,0,0,0,0,1,1,49,2
464,1,0,0,0,0,1,1,35,2
704,1,0,0,0,0,1,0,42,2
481,1,0,0,0,0,1,1,39,2
800,1,0,0,0,0,1,1,58,2
715,1,0,0,0,0,1,1,26,2
312,1,0,0,0,0,1,1,46,2
517,1,0,0,0,0,1,0,30,2
613,1,0,0,0,0,1,0,27,2
343,1,0,0,0,0,1,0,33,2
568,1,0,0,0,0,1,1,29,2
1016,1,0,0,0,0,1,1,30,2
978,1,0,0,0,0,1,0,35,2
388,1,0,0,0,0,1,1,34,2
536,1,0,0,0,0,1,0,29,2
452,1,0,0,0,0,1,1,46,2
1781,1,0,0,0,0,1,0,24,2
287,1,0,0,0,0,1,1,31,2
540,1,0,0,0,0,1,1,50,2
486,1,0,0,0,0,1,1,28,2
1384,1,0,0,0,0,1,0,31,2
320,1,0,0,0,0,1,0,63,2
1425,1,0,0,0,0,1,1,24,2
1174,1,0,0,0,0,1,1,37,2
900,1,0,0,0,0,1,1,28,2
843,1,0,0,0,0,1,1,27,2
5455,1,0,0,0,0,1,1,25,2
824,1,0,0,0,0,1,0,30,2
538,1,0,0,0,0,1,0,28,2
1063,1,0,0,0,0,1,0,27,2
753,1,0,0,0,0,1,0,38,2
240,1,0,0,0,0,1,1,34,2
535,1,0,0,0,0,1,1,25,2
712,1,0,0,0,0,1,1,40,2
670,1,0,0,0,0,1,1,30,2
714,1,0,0,0,0,1,1,30,2
1135,1,0,0,0,0,1,0,23,2
730,1,0,0,0,0,1,1,31,2
914,1,0,0,0,0,1,0,25,2
414,1,0,0,0,0,1,1,29,2
510,1,0,0,0,0,1,0,45,2
857,1,0,0,0,0,1,0,24,2
1342,1,0,0,0,0,1,1,28,2
1631,1,0,0,0,0,1,1,36,2
819,1,0,0,0,0,1,0,28,2
954,1,0,0,0,0,1,1,21,2
797,1,0,0,0,0,1,1,27,2
4086,1,0,0,0,0,1,1,29,2
317,1,0,0,0,0,1,1,52,2
616,1,0,0,0,0,1,1,36,2
440,1,0,0,0,0,1,0,32,2
645,1,0,0,0,0,1,1,29,2
795,1,0,0,0,0,1,1,42,2
175,1,0,0,0,0,1,0,32,2
211,1,0,0,0,0,1,1,28,2
846,1,0,0,0,0,1,0,22,2
1162,1,0,0,0,0,1,1,27,2
185,1,0,0,0,0,1,1,23,2
755,1,0,0,0,0,1,0,24,2
1771,1,0,0,0,0,1,0,31,2
761,1,0,0,0,0,1,0,27,2
331,1,0,0,0,0,1,1,50,2
2048,1,0,0,0,0,1,1,58,2
2890,1,0,0,0,0,1,0,34,2
2360,1,0,0,0,0,1,0,26,2
279,1,0,0,0,0,1,0,47,2
188,1,0,0,0,0,1,1,27,2
869,1,0,0,0,0,1,1,19,2
932,1,0,0,0,0,1,0,24,2
1172,1,0,0,0,0,1,1,58,2
193,1,0,0,0,0,1,1,28,2
807,1,0,0,0,0,1,0,56,2
1326,1,0,0,0,0,1,1,49,2
826,1,0,0,0,0,1,0,43,2
1005,1,0,0,0,0,1,0,23,2
366,1,0,0,0,0,1,1,38,2
501,1,0,0,0,0,1,1,25,2
277,1,0,0,0,0,1,1,25,2
513,1,0,0,0,0,1,1,50,2
361,1,0,0,0,0,1,1,28,2
1167,1,0,0,0,0,1,1,21,2
871,1,0,0,0,0,1,1,28,2
182,1,0,0,0,0,1,1,45,2
535,1,0,0,0,0,1,1,26,2
793,1,0,0,0,0,1,1,26,2
307,1,0,0,0,0,1,1,30,2
159,1,0,0,0,0,1,1,31,2
379,1,0,0,0,0,1,0,38,2
266,1,0,0,0,0,1,0,47,2
848,1,0,0,0,0,1,1,24,2
276,1,0,0,0,0,1,1,25,2
589,1,0,0,0,0,1,1,25,2
1206,1,0,0,0,0,1,1,22,2
692,1,0,0,0,0,1,0,22,2
167,1,0,0,0,0,1,0,30,2
495,1,0,0,0,0,1,1,25,2
248,1,0,0,0,0,1,0,38,2
236,1,0,0,0,0,1,0,34,2
308,1,0,0,0,0,1,1,40,2
1845,1,0,0,0,0,1,1,40,2
728,1,0,0,0,0,1,1,25,2
1098,1,0,0,0,0,1,1,29,2
751,1,0,0,0,0,1,1,51,2
1038,1,0,0,0,0,1,1,50,2
804,1,0,0,0,0,1,1,30,2
239,1,0,0,0,0,1,0,56,2
192,1,0,0,0,0,1,1,44,2
320,1,0,0,0,0,1,1,61,2
648,1,0,0,0,0,1,1,42,2
565,1,0,0,0,0,1,1,31,2
768,1,0,0,0,0,1,1,36,2
499,1,0,0,0,0,1,1,53,2
445,1,0,0,0,0,1,1,30,2
363,1,0,0,0,0,1,1,37,2
264,1,0,0,0,0,1,1,33,2
1599,1,0,0,0,0,1,0,43,2
766,1,0,0,0,0,1,1,25,2
584,1,0,0,0,0,1,1,59,2
588,1,0,0,0,0,1,0,25,2
268,1,0,0,0,0,1,1,40,2
116,1,0,0,0,0,1,1,23,2
769,1,0,0,0,0,1,1,41,2
1154,1,0,0,0,0,1,1,25,2
753,1,0,0,0,0,1,0,43,2
1122,1,0,0,0,0,1,1,32,2
343,1,0,0,0,0,1,1,23,2
221,1,0,0,0,0,1,0,28,2
59,1,0,0,0,0,1,1,22,2
13,1,0,0,0,0,1,1,56,2
118,1,0,0,0,0,1,0,32,2
473,1,0,0,0,0,1,0,33,2
910,1,0,0,0,0,1,0,34,2
352,1,0,0,0,0,1,1,27,2
389,1,0,0,0,0,1,0,38,2
473,1,0,0,0,0,1,1,26,2
407,1,0,0,0,0,1,0,24,2
875,1,0,0,0,0,1,1,34,2
477,1,0,0,0,0,1,1,40,2
1171,1,0,0,0,0,1,1,30,2
287,1,0,0,0,0,1,1,31,2
200,1,0,0,0,0,1,1,45,2
696,1,0,0,0,0,1,0,28,2
258,1,0,0,0,0,1,1,29,2
319,1,0,0,0,0,1,0,33,2
500,1,0,0,0,0,1,1,55,2
651,1,0,0,0,0,1,1,21,2
531,1,0,0,0,0,1,1,25,2
757,1,0,0,0,0,1,0,31,2
654,1,0,0,0,0,1,0,56,2
265,1,0,0,0,0,1,0,53,2
631,1,0,0,0,0,1,1,27,2
367,1,0,0,0,0,1,1,27,2
885,1,0,0,0,0,1,1,26,2
608,1,0,0,0,0,1,1,38,2
1432,1,0,0,0,0,1,0,27,2
951,1,0,0,0,0,1,1,24,2
739,1,0,0,0,0,1,0,37,2
1508,1,0,0,0,0,1,1,40,2
1220,1,0,0,0,0,1,0,28,2
473,1,0,0,0,0,1,0,27,2
463,1,0,0,0,0,1,1,26,2
850,1,0,0,0,0,1,1,42,2
188,1,0,0,0,0,1,0,23,2
279,1,0,0,0,0,1,0,26,2
439,1,0,0,0,0,1,1,28,2
232,1,0,0,0,0,1,1,47,2
517,1,0,0,0,0,1,1,45,2
269,1,0,0,0,0,1,0,38,2
357,1,0,0,0,0,1,0,20,2
748,1,0,0,0,0,1,0,54,2
617,1,0,0,0,0,1,0,54,2
335,1,0,0,0,0,1,0,39,2
668,1,0,0,0,0,1,0,50,2
121,1,0,0,0,0,1,1,32,2
1059,1,0,0,0,0,1,1,26,2
406,1,0,0,0,0,1,0,38,2
1129,1,0,0,0,0,1,1,47,2
331,1,0,0,0,0,1,1,29,2
1515,1,0,0,0,0,1,1,32,2
207,1,0,0,0,0,1,1,34,2
335,1,0,0,0,0,1,1,31,2
568,1,0,0,0,0,1,1,23,2
1341,1,0,0,0,0,1,0,50,2
795,1,0,0,0,0,1,1,27,2
1350,1,0,0,0,0,1,1,42,2
679,1,0,0,0,0,1,1,29,2
266,1,0,0,0,0,1,1,35,2
77,1,0,0,0,0,1,1,35,2
293,1,0,0,0,0,1,1,29,2
244,1,0,0,0,0,1,0,29,2
1047,1,0,0,0,0,1,1,43,2
829,1,0,0,0,0,1,1,23,2
827,1,0,0,0,0,1,1,26,2
502,1,0,0,0,0,1,0,35,2
1118,1,0,0,0,0,1,1,28,2
605,1,0,0,0,0,1,0,38,2
499,1,0,0,0,0,1,0,28,2
347,1,0,0,0,0,1,1,19,2
338,1,0,0,0,0,1,0,29,2
965,1,0,0,0,0,1,0,38,2
224,1,0,0,0,0,1,1,34,2
13,1,0,0,0,0,1,0,27,2
308,1,0,0,0,0,1,1,28,2
1321,1,0,0,0,0,1,1,25,2
353,1,0,0,0,0,1,0,35,2
369,1,0,0,0,0,1,1,29,2
458,1,0,0,0,0,1,1,44,2
692,1,0,0,0,0,1,1,36,2
450,1,0,0,0,0,1,1,31,2
298,1,0,0,0,0,1,1,26,2
384,1,0,0,0,0,1,1,29,2
780,1,0,0,0,0,1,1,30,2
15,1,0,0,0,0,1,1,56,2
332,1,0,0,0,0,1,1,33,2
794,1,0,0,0,0,1,1,53,2
232,1,0,0,0,0,1,0,27,2
348,1,0,0,0,0,1,1,32,2
448,1,0,0,0,0,1,1,23,2
805,1,0,0,0,0,1,0,56,2
985,1,0,0,0,0,1,1,28,2
994,1,0,0,0,0,1,1,28,2
444,1,0,0,0,0,1,0,49,2
135,1,0,0,0,0,1,1,22,2
251,1,0,0,0,0,1,1,20,2
212,1,0,0,0,0,1,0,36,2
431,1,0,0,0,0,1,1,34,2
1814,1,0,0,0,0,1,1,54,2
283,1,0,0,0,0,1,1,52,2
188,1,0,0,0,0,1,1,25,2
276,1,0,0,0,0,1,0,24,2
706,1,0,0,0,0,1,1,45,2
398,1,0,0,0,0,1,1,27,2
578,1,0,0,0,0,1,1,22,2
1315,1,0,0,0,0,1,1,21,2
554,1,0,0,0,0,1,0,22,2
636,1,0,0,0,0,1,1,33,2
794,1,0,0,0,0,1,0,49,2
339,1,0,0,0,0,1,1,30,2
375,1,0,0,0,0,1,1,32,2
279,1,0,0,0,0,1,1,53,2
473,1,0,0,0,0,1,1,20,2
3321,1,0,0,0,0,1,1,29,2
544,1,0,0,0,0,1,1,51,2
425,1,0,0,0,0,1,0,46,2
460,1,0,0,0,0,1,1,53,2
593,1,0,0,0,0,1,1,29,2
722,1,0,0,0,0,1,1,40,2
1645,1,0,0,0,0,1,1,33,2
671,1,0,0,0,0,1,1,51,2
949,1,0,0,0,0,1,0,54,2
697,1,0,0,0,0,1,1,32,2
481,1,0,0,0,0,1,0,49,2
800,1,0,0,0,0,1,0,20,2
850,1,0,0,0,0,1,1,43,2
378,1,0,0,0,0,1,1,35,2
2022,1,0,0,0,0,1,1,52,2
6039,1,0,0,0,0,1,0,36,2
645,1,0,0,0,0,1,1,30,2
1500,1,0,0,0,0,1,0,42,2
899,1,0,0,0,0,1,1,54,2
451,1,0,0,0,0,1,0,39,2
474,1,0,0,0,0,1,0,49,2
1338,1,0,0,0,0,1,1,25,2
829,1,0,0,0,0,1,0,27,2
1528,1,0,0,0,0,1,1,36,2
737,1,0,0,0,0,1,0,34,2
132,1,0,0,0,0,1,1,27,2
577,1,0,0,0,0,1,1,44,2
685,1,0,0,0,0,1,0,50,2
663,1,0,0,0,0,1,1,26,2
340,1,0,0,0,0,1,0,31,2
521,1,0,0,0,0,1,0,33,2
717,1,0,0,0,0,1,1,25,2
735,1,0,0,0,0,1,0,53,2
21,1,0,0,0,0,1,1,49,2
535,1,0,0,0,0,1,0,24,2
351,1,0,0,0,0,1,1,28,2
1073,1,0,0,0,0,1,1,31,2
708,1,0,0,0,0,1,1,29,2
259,1,0,0,0,0,1,0,49,2
686,1,0,0,0,0,1,0,27,2
181,1,0,0,0,0,1,0,38,2
864,1,0,0,0,0,1,1,26,2
2019,1,0,0,0,0,1,1,31,2
979,1,0,0,0,0,1,1,27,2
446,1,0,0,0,0,1,1,30,2
294,1,0,0,0,0,1,1,20,2
262,1,0,0,0,0,1,0,47,2
922,1,0,0,0,0,1,1,39,2
1112,1,0,0,0,0,1,0,30,2
260,1,0,0,0,0,1,0,34,2
393,1,0,0,0,0,1,0,47,2
362,1,0,0,0,0,1,1,21,2
606,1,0,0,0,0,1,1,33,2
282,1,0,0,0,0,1,0,31,2
325,1,0,0,0,0,1,1,27,2
647,1,0,0,0,0,1,0,43,2
1204,1,0,0,0,0,1,1,24,2
441,1,0,0,0,0,1,1,60,2
369,1,0,0,0,0,1,1,32,2
1176,1,0,0,0,0,1,0,29,2
2723,1,0,0,0,0,1,1,54,2
380,1,0,0,0,0,1,1,43,2
381,1,0,0,0,0,1,1,29,2
193,1,0,0,0,0,1,0,24,2
1055,1,0,0,0,0,1,0,29,2
416,1,0,0,0,0,1,0,35,2
279,1,0,0,0,0,1,1,29,2
896,1,0,0,0,0,1,1,24,2
352,1,0,0,0,0,1,1,34,2
280,1,0,0,0,0,1,0,56,2
1249,1,0,0,0,0,1,1,50,2
1326,1,0,0,0,0,1,1,34,2
1983,1,0,0,0,0,1,1,40,2
1564,1,0,0,0,0,1,0,31,2
203,1,0,0,0,0,1,0,21,2
805,1,0,0,0,0,1,0,42,2
264,1,0,0,0,0,1,1,29,2
1318,1,0,0,0,0,1,1,24,2
1199,1,0,0,0,0,1,1,42,2
265,1,0,0,0,0,1,1,50,2
514,1,0,0,0,0,1,0,33,2
301,1,0,0,0,0,1,0,24,2
623,1,0,0,0,0,1,0,34,2
1153,1,0,0,0,0,1,1,28,2
503,1,0,0,0,0,1,1,31,2
355,1,0,0,0,0,1,0,24,2
600,1,0,0,0,0,1,0,25,2
485,1,0,0,0,0,1,1,20,2
1745,1,0,0,0,0,1,1,70,2
1008,1,0,0,0,0,1,1,33,2
293,1,0,0,0,0,1,0,31,2
1178,1,0,0,0,0,1,1,25,2
1348,1,0,0,0,0,1,0,38,2
1350,1,0,0,0,0,1,1,35,2
246,1,0,0,0,0,1,1,45,2
1144,1,0,0,0,0,1,1,30,2
194,1,0,0,0,0,1,0,32,2
266,1,0,0,0,0,1,1,44,2
343,1,0,0,0,0,1,1,41,2
463,1,0,0,0,0,1,0,25,2
490,1,0,0,0,0,1,1,26,2
295,1,0,0,0,0,1,0,45,2
643,1,0,0,0,0,1,1,31,2
755,1,0,0,0,0,1,0,31,2
710,1,0,0,0,0,1,0,28,2
799,1,0,0,0,0,1,1,22,2
231,1,0,0,0,0,1,1,26,2
355,1,0,0,0,0,1,1,36,2
501,1,0,0,0,0,1,0,27,2
344,1,0,0,0,0,1,1,36,2
369,1,0,0,0,0,1,1,26,2
647,1,0,0,0,0,1,1,31,2
944,1,0,0,0,0,1,1,42,2
473,1,0,0,0,0,1,1,39,2
919,1,0,0,0,0,1,0,24,2
715,1,0,0,0,0,1,1,30,2
277,1,0,0,0,0,1,1,67,2
373,1,0,0,0,0,1,0,30,2
3343,1,0,0,0,0,1,1,68,2
697,1,0,0,0,0,1,1,32,2
1093,1,0,0,0,0,1,1,27,2
390,1,0,0,0,0,1,1,25,2
1744,1,0,0,0,0,1,1,24,2
1649,1,0,0,0,0,1,0,27,2
337,1,0,0,0,0,1,1,31,2
493,1,0,0,0,0,1,1,53,2
895,1,0,0,0,0,1,1,29,2
562,1,0,0,0,0,1,1,23,2
285,1,0,0,0,0,1,1,23,2
673,1,0,0,0,0,1,0,21,2
478,1,0,0,0,0,1,0,29,2
1535,1,0,0,0,0,1,1,30,2
605,1,0,0,0,0,1,0,22,2
331,1,0,0,0,0,1,1,49,2
1275,1,0,0,0,0,1,1,26,2
613,1,0,0,0,0,1,0,33,2
143,1,0,0,0,0,1,0,32,2
1829,1,0,0,0,0,1,1,38,2
818,1,0,0,0,0,1,0,35,2
1665,1,0,0,0,0,1,1,48,2
608,1,0,0,0,0,1,0,27,2
339,1,0,0,0,0,1,1,56,2
634,1,0,0,0,0,1,1,31,2
589,1,0,0,0,0,1,0,27,2
610,1,0,0,0,0,1,1,40,2
864,1,0,0,0,0,1,1,32,2
873,1,0,0,0,0,1,1,26,2
682,1,0,0,0,0,1,1,61,2
269,1,0,0,0,0,1,1,31,2
669,1,0,0,0,0,1,0,39,2
3027,1,0,0,0,0,1,1,38,2
768,1,0,0,0,0,1,1,26,2
873,1,0,0,0,0,1,0,33,2
370,1,0,0,0,0,1,1,32,2
171,1,0,0,0,0,1,1,28,2
525,1,0,0,0,0,1,1,49,2
1678,1,0,0,0,0,1,1,46,2
1480,1,0,0,0,0,1,1,33,2
929,1,0,0,0,0,1,0,29,2
1004,1,0,0,0,0,1,1,25,2
549,1,0,0,0,0,1,1,49,2
327,1,0,0,0,0,1,0,45,2
470,1,0,0,0,0,1,0,25,2
355,1,0,0,0,0,1,1,25,2
457,1,0,0,0,0,1,1,44,2
597,1,0,0,0,0,1,0,23,2
590,1,0,0,0,0,1,1,20,2
427,1,0,0,0,0,1,1,45,2
1244,1,0,0,0,0,1,1,24,2
877,1,0,0,0,0,1,0,31,2
348,1,0,0,0,0,1,1,40,2
1039,1,0,0,0,0,1,1,53,2
1527,1,0,0,0,0,1,0,25,2
325,1,0,0,0,0,1,0,26,2
319,1,0,0,0,0,1,1,41,2
170,1,0,0,0,0,1,1,29,2
471,1,0,0,0,0,1,1,27,2
795,1,0,0,0,0,1,1,28,2
403,1,0,0,0,0,1,1,23,2
686,1,0,0,0,0,1,1,43,2
294,1,0,0,0,0,1,0,31,2
546,1,0,0,0,0,1,1,29,2
313,1,0,0,0,0,1,1,26,2
204,1,0,0,0,0,1,1,46,2
1094,1,0,0,0,0,1,1,38,2
422,1,0,0,0,0,1,1,26,2
909,1,0,0,0,0,1,0,24,2
380,1,0,0,0,0,1,1,32,2
1138,1,0,0,0,0,1,1,58,2
713,1,0,0,0,0,1,1,32,2
1563,1,0,0,0,0,1,0,32,2
943,1,0,0,0,0,1,1,29,2
620,1,0,0,0,0,1,1,40,2
1297,1,0,0,0,0,1,1,27,2
1132,1,0,0,0,0,1,1,58,2
242,1,0,0,0,0,1,1,22,2
830,1,0,0,0,0,1,1,25,2
907,1,0,0,0,0,1,0,59,2
824,1,0,0,0,0,1,0,35,2
507,1,0,0,0,0,1,1,55,2
816,1,0,0,0,0,1,0,36,2
919,1,0,0,0,0,1,0,23,2
147,1,0,0,0,0,1,1,49,2
502,1,0,0,0,0,1,1,54,2
338,1,0,0,0,0,1,1,45,2
696,1,0,0,0,0,1,1,27,2
881,1,0,0,0,0,1,0,22,2
426,1,0,0,0,0,1,1,27,2
721,1,0,0,0,0,1,0,47,2
940,1,0,0,0,0,1,1,38,2
839,1,0,0,0,0,1,0,46,2
615,1,0,0,0,0,1,1,32,2
566,1,0,0,0,0,1,1,25,2
1183,1,0,0,0,0,1,0,20,2
296,1,0,0,0,0,1,1,41,2
382,1,0,0,0,0,1,1,19,2
979,1,0,0,0,0,1,1,25,2
727,1,0,0,0,0,1,1,24,2
992,1,0,0,0,0,1,0,43,2
532,1,0,0,0,0,1,0,24,2
578,1,0,0,0,0,1,1,27,2
677,1,0,0,0,0,1,1,39,2
221,1,0,0,0,0,1,1,46,2
1164,1,0,0,0,0,1,1,24,2
1423,1,0,0,0,0,1,0,42,2
650,1,0,0,0,0,1,1,26,2
258,1,0,0,0,0,1,1,40,2
427,1,0,0,0,0,1,1,41,2
1311,1,0,0,0,0,1,1,25,2
301,1,0,0,0,0,1,1,41,2
2052,1,0,0,0,0,1,1,29,2
184,1,0,0,0,0,1,1,28,2
110,1,0,0,0,0,1,0,47,2
648,1,0,0,0,0,1,0,25,2
563,1,0,0,0,0,1,1,35,2
398,1,0,0,0,0,1,1,19,2
382,1,0,0,0,0,1,0,31,2
531,1,0,0,0,0,1,1,28,2
508,1,0,0,0,0,1,1,31,2
723,1,0,0,0,0,1,1,38,2
653,1,0,0,0,0,1,0,42,2
539,1,0,0,0,0,1,1,39,2
239,1,0,0,0,0,1,1,46,2
311,1,0,0,0,0,1,0,45,2
647,1,0,0,0,0,1,1,40,2
639,1,0,0,0,0,1,0,65,2
419,1,0,0,0,0,1,1,19,2
1001,1,0,0,0,0,1,1,38,2
709,1,0,0,0,0,1,1,30,2
1095,1,0,0,0,0,1,0,27,2
312,1,0,0,0,0,1,1,30,2
467,1,0,0,0,0,1,1,26,2
378,1,0,0,0,0,1,0,24,2
915,1,0,0,0,0,1,1,55,2
1154,1,0,0,0,0,1,0,31,2
1229,1,0,0,0,0,1,1,29,2
1289,1,0,0,0,0,1,0,53,2
591,1,0,0,0,0,1,1,24,2
281,1,0,0,0,0,1,0,21,2
149,1,0,0,0,0,1,0,25,2
1177,1,0,0,0,0,1,0,56,2
899,1,0,0,0,0,1,0,36,2
421,1,0,0,0,0,1,1,40,2
716,1,0,0,0,0,1,1,35,2
2022,1,0,0,0,0,1,0,26,2
1320,1,0,0,0,0,1,1,30,2
836,1,0,0,0,0,1,1,66,2
557,1,0,0,0,0,1,0,25,2
462,1,0,0,0,0,1,0,28,2
430,1,0,0,0,0,1,0,25,2
303,1,0,0,0,0,1,1,57,2
814,1,0,0,0,0,1,1,21,2
1154,1,0,0,0,0,1,1,42,2
160,1,0,0,0,0,1,1,29,2
481,1,0,0,0,0,1,1,28,2
566,1,0,0,0,0,1,1,26,2
627,1,0,0,0,0,1,1,31,2
220,1,0,0,0,0,1,1,24,2
59,1,0,0,0,0,1,1,40,2
1840,1,0,0,0,0,1,1,40,2
189,1,0,0,0,0,1,1,27,2
1036,1,0,0,0,0,1,1,50,2
550,1,0,0,0,0,1,1,32,2
1139,1,0,0,0,0,1,1,32,2
1483,1,0,0,0,0,1,1,40,2
7709,1,0,0,0,0,1,1,42,2
325,1,0,0,0,0,1,1,52,2
456,1,0,0,0,0,1,1,61,2
1424,1,0,0,0,0,1,1,41,2
836,1,0,0,0,0,1,1,34,2
391,1,0,0,0,0,1,0,26,2
678,1,0,0,0,0,1,1,32,2
664,1,0,0,0,0,1,0,50,2
1006,1,0,0,0,0,1,1,27,2
185,1,0,0,0,0,1,1,27,2
544,1,0,0,0,0,1,1,26,2
188,1,0,0,0,0,1,1,22,2
219,1,0,0,0,0,1,0,49,2
558,1,0,0,0,0,1,1,27,2
1553,1,0,0,0,0,1,1,36,2
223,1,0,0,0,0,1,1,37,2
554,1,0,0,0,0,1,1,65,2
789,1,0,0,0,0,1,1,29,2
817,1,0,0,0,0,1,1,46,2
274,1,0,0,0,0,1,1,30,2
351,1,0,0,0,0,1,1,40,2
762,1,0,0,0,0,1,0,23,2
733,1,0,0,0,0,1,0,25,2
952,1,0,0,0,0,1,0,36,2
546,1,0,0,0,0,1,0,21,2
4555,1,0,0,0,0,1,0,49,2
1020,1,0,0,0,0,1,1,33,2
1080,1,0,0,0,0,1,1,33,2
9,1,0,0,0,0,1,0,20,2
870,1,0,0,0,0,1,1,50,2
453,1,0,0,0,0,1,1,45,2
140,1,0,0,0,0,1,0,21,2
1162,1,0,0,0,0,1,0,53,2
582,1,0,0,0,0,1,1,27,2
259,1,0,0,0,0,1,1,29,2
168,1,0,0,0,0,1,0,29,2
158,1,0,0,0,0,1,1,39,2
1143,1,0,0,0,0,1,0,34,2
733,1,0,0,0,0,1,0,31,2
700,1,0,0,0,0,1,0,35,2
474,1,0,0,0,0,1,1,35,2
214,1,0,0,0,0,1,1,34,2
1030,1,0,0,0,0,1,0,23,2
1410,1,0,0,0,0,1,1,41,2
727,1,0,0,0,0,1,0,54,2
1006,1,0,0,0,0,1,1,29,2
708,1,0,0,0,0,1,1,27,2
940,1,0,0,0,0,1,1,30,2
322,1,0,0,0,0,1,0,41,2
1027,1,0,0,0,0,1,0,25,2
342,1,0,0,0,0,1,0,50,2
173,1,0,0,0,0,1,1,29,2
282,1,0,0,0,0,1,0,45,2
259,1,0,0,0,0,1,0,25,2
239,1,0,0,0,0,1,1,23,2
610,1,0,0,0,0,1,0,27,2
1415,1,0,0,0,0,1,0,56,2
3868,1,0,0,0,0,1,1,36,2
1266,1,0,0,0,0,1,0,38,2
370,1,0,0,0,0,1,0,28,2
1018,1,0,0,0,0,1,0,28,2
167,1,0,0,0,0,1,1,33,2
1323,1,0,0,0,0,1,0,50,2
1065,1,0,0,0,0,1,0,49,2
782,1,0,0,0,0,1,0,27,2
360,1,0,0,0,0,1,1,23,2
238,1,0,0,0,0,1,1,32,2
859,1,0,0,0,0,1,0,24,2
695,1,0,0,0,0,1,1,30,2
39,1,0,0,0,0,1,0,27,2
358,1,0,0,0,0,1,0,27,2
727,1,0,0,0,0,1,1,27,2
882,1,0,0,0,0,1,1,26,2
647,1,0,0,0,0,1,0,32,2
944,1,0,0,0,0,1,0,26,2
5997,1,0,0,0,0,1,0,36,2
390,1,0,0,0,0,1,0,25,2
195,1,0,0,0,0,1,1,27,2
273,1,0,0,0,0,1,0,51,2
1363,1,0,0,0,0,1,0,37,2
1129,1,0,0,0,0,1,1,27,2
2907,1,0,0,0,0,1,0,63,2
281,1,0,0,0,0,1,1,25,2
3321,1,0,0,0,0,1,1,35,2
1705,1,0,0,0,0,1,1,28,2
320,1,0,0,0,0,1,1,26,2
1076,1,0,0,0,0,1,1,26,2
13,1,0,0,0,0,1,1,24,2
608,1,0,0,0,0,1,0,44,2
546,1,0,0,0,0,1,1,21,2
345,1,0,0,0,0,1,0,28,2
274,1,0,0,0,0,1,0,63,2
3287,1,0,0,0,0,1,1,60,2
914,1,0,0,0,0,1,1,60,2
185,1,0,0,0,0,1,1,50,2
647,1,0,0,0,0,1,1,28,2
395,1,0,0,0,0,1,1,41,2
219,1,0,0,0,0,1,1,50,2
776,1,0,0,0,0,1,1,28,2
209,1,0,0,0,0,1,1,37,2
188,1,0,0,0,0,1,1,29,2
718,1,0,0,0,0,1,1,27,2
1566,1,0,0,0,0,1,1,27,2
14,1,0,0,0,0,1,1,26,2
227,1,0,0,0,0,1,1,57,2
874,1,0,0,0,0,1,0,27,2
1172,1,0,0,0,0,1,1,33,2
659,1,0,0,0,0,1,0,24,2
354,1,0,0,0,0,1,1,37,2
306,1,0,0,0,0,1,0,23,2
690,1,0,0,0,0,1,1,28,2
851,1,0,0,0,0,1,1,22,2
272,1,0,0,0,0,1,1,56,2
277,1,0,0,0,0,1,1,23,2
215,1,0,0,0,0,1,1,37,2
234,1,0,0,0,0,1,1,27,2
3842,1,0,0,0,0,1,1,71,2
238,1,0,0,0,0,1,1,36,2
712,1,0,0,0,0,1,1,30,2
149,1,0,0,0,0,1,0,31,2
1643,1,0,0,0,0,1,0,43,2
6497,1,0,0,0,0,1,1,70,2
191,1,0,0,0,0,1,0,27,2
55,1,0,0,0,0,1,0,31,2
822,1,0,0,0,0,1,0,24,2
285,1,0,0,0,0,1,0,30,2
129,1,0,0,0,0,1,1,31,2
538,1,0,0,0,0,1,1,39,2
779,1,0,0,0,0,1,0,32,2
326,1,0,0,0,0,1,0,23,2
241,1,0,0,0,0,1,1,54,2
881,1,0,0,0,0,1,0,22,2
332,1,0,0,0,0,1,0,50,2
466,1,0,0,0,0,1,1,31,2
468,1,0,0,0,0,1,1,65,2
851,1,0,0,0,0,1,0,29,2
147,1,0,0,0,0,1,1,32,2
353,1,0,0,0,0,1,0,32,2
448,1,0,0,0,0,1,1,24,2
1005,1,0,0,0,0,1,0,28,2
298,1,0,0,0,0,1,1,38,2
1047,1,0,0,0,0,1,0,24,2
543,1,0,0,0,0,1,1,35,2
395,1,0,0,0,0,1,1,66,2
1740,1,0,0,0,0,1,0,31,2
152,1,0,0,0,0,1,0,47,2
1080,1,0,0,0,0,1,0,26,2
2843,1,0,0,0,0,1,0,37,2
764,1,0,0,0,0,1,0,33,2
755,1,0,0,0,0,1,1,36,2
288,1,0,0,0,0,1,0,31,2
787,1,0,0,0,0,1,1,66,2
546,1,0,0,0,0,1,1,31,2
309,1,0,0,0,0,1,0,35,2
739,1,0,0,0,0,1,1,24,2
1106,1,0,0,0,0,1,0,56,2
1189,1,0,0,0,0,1,1,32,2
656,1,0,0,0,0,1,1,29,2
274,1,0,0,0,0,1,1,19,2
280,1,0,0,0,0,1,1,52,2
985,1,0,0,0,0,1,0,29,2
411,1,0,0,0,0,1,1,32,2
395,1,0,0,0,0,1,1,37,2
477,1,0,0,0,0,1,0,33,2
1892,1,0,0,0,0,1,1,42,2
742,1,0,0,0,0,1,1,40,2
435,1,0,0,0,0,1,1,29,2
550,1,0,0,0,0,1,1,36,2
178,1,0,0,0,0,1,1,34,2
474,1,0,0,0,0,1,1,35,2
553,1,0,0,0,0,1,1,28,2
248,1,0,0,0,0,1,1,50,2
620,1,0,0,0,0,1,1,29,2
489,1,0,0,0,0,1,0,40,2
470,1,0,0,0,0,1,1,36,2
348,1,0,0,0,0,1,1,51,2
461,1,0,0,0,0,1,1,27,2
561,1,0,0,0,0,1,0,25,2
661,1,0,0,0,0,1,1,37,2
239,1,0,0,0,0,1,1,45,2
541,1,0,0,0,0,1,1,21,2
241,1,0,0,0,0,1,1,33,2
307,1,0,0,0,0,1,1,27,2
292,1,0,0,0,0,1,1,30,2
356,1,0,0,0,0,1,0,24,2
693,1,0,0,0,0,1,0,32,2
1353,1,0,0,0,0,1,1,29,2
295,1,0,0,0,0,1,1,23,2
3,1,0,0,0,0,1,1,24,2
1571,1,0,0,0,0,1,1,54,2
285,1,0,0,0,0,1,0,55,2
620,1,0,0,0,0,1,1,29,2
220,1,0,0,0,0,1,1,29,2
491,1,0,0,0,0,1,1,28,2
829,1,0,0,0,0,1,1,29,2
1174,1,0,0,0,0,1,1,29,2
447,1,0,0,0,0,1,0,50,2
126,1,0,0,0,0,1,1,22,2
324,1,0,0,0,0,1,1,24,2
483,1,0,0,0,0,1,1,25,2
255,1,0,0,0,0,1,1,23,2
536,1,0,0,0,0,1,1,31,2
603,1,0,0,0,0,1,1,36,2
772,1,0,0,0,0,1,1,32,2
144,1,0,0,0,0,1,0,29,2
858,1,0,0,0,0,1,1,20,2
942,1,0,0,0,0,1,1,22,2
339,1,0,0,0,0,1,1,51,2
1154,1,0,0,0,0,1,1,25,2
573,1,0,0,0,0,1,1,44,2
331,1,0,0,0,0,1,1,26,2
1359,1,0,0,0,0,1,0,26,2
740,1,0,0,0,0,1,1,23,2
2028,1,0,0,0,0,1,0,42,2
2257,1,0,0,0,0,1,1,49,2
325,1,0,0,0,0,1,1,27,2
2970,1,0,0,0,0,1,1,29,2
1363,1,0,0,0,0,1,0,30,2
425,1,0,0,0,0,1,1,25,2
2272,1,0,0,0,0,1,1,31,2
869,1,0,0,0,0,1,1,39,2
574,1,0,0,0,0,1,0,24,2
239,1,0,0,0,0,1,1,23,2
2167,1,0,0,0,0,1,0,60,2
349,1,0,0,0,0,1,1,26,2
212,1,0,0,0,0,1,1,19,2
428,1,0,0,0,0,1,1,27,2
4290,1,0,0,0,0,1,0,50,2
398,1,0,0,0,0,1,1,34,2
228,1,0,0,0,0,1,1,33,2
1100,1,0,0,0,0,1,0,28,2
172,1,0,0,0,0,1,0,33,2
312,1,0,0,0,0,1,0,27,2
355,1,0,0,0,0,1,1,28,2
301,1,0,0,0,0,1,0,45,2
333,1,0,0,0,0,1,1,41,2
188,1,0,0,0,0,1,0,39,2
241,1,0,0,0,0,1,1,29,2
116,1,0,0,0,0,1,1,33,2
361,1,0,0,0,0,1,0,34,2
262,1,0,0,0,0,1,1,34,2
614,1,0,0,0,0,1,0,26,2
159,1,0,0,0,0,1,0,21,2
107,1,0,0,0,0,1,1,48,2
479,1,0,0,0,0,1,1,66,2
269,1,0,0,0,0,1,1,26,2
449,1,0,0,0,0,1,1,26,2
451,1,0,0,0,0,1,0,23,2
433,1,0,0,0,0,1,1,26,2
756,1,0,0,0,0,1,1,29,2
227,1,0,0,0,0,1,0,33,2
1037,1,0,0,0,0,1,1,35,2
511,1,0,0,0,0,1,0,50,2
974,1,0,0,0,0,1,0,29,2
328,1,0,0,0,0,1,1,35,2
657,1,0,0,0,0,1,1,50,2
535,1,0,0,0,0,1,0,40,2
515,1,0,0,0,0,1,1,24,2
1041,1,0,0,0,0,1,0,25,2
463,1,0,0,0,0,1,1,29,2
958,1,0,0,0,0,1,1,28,2
333,1,0,0,0,0,1,1,36,2
270,1,0,0,0,0,1,0,34,2
704,1,0,0,0,0,1,1,27,2
330,1,0,0,0,0,1,0,25,2
357,1,0,0,0,0,1,1,55,2
211,1,0,0,0,0,1,1,27,2
1131,1,0,0,0,0,1,1,46,2
189,1,0,0,0,0,1,1,50,2
783,1,0,0,0,0,1,0,27,2
546,1,0,0,0,0,1,1,44,2
881,1,0,0,0,0,1,0,49,2
379,1,0,0,0,0,1,1,24,2
837,1,0,0,0,0,1,0,26,2
649,1,0,0,0,0,1,0,47,2
33438,1,0,0,0,0,1,1,40,2
549,1,0,0,0,0,1,1,27,2
596,1,0,0,0,0,1,1,31,2
192,1,0,0,0,0,1,1,46,2
675,1,0,0,0,0,1,1,24,2
358,1,0,0,0,0,1,1,54,2
833,1,0,0,0,0,1,0,23,2
279,1,0,0,0,0,1,0,34,2
584,1,0,0,0,0,1,0,42,2
808,1,0,0,0,0,1,1,35,2
1358,1,0,0,0,0,1,0,35,2
380,1,0,0,0,0,1,1,41,2
1426,1,0,0,0,0,1,0,42,2
145,1,0,0,0,0,1,1,60,2
890,1,0,0,0,0,1,1,36,2
300,1,0,0,0,0,1,1,28,2
1492,1,0,0,0,0,1,0,49,2
1003,1,0,0,0,0,1,0,38,2
747,1,0,0,0,0,1,1,28,2
643,1,0,0,0,0,1,0,32,2
69,1,0,0,0,0,1,1,57,2
327,1,0,0,0,0,1,1,52,2
1367,1,0,0,0,0,1,0,49,2
523,1,0,0,0,0,1,1,23,2
660,1,0,0,0,0,1,1,23,2
375,1,0,0,0,0,1,1,43,2
1189,1,0,0,0,0,1,1,41,2
5577,1,0,0,0,0,1,0,42,2
1567,1,0,0,0,0,1,0,25,2
584,1,0,0,0,0,1,1,42,2
981,1,0,0,0,0,1,1,30,2
281,1,0,0,0,0,1,1,35,2
332,1,0,0,0,0,1,0,39,2
888,1,0,0,0,0,1,1,27,2
550,1,0,0,0,0,1,1,45,2
561,1,0,0,0,0,1,1,26,2
686,1,0,0,0,0,1,0,24,2
474,1,0,0,0,0,1,1,42,2
2671,1,0,0,0,0,1,0,38,2
387,1,0,0,0,0,1,0,24,2
1059,1,0,0,0,0,1,1,46,2
950,1,0,0,0,0,1,1,29,2
350,1,0,0,0,0,1,1,30,2
705,1,0,0,0,0,1,1,25,2
836,1,0,0,0,0,1,1,50,2
1173,1,0,0,0,0,1,1,28,2
585,1,0,0,0,0,1,1,41,2
372,1,0,0,0,0,1,1,29,2
981,1,0,0,0,0,1,1,27,2
466,1,0,0,0,0,1,1,59,2
326,1,0,0,0,0,1,0,29,2
411,1,0,0,0,0,1,0,30,2
183,1,0,0,0,0,1,1,44,2
677,1,0,0,0,0,1,1,30,2
411,1,0,0,0,0,1,0,26,2
935,1,0,0,0,0,1,0,31,2
241,1,0,0,0,0,1,1,47,2
1114,1,0,0,0,0,1,1,46,2
1137,1,0,0,0,0,1,0,28,2
874,1,0,0,0,0,1,0,25,2
949,1,0,0,0,0,1,0,35,2
344,1,0,0,0,0,1,1,70,2
195,1,0,0,0,0,1,1,29,2
609,1,0,0,0,0,1,0,23,2
577,1,0,0,0,0,1,0,50,2
945,1,0,0,0,0,1,1,33,2
510,1,0,0,0,0,1,1,26,2
218,1,0,0,0,0,1,1,26,2
435,1,0,0,0,0,1,0,49,2
893,1,0,0,0,0,1,1,36,2
602,1,0,0,0,0,1,0,25,2
347,1,0,0,0,0,1,1,23,2
485,1,0,0,0,0,1,1,29,2
448,1,0,0,0,0,1,1,28,2
498,1,0,0,0,0,1,0,37,2
1138,1,0,0,0,0,1,1,32,2
273,1,0,0,0,0,1,1,47,2
592,1,0,0,0,0,1,1,24,2
787,1,0,0,0,0,1,1,38,2
516,1,0,0,0,0,1,1,28,2
161,1,0,0,0,0,1,1,26,2
389,1,0,0,0,0,1,1,26,2
485,1,0,0,0,0,1,1,31,2
31,1,0,0,0,0,1,1,50,2
261,1,0,0,0,0,1,1,47,2
585,1,0,0,0,0,1,1,24,2
249,1,0,0,0,0,1,1,29,2
1091,1,0,0,0,0,1,0,49,2
294,1,0,0,0,0,1,1,25,2
3199,1,0,0,0,0,1,1,36,2
468,1,0,0,0,0,1,1,28,2
544,1,0,0,0,0,1,0,36,2
361,1,0,0,0,0,1,1,61,2
438,1,0,0,0,0,1,0,49,2
24033,1,0,0,0,0,1,1,41,2
246,1,0,0,0,0,1,0,23,2
877,1,0,0,0,0,1,0,24,2
8101,1,0,0,0,0,1,1,56,2
589,1,0,0,0,0,1,1,28,2
3141,1,0,0,0,0,1,1,68,2
300,1,0,0,0,0,1,1,20,2
564,1,0,0,0,0,1,0,36,2
1332,1,0,0,0,0,1,1,31,2
654,1,0,0,0,0,1,1,24,2
494,1,0,0,0,0,1,0,36,2
273,1,0,0,0,0,1,1,25,2
429,1,0,0,0,0,1,1,43,2
174,1,0,0,0,0,1,1,26,2
1760,1,0,0,0,0,1,1,40,2
469,1,0,0,0,0,1,1,26,2
294,1,0,0,0,0,1,1,23,2
330,1,0,0,0,0,1,1,30,2
729,1,0,0,0,0,1,1,34,2
926,1,0,0,0,0,1,1,30,2
470,1,0,0,0,0,1,1,31,2
504,1,0,0,0,0,1,0,41,2
212,1,0,0,0,0,1,1,20,2
707,1,0,0,0,0,1,1,25,2
1496,1,0,0,0,0,1,1,49,2
1031,1,0,0,0,0,1,1,32,2
1253,1,0,0,0,0,1,1,21,2
1146,1,0,0,0,0,1,1,45,2
950,1,0,0,0,0,1,1,31,2
623,1,0,0,0,0,1,1,32,2
229,1,0,0,0,0,1,1,27,2
137,1,0,0,0,0,1,1,53,2
1098,1,0,0,0,0,1,0,29,2
114,1,0,0,0,0,1,1,26,2
381,1,0,0,0,0,1,0,29,2
373,1,0,0,0,0,1,0,45,2
794,1,0,0,0,0,1,1,22,2
1285,1,0,0,0,0,1,1,23,2
231,1,0,0,0,0,1,0,30,2
675,1,0,0,0,0,1,1,23,2
336,1,0,0,0,0,1,1,29,2
596,1,0,0,0,0,1,1,57,2
1662,1,0,0,0,0,1,0,28,2
661,1,0,0,0,0,1,0,30,2
226,1,0,0,0,0,1,1,52,2
3309,1,0,0,0,0,1,1,42,2
1385,1,0,0,0,0,1,0,56,2
460,1,0,0,0,0,1,1,41,2
185,1,0,0,0,0,1,1,34,2
279,1,0,0,0,0,1,1,37,2
420,1,0,0,0,0,1,1,21,2
1365,1,0,0,0,0,1,0,41,2
4783,1,0,0,0,0,1,0,43,2
531,1,0,0,0,0,1,1,29,2
1762,1,0,0,0,0,1,1,29,2
501,1,0,0,0,0,1,0,20,2
774,1,0,0,0,0,1,1,39,2
840,1,0,0,0,0,1,0,33,2
93,1,0,0,0,0,1,1,23,2
171,1,0,0,0,0,1,1,19,2
618,1,0,0,0,0,1,0,36,2
1245,1,0,0,0,0,1,1,25,2
369,1,0,0,0,0,1,1,28,2
992,1,0,0,0,0,1,0,27,2
522,1,0,0,0,0,1,0,33,2
211,1,0,0,0,0,1,1,26,2
199,1,0,0,0,0,1,1,22,2
503,1,0,0,0,0,1,1,42,2
428,1,0,0,0,0,1,1,50,2
944,1,0,0,0,0,1,0,38,2
377,1,0,0,0,0,1,0,42,2
221,1,0,0,0,0,1,1,35,2
803,1,0,0,0,0,1,0,66,2
466,1,0,0,0,0,1,1,22,2
142,1,0,0,0,0,1,0,31,2
862,1,0,0,0,0,1,1,54,2
334,1,0,0,0,0,1,1,29,2
294,1,0,0,0,0,1,1,51,2
630,1,0,0,0,0,1,1,31,2
469,1,0,0,0,0,1,1,43,2
1539,1,0,0,0,0,1,1,26,2
828,1,0,0,0,0,1,1,30,2
239,1,0,0,0,0,1,0,47,2
548,1,0,0,0,0,1,1,23,2
821,1,0,0,0,0,1,1,27,2
412,1,0,0,0,0,1,0,25,2
241,1,0,0,0,0,1,1,26,2
1182,1,0,0,0,0,1,0,39,2
330,1,0,0,0,0,1,1,29,2
227,1,0,0,0,0,1,1,25,2
38,1,0,0,0,0,1,1,32,2
690,1,0,0,0,0,1,1,22,2
516,1,0,0,0,0,1,0,28,2
185,1,0,0,0,0,1,1,38,2
548,1,0,0,0,0,1,1,25,2
260,1,0,0,0,0,1,1,27,2
519,1,0,0,0,0,1,1,34,2
521,1,0,0,0,0,1,1,30,2
233,1,0,0,0,0,1,1,46,2
163,1,0,0,0,0,1,1,40,2
345,1,0,0,0,0,1,0,27,2
466,1,0,0,0,0,1,1,31,2
214,1,0,0,0,0,1,1,24,2
336,1,0,0,0,0,1,1,50,2
3893,1,0,0,0,0,1,1,46,2
915,1,0,0,0,0,1,1,24,2
641,1,0,0,0,0,1,1,34,2
948,1,0,0,0,0,1,1,56,2
570,1,0,0,0,0,1,1,24,2
1214,1,0,0,0,0,1,0,32,2
1089,1,0,0,0,0,1,1,27,2
743,1,0,0,0,0,1,1,32,2
221,1,0,0,0,0,1,1,32,2
845,1,0,0,0,0,1,1,26,2
585,1,0,0,0,0,1,1,66,2
891,1,0,0,0,0,1,0,29,2
322,1,0,0,0,0,1,1,29,2
996,1,0,0,0,0,1,0,33,2
837,1,0,0,0,0,1,1,23,2
1616,1,0,0,0,0,1,0,39,2
383,1,0,0,0,0,1,1,25,2
527,1,0,0,0,0,1,1,20,2
238,1,0,0,0,0,1,1,23,2
1106,1,0,0,0,0,1,1,42,2
1254,1,0,0,0,0,1,1,25,2
660,1,0,0,0,0,1,1,56,2
272,1,0,0,0,0,1,1,24,2
498,1,0,0,0,0,1,0,27,2
1020,1,0,0,0,0,1,1,34,2
180,1,0,0,0,0,1,0,41,2
362,1,0,0,0,0,1,1,31,2
219,1,0,0,0,0,1,0,26,2
473,1,0,0,0,0,1,1,26,2
460,1,0,0,0,0,1,0,32,2
952,1,0,0,0,0,1,0,30,2
188,1,0,0,0,0,1,1,29,2
406,1,0,0,0,0,1,0,60,2
491,1,0,0,0,0,1,1,66,2
1028,1,0,0,0,0,1,1,36,2
350,1,0,0,0,0,1,1,23,2
836,1,0,0,0,0,1,0,36,2
253,1,0,0,0,0,1,0,27,2
908,1,0,0,0,0,1,1,22,2
115,1,0,0,0,0,1,1,27,2
620,1,0,0,0,0,1,1,54,2
189,1,0,0,0,0,1,0,47,2
1295,1,0,0,0,0,1,1,24,2
317,1,0,0,0,0,1,1,43,2
415,1,0,0,0,0,1,1,42,2
434,1,0,0,0,0,1,0,31,2
761,1,0,0,0,0,1,1,46,2
438,1,0,0,0,0,1,0,29,2
604,1,0,0,0,0,1,1,38,2
371,1,0,0,0,0,1,1,46,2
291,1,0,0,0,0,1,1,41,2
1658,1,0,0,0,0,1,1,36,2
875,1,0,0,0,0,1,1,26,2
347,1,0,0,0,0,1,0,37,2
1739,1,0,0,0,0,1,1,31,2
527,1,0,0,0,0,1,0,23,2
276,1,0,0,0,0,1,0,29,2
918,1,0,0,0,0,1,1,22,2
902,1,0,0,0,0,1,1,21,2
164,1,0,0,0,0,1,1,41,2
374,1,0,0,0,0,1,0,30,2
309,1,0,0,0,0,1,0,25,2
418,1,0,0,0,0,1,0,50,2
270,1,0,0,0,0,1,1,52,2
1137,1,0,0,0,0,1,0,27,2
713,1,0,0,0,0,1,1,70,2
169,1,0,0,0,0,1,1,33,2
361,1,0,0,0,0,1,1,22,2
769,1,0,0,0,0,1,0,22,2
487,1,0,0,0,0,1,1,29,2
719,1,0,0,0,0,1,0,31,2
440,1,0,0,0,0,1,1,35,2
413,1,0,0,0,0,1,1,27,2
717,1,0,0,0,0,1,0,25,2
1345,1,0,0,0,0,1,0,63,2
1128,1,0,0,0,0,1,1,32,2
2931,1,0,0,0,0,1,1,36,2
333,1,0,0,0,0,1,1,23,2
860,1,0,0,0,0,1,0,49,2
678,1,0,0,0,0,1,1,21,2
361,1,0,0,0,0,1,0,23,2
1194,1,0,0,0,0,1,0,31,2
905,1,0,0,0,0,1,1,30,2
633,1,0,0,0,0,1,1,72,2
1396,1,0,0,0,0,1,1,58,2
208,1,0,0,0,0,1,1,30,2
788,1,0,0,0,0,1,1,34,2
898,1,0,0,0,0,1,1,28,2
320,1,0,0,0,0,1,1,29,2
1539,1,0,0,0,0,1,1,50,2
348,1,0,0,0,0,1,0,45,2
680,1,0,0,0,0,1,1,32,2
1205,1,0,0,0,0,1,1,40,2
928,1,0,0,0,0,1,0,53,2
449,1,0,0,0,0,1,1,21,2
787,1,0,0,0,0,1,1,46,2
889,1,0,0,0,0,1,1,28,2
112,1,0,0,0,0,1,1,49,2
383,1,0,0,0,0,1,1,22,2
778,1,0,0,0,0,1,0,22,2
1129,1,0,0,0,0,1,1,28,2
268,1,0,0,0,0,1,1,32,2
447,1,0,0,0,0,1,1,23,2
995,1,0,0,0,0,1,0,25,2
14,1,0,0,0,0,1,1,49,2
506,1,0,0,0,0,1,1,27,2
611,1,0,0,0,0,1,1,29,2
1605,1,0,0,0,0,1,0,37,2
391,1,0,0,0,0,1,0,26,2
566,1,0,0,0,0,1,1,50,2
1043,1,0,0,0,0,1,1,26,2
495,1,0,0,0,0,1,1,36,2
320,1,0,0,0,0,1,1,47,2
320,1,0,0,0,0,1,1,35,2
275,1,0,0,0,0,1,1,28,2
2080,1,0,0,0,0,1,1,53,2
350,1,0,0,0,0,1,1,27,2
355,1,0,0,0,0,1,0,33,2
4470,1,0,0,0,0,1,0,28,2
975,1,0,0,0,0,1,1,22,2
340,1,0,0,0,0,1,1,28,2
2038,1,0,0,0,0,1,1,67,2
949,1,0,0,0,0,1,1,35,2
1091,1,0,0,0,0,1,1,50,2
368,1,0,0,0,0,1,1,29,2
520,1,0,0,0,0,1,0,24,2
729,1,0,0,0,0,1,1,23,2
408,1,0,0,0,0,1,0,22,2
728,1,0,0,0,0,1,1,33,2
1414,1,0,0,0,0,1,0,47,2
220,1,0,0,0,0,1,1,29,2
1755,1,0,0,0,0,1,0,31,2
198,1,0,0,0,0,1,0,29,2
1346,1,0,0,0,0,1,1,56,2
1071,1,0,0,0,0,1,0,24,2
141,1,0,0,0,0,1,0,27,2
500,1,0,0,0,0,1,1,28,2
1081,1,0,0,0,0,1,1,34,2
886,1,0,0,0,0,1,1,66,2
255,1,0,0,0,0,1,0,24,2
701,1,0,0,0,0,1,0,38,2
26314,1,0,0,0,0,1,1,40,2
631,1,0,0,0,0,1,0,33,2
1079,1,0,0,0,0,1,0,25,2
1028,1,0,0,0,0,1,1,27,2
587,1,0,0,0,0,1,1,35,2
152,1,0,0,0,0,1,1,26,2
628,1,0,0,0,0,1,0,28,2
351,1,0,0,0,0,1,1,37,2
259,1,0,0,0,0,1,1,52,2
1020,1,0,0,0,0,1,1,23,2
1165,1,0,0,0,0,1,1,28,2
1968,1,0,0,0,0,1,0,38,2
395,1,0,0,0,0,1,0,31,2
183,1,0,0,0,0,1,0,22,2
772,1,0,0,0,0,1,1,34,2
779,1,0,0,0,0,1,1,26,2
1025,1,0,0,0,0,1,0,42,2
437,1,0,0,0,0,1,0,27,2
167,1,0,0,0,0,1,1,24,2
395,1,0,0,0,0,1,1,28,2
316,1,0,0,0,0,1,1,30,2
279,1,0,0,0,0,1,1,28,2
1180,1,0,0,0,0,1,0,30,2
184,1,0,0,0,0,1,1,25,2
729,1,0,0,0,0,1,1,26,2
1331,1,0,0,0,0,1,0,56,2
1001,1,0,0,0,0,1,1,31,2
239,1,0,0,0,0,1,0,29,2
916,1,0,0,0,0,1,1,19,2
285,1,0,0,0,0,1,0,55,2
910,1,0,0,0,0,1,1,29,2
601,1,0,0,0,0,1,1,53,2
443,1,0,0,0,0,1,0,26,2
8917,1,0,0,0,0,1,1,57,2
1584,1,0,0,0,0,1,1,67,2
748,1,0,0,0,0,1,1,26,2
401,1,0,0,0,0,1,0,40,2
272,1,0,0,0,0,1,1,34,2
213,1,0,0,0,0,1,1,21,2
1293,1,0,0,0,0,1,1,26,2
407,1,0,0,0,0,1,1,30,2
359,1,0,0,0,0,1,1,25,2
1218,1,0,0,0,0,1,0,38,2
452,1,0,0,0,0,1,0,29,2
399,1,0,0,0,0,1,1,38,2
928,1,0,0,0,0,1,0,49,2
250,1,0,0,0,0,1,1,25,2
450,1,0,0,0,0,1,0,26,2
395,1,0,0,0,0,1,1,23,2
504,1,0,0,0,0,1,1,25,2
566,1,0,0,0,0,1,1,41,2
735,1,0,0,0,0,1,1,36,2
854,1,0,0,0,0,1,0,27,2
875,1,0,0,0,0,1,1,25,2
276,1,0,0,0,0,1,1,40,2
536,1,0,0,0,0,1,1,50,2
324,1,0,0,0,0,1,1,41,2
656,1,0,0,0,0,1,0,33,2
1209,1,0,0,0,0,1,1,27,2
154,1,0,0,0,0,1,1,29,2
678,1,0,0,0,0,1,1,29,2
398,1,0,0,0,0,1,0,29,2
357,1,0,0,0,0,1,1,30,2
943,1,0,0,0,0,1,0,36,2
505,1,0,0,0,0,1,0,37,2
301,1,0,0,0,0,1,1,42,2
761,1,0,0,0,0,1,1,24,2
647,1,0,0,0,0,1,1,38,2
448,1,0,0,0,0,1,1,27,2
6567,1,0,0,0,0,1,0,49,2
598,1,0,0,0,0,1,0,49,2
206,1,0,0,0,0,1,0,27,2
584,1,0,0,0,0,1,1,40,2
614,1,0,0,0,0,1,1,30,2
124,1,0,0,0,0,1,1,30,2
364,1,0,0,0,0,1,1,36,2
952,1,0,0,0,0,1,1,46,2
471,1,0,0,0,0,1,1,41,2
1127,1,0,0,0,0,1,1,52,2
248,1,0,0,0,0,1,1,43,2
719,1,0,0,0,0,1,1,21,2
518,1,0,0,0,0,1,1,31,2
713,1,0,0,0,0,1,1,22,2
800,1,0,0,0,0,1,1,20,2
1291,1,0,0,0,0,1,1,23,2
276,1,0,0,0,0,1,0,29,2
295,1,0,0,0,0,1,0,39,2
729,1,0,0,0,0,1,0,42,2
1921,1,0,0,0,0,1,1,38,2
298,1,0,0,0,0,1,1,26,2
364,1,0,0,0,0,1,1,22,2
801,1,0,0,0,0,1,0,21,2
90,1,0,0,0,0,1,0,26,2
204,1,0,0,0,0,1,0,32,2
436,1,0,0,0,0,1,1,29,2
1384,1,0,0,0,0,1,1,58,2
206,1,0,0,0,0,1,1,24,2
1118,1,0,0,0,0,1,1,41,2
273,1,0,0,0,0,1,1,49,2
415,1,0,0,0,0,1,1,28,2
771,1,0,0,0,0,1,1,41,2
661,1,0,0,0,0,1,1,29,2
207,1,0,0,0,0,1,1,26,2
542,1,0,0,0,0,1,1,24,2
687,1,0,0,0,0,1,0,50,2
386,1,0,0,0,0,1,0,42,2
674,1,0,0,0,0,1,0,29,2
639,1,0,0,0,0,1,0,25,2
157,1,0,0,0,0,1,0,24,2
629,1,0,0,0,0,1,1,36,2
983,1,0,0,0,0,1,1,22,2
1564,1,0,0,0,0,1,1,44,2
488,1,0,0,0,0,1,1,28,2
323,1,0,0,0,0,1,1,55,2
463,1,0,0,0,0,1,1,26,2
563,1,0,0,0,0,1,0,43,2
268,1,0,0,0,0,1,1,31,2
1818,1,0,0,0,0,1,0,66,2
372,1,0,0,0,0,1,1,38,2
145,1,0,0,0,0,1,0,32,2
1066,1,0,0,0,0,1,1,24,2
348,1,0,0,0,0,1,1,32,2
2076,1,0,0,0,0,1,0,32,2
363,1,0,0,0,0,1,1,26,2
420,1,0,0,0,0,1,1,31,2
212,1,0,0,0,0,1,1,24,2
590,1,0,0,0,0,1,0,23,2
166,1,0,0,0,0,1,1,32,2
573,1,0,0,0,0,1,0,27,2
618,1,0,0,0,0,1,1,31,2
324,1,0,0,0,0,1,0,50,2
627,1,0,0,0,0,1,1,26,2
1452,1,0,0,0,0,1,1,66,2
381,1,0,0,0,0,1,1,43,2
736,1,0,0,0,0,1,1,23,2
434,1,0,0,0,0,1,0,25,2
1596,1,0,0,0,0,1,0,27,2
561,1,0,0,0,0,1,0,46,2
970,1,0,0,0,0,1,1,49,2
756,1,0,0,0,0,1,0,26,2
1357,1,0,0,0,0,1,1,40,2
417,1,0,0,0,0,1,1,27,2
926,1,0,0,0,0,1,0,53,2
1236,1,0,0,0,0,1,0,25,2
706,1,0,0,0,0,1,1,54,2
1997,1,0,0,0,0,1,0,31,2
743,1,0,0,0,0,1,1,25,2
586,1,0,0,0,0,1,1,35,2
614,1,0,0,0,0,1,1,28,2
1713,1,0,0,0,0,1,1,26,2
812,0,1,0,0,0,1,0,23,5
1423,0,1,0,0,0,1,1,28,5
529,0,1,0,0,0,1,0,24,5
296,0,1,0,0,0,1,1,26,5
3763,0,1,0,0,0,1,0,26,5
226,0,1,0,0,0,1,1,23,5
178,0,1,0,0,0,1,1,23,5
369,0,1,0,0,0,1,1,21,5
429,0,1,0,0,0,1,1,28,5
253,0,1,0,0,0,1,1,35,5
4976,0,1,0,0,0,1,1,22,5
3558,0,1,0,0,0,1,1,29,5
389,0,1,0,0,0,1,1,34,5
363,0,1,0,0,0,1,1,25,5
947,0,1,0,0,0,1,0,33,5
176,0,1,0,0,0,1,0,27,5
937,0,1,0,0,0,1,1,44,5
391,0,1,0,0,0,1,1,28,5
356,0,1,0,0,0,1,1,53,5
1388,0,1,0,0,0,1,1,28,5
467,0,1,0,0,0,1,1,45,5
580,0,1,0,0,0,1,1,24,5
2181,0,1,0,0,0,1,0,30,5
775,0,1,0,0,0,1,0,23,5
4389,0,1,0,0,0,1,0,51,5
397,0,1,0,0,0,1,1,23,5
609,0,1,0,0,0,1,1,25,5
3,0,1,0,0,0,1,1,19,5
826,0,1,0,0,0,1,1,30,5
1044,0,1,0,0,0,1,0,30,5
304,0,1,0,0,0,1,1,19,5
1361,0,1,0,0,0,1,0,45,5
484,0,1,0,0,0,1,1,33,5
1041,0,1,0,0,0,1,0,25,5
236,0,1,0,0,0,1,1,27,5
5757,0,1,0,0,0,1,1,56,5
930,0,1,0,0,0,1,1,32,5
694,0,1,0,0,0,1,1,33,5
361,0,1,0,0,0,1,0,46,5
10,0,1,0,0,0,1,1,28,5
197,0,1,0,0,0,1,1,22,5
1116,0,1,0,0,0,1,0,39,5
1373,0,1,0,0,0,1,1,51,5
1368,0,1,0,0,0,1,1,51,5
861,0,1,0,0,0,1,1,25,5
4282,0,1,0,0,0,1,0,30,5
1164,0,1,0,0,0,1,1,27,5
1271,0,1,0,0,0,1,1,60,5
270,0,1,0,0,0,1,1,26,5
256,0,1,0,0,0,1,0,38,5
1364,0,1,0,0,0,1,1,36,5
346,0,1,0,0,0,1,1,59,5
235,0,1,0,0,0,1,1,28,5
517,0,1,0,0,0,1,1,53,5
1316,0,1,0,0,0,1,1,51,5
349,0,1,0,0,0,1,1,36,5
478,0,1,0,0,0,1,1,45,5
727,0,1,0,0,0,1,1,52,5
802,0,1,0,0,0,1,1,36,5
1213,0,1,0,0,0,1,1,23,5
1041,0,1,0,0,0,1,0,36,5
514,0,1,0,0,0,1,1,60,5
414,0,1,0,0,0,1,1,29,5
333,0,1,0,0,0,1,1,32,5
1057,0,1,0,0,0,1,1,23,5
679,0,1,0,0,0,1,1,23,5
1638,0,1,0,0,0,1,1,30,5
3702,0,1,0,0,0,1,1,27,5
656,0,1,0,0,0,1,1,39,5
865,0,1,0,0,0,1,1,27,5
542,0,1,0,0,0,1,1,29,5
567,0,1,0,0,0,1,1,22,5
825,0,1,0,0,0,1,1,26,5
388,0,1,0,0,0,1,1,33,5
883,0,1,0,0,0,1,1,43,5
2023,0,1,0,0,0,1,1,44,5
254,0,1,0,0,0,1,1,23,5
206,0,1,0,0,0,1,1,43,5
605,0,1,0,0,0,1,1,36,5
6,0,1,0,0,0,1,1,28,5
1109,0,1,0,0,0,1,0,30,5
1219,0,1,0,0,0,1,0,30,5
741,0,1,0,0,0,1,0,24,5
613,0,1,0,0,0,1,1,47,5
917,0,1,0,0,0,1,1,24,5
942,0,1,0,0,0,1,1,26,5
1201,0,1,0,0,0,1,1,26,5
1071,0,1,0,0,0,1,1,28,5
455,0,1,0,0,0,1,0,30,5
961,0,1,0,0,0,1,1,31,5
1190,0,1,0,0,0,1,1,32,5
298,0,1,0,0,0,1,1,20,5
468,0,1,0,0,0,1,1,28,5
1142,0,1,0,0,0,1,0,39,5
413,0,1,0,0,0,1,1,24,5
435,0,1,0,0,0,1,1,23,5
722,0,1,0,0,0,1,0,31,5
493,0,1,0,0,0,1,0,45,5
270,0,1,0,0,0,1,1,34,5
883,0,1,0,0,0,1,1,24,5
126,0,1,0,0,0,1,1,24,5
1395,0,1,0,0,0,1,1,49,5
1884,0,1,0,0,0,1,1,28,5
725,0,1,0,0,0,1,1,31,5
383,0,1,0,0,0,1,0,30,5
727,0,1,0,0,0,1,1,30,5
407,0,1,0,0,0,1,1,20,5
613,0,1,0,0,0,1,1,26,5
471,0,1,0,0,0,1,1,43,5
509,0,1,0,0,0,1,1,26,5
451,0,1,0,0,0,1,1,23,5
1445,0,1,0,0,0,1,0,49,5
927,0,1,0,0,0,1,1,26,5
651,0,1,0,0,0,1,1,31,5
538,0,1,0,0,0,1,1,52,5
338,0,1,0,0,0,1,0,34,5
292,0,1,0,0,0,1,0,25,5
283,0,1,0,0,0,1,1,28,5
1635,0,1,0,0,0,1,1,58,5
424,0,1,0,0,0,1,1,27,5
1931,0,1,0,0,0,1,1,33,5
481,0,1,0,0,0,1,0,33,5
568,0,1,0,0,0,1,1,39,5
1244,0,1,0,0,0,1,0,24,5
358,0,1,0,0,0,1,1,22,5
663,0,1,0,0,0,1,0,24,5
250,0,1,0,0,0,1,1,26,5
1448,0,1,0,0,0,1,1,50,5
412,0,1,0,0,0,1,1,50,5
653,0,1,0,0,0,1,1,30,5
821,0,1,0,0,0,1,1,26,5
1118,0,1,0,0,0,1,1,30,5
835,0,1,0,0,0,1,1,34,5
725,0,1,0,0,0,1,1,25,5
911,0,1,0,0,0,1,0,35,5
373,0,1,0,0,0,1,1,59,5
575,0,1,0,0,0,1,1,44,5
230,0,1,0,0,0,1,1,24,5
612,0,1,0,0,0,1,1,20,5
671,0,1,0,0,0,1,1,22,5
637,0,1,0,0,0,1,0,31,5
971,0,1,0,0,0,1,1,30,5
171,0,1,0,0,0,1,1,29,5
1268,0,1,0,0,0,1,1,39,5
697,0,1,0,0,0,1,0,25,5
2213,0,1,0,0,0,1,0,34,5
588,0,1,0,0,0,1,0,24,5
921,0,1,0,0,0,1,1,30,5
648,0,1,0,0,0,1,0,28,5
1437,0,1,0,0,0,1,1,33,5
809,0,1,0,0,0,1,1,42,5
1202,0,1,0,0,0,1,0,56,5
1192,0,1,0,0,0,1,0,50,5
432,0,1,0,0,0,1,1,44,5
879,0,1,0,0,0,1,0,50,5
827,0,1,0,0,0,1,0,30,5
451,0,1,0,0,0,1,1,32,5
1616,0,1,0,0,0,1,0,25,5
359,0,1,0,0,0,1,1,26,5
364,0,1,0,0,0,1,1,33,5
697,0,1,0,0,0,1,1,34,5
1238,0,1,0,0,0,1,0,31,5
1124,0,1,0,0,0,1,1,26,5
550,0,1,0,0,0,1,1,25,5
625,0,1,0,0,0,1,1,23,5
535,0,1,0,0,0,1,1,20,5
205,0,1,0,0,0,1,1,30,5
156,0,1,0,0,0,1,1,32,5
874,0,1,0,0,0,1,1,27,5
130,0,1,0,0,0,1,0,41,5
43,0,1,0,0,0,1,1,32,5
780,0,1,0,0,0,1,1,27,5
324,0,1,0,0,0,1,0,24,5
1023,0,1,0,0,0,1,1,39,5
1466,0,1,0,0,0,1,1,37,5
1578,0,1,0,0,0,1,0,33,5
657,0,1,0,0,0,1,1,28,5
323,0,1,0,0,0,1,1,23,5
910,0,1,0,0,0,1,1,26,5
1055,0,1,0,0,0,1,1,32,5
576,0,1,0,0,0,1,1,28,5
874,0,1,0,0,0,1,1,27,5
70,0,1,0,0,0,1,0,27,5
417,0,1,0,0,0,1,1,26,5
162,0,1,0,0,0,1,1,24,5
606,0,1,0,0,0,1,0,32,5
253,0,1,0,0,0,1,1,51,5
1119,0,1,0,0,0,1,0,27,5
1092,0,1,0,0,0,1,1,50,5
368,0,1,0,0,0,1,0,35,5
512,0,1,0,0,0,1,1,56,5
422,0,1,0,0,0,1,1,31,5
610,0,1,0,0,0,1,1,30,5
745,0,1,0,0,0,1,1,33,5
447,0,1,0,0,0,1,0,29,5
743,0,1,0,0,0,1,0,39,5
529,0,1,0,0,0,1,1,21,5
1037,0,1,0,0,0,1,1,27,5
208,0,1,0,0,0,1,1,23,5
587,0,1,0,0,0,1,1,24,5
15,0,1,0,0,0,1,0,24,5
519,0,1,0,0,0,1,0,36,5
348,0,1,0,0,0,1,0,28,5
302,0,1,0,0,0,1,1,39,5
351,0,1,0,0,0,1,1,45,5
1066,0,1,0,0,0,1,0,30,5
1405,0,1,0,0,0,1,1,28,5
954,0,1,0,0,0,1,0,31,5
241,0,1,0,0,0,1,1,27,5
1438,0,1,0,0,0,1,0,51,5
389,0,1,0,0,0,1,1,27,5
1538,0,1,0,0,0,1,1,28,5
344,0,1,0,0,0,1,1,49,5
939,0,1,0,0,0,1,0,20,5
178,0,1,0,0,0,1,1,36,5
337,0,1,0,0,0,1,1,50,5
216,0,1,0,0,0,1,1,27,5
147,0,1,0,0,0,1,1,23,5
249,0,1,0,0,0,1,1,22,5
1190,0,1,0,0,0,1,1,45,5
822,0,1,0,0,0,1,0,25,5
213,0,1,0,0,0,1,1,29,5
758,0,1,0,0,0,1,1,28,5
1038,0,1,0,0,0,1,1,32,5
868,0,1,0,0,0,1,1,50,5
1514,0,1,0,0,0,1,1,28,5
3510,0,1,0,0,0,1,0,65,5
251,0,1,0,0,0,1,1,30,5
3405,0,1,0,0,0,1,1,29,5
364,0,1,0,0,0,1,1,46,5
757,0,1,0,0,0,1,1,21,5
515,0,1,0,0,0,1,1,25,5
214,0,1,0,0,0,1,0,36,5
1782,0,1,0,0,0,1,1,59,5
1155,0,1,0,0,0,1,1,31,5
627,0,1,0,0,0,1,1,25,5
995,0,1,0,0,0,1,0,26,5
581,0,1,0,0,0,1,1,27,5
490,0,1,0,0,0,1,1,43,5
1432,0,1,0,0,0,1,0,28,5
277,0,1,0,0,0,1,1,47,5
306,0,1,0,0,0,1,1,32,5
1993,0,1,0,0,0,1,0,27,5
395,0,1,0,0,0,1,1,48,5
423,0,1,0,0,0,1,1,34,5
395,0,1,0,0,0,1,1,28,5
460,0,1,0,0,0,1,1,47,5
714,0,1,0,0,0,1,1,36,5
560,0,1,0,0,0,1,0,30,5
1389,0,1,0,0,0,1,0,57,5
492,0,1,0,0,0,1,1,26,5
252,0,1,0,0,0,1,1,28,5
1251,0,1,0,0,0,1,1,30,5
931,0,1,0,0,0,1,1,31,5
503,0,1,0,0,0,1,1,21,5
810,0,1,0,0,0,1,0,28,5
820,0,1,0,0,0,1,0,42,5
403,0,1,0,0,0,1,0,49,5
890,0,1,0,0,0,1,1,42,5
1138,0,1,0,0,0,1,1,32,5
462,0,1,0,0,0,1,1,26,5
1415,0,1,0,0,0,1,1,24,5
259,0,1,0,0,0,1,1,56,5
425,0,1,0,0,0,1,1,29,5
382,0,1,0,0,0,1,1,40,5
747,0,1,0,0,0,1,1,34,5
879,0,1,0,0,0,1,0,39,5
1124,0,1,0,0,0,1,0,20,5
313,0,1,0,0,0,1,0,35,5
533,0,1,0,0,0,1,0,39,5
1026,0,1,0,0,0,1,1,26,5
480,0,1,0,0,0,1,0,29,5
349,0,1,0,0,0,1,1,25,5
342,0,1,0,0,0,1,1,41,5
409,0,1,0,0,0,1,0,39,5
1162,0,1,0,0,0,1,1,28,5
1458,0,1,0,0,0,1,1,56,5
748,0,1,0,0,0,1,1,30,5
880,0,1,0,0,0,1,1,56,5
961,0,1,0,0,0,1,0,44,5
278,0,1,0,0,0,1,1,35,5
3444,0,1,0,0,0,1,1,26,5
606,0,1,0,0,0,1,1,35,5
472,0,1,0,0,0,1,1,44,5
1640,0,1,0,0,0,1,1,37,5
719,0,1,0,0,0,1,1,28,5
407,0,1,0,0,0,1,0,23,5
1046,0,1,0,0,0,1,1,34,5
314,0,1,0,0,0,1,1,19,5
1085,0,1,0,0,0,1,1,46,5
629,0,1,0,0,0,1,1,25,5
543,0,1,0,0,0,1,0,42,5
294,0,1,0,0,0,1,0,34,5
587,0,1,0,0,0,1,0,42,5
812,0,1,0,0,0,1,1,29,5
738,0,1,0,0,0,1,1,26,5
190,0,1,0,0,0,1,0,30,5
440,0,1,0,0,0,1,1,35,5
239,0,1,0,0,0,1,1,35,5
624,0,1,0,0,0,1,1,22,5
2286,0,1,0,0,0,1,0,29,5
430,0,1,0,0,0,1,1,23,5
624,0,1,0,0,0,1,0,29,5
713,0,1,0,0,0,1,0,44,5
185,0,1,0,0,0,1,1,21,5
348,0,1,0,0,0,1,1,66,5
508,0,1,0,0,0,1,1,50,5
980,0,1,0,0,0,1,0,56,5
840,0,1,0,0,0,1,0,33,5
1257,0,1,0,0,0,1,0,29,5
523,0,1,0,0,0,1,0,24,5
557,0,1,0,0,0,1,1,59,5
238,0,1,0,0,0,1,1,34,5
948,0,1,0,0,0,1,0,30,5
457,0,1,0,0,0,1,0,21,5
683,0,1,0,0,0,1,1,21,5
1074,0,1,0,0,0,1,1,40,5
278,0,1,0,0,0,1,1,47,5
531,0,1,0,0,0,1,1,42,5
67,0,1,0,0,0,1,0,47,5
1479,0,1,0,0,0,1,1,24,5
249,0,1,0,0,0,1,1,25,5
1174,0,1,0,0,0,1,1,28,5
263,0,1,0,0,0,1,1,32,5
1751,0,1,0,0,0,1,1,38,5
363,0,1,0,0,0,1,1,46,5
342,0,1,0,0,0,1,0,58,5
371,0,1,0,0,0,1,1,25,5
1386,0,1,0,0,0,1,1,28,5
1352,0,1,0,0,0,1,1,28,5
474,0,1,0,0,0,1,0,48,5
173,0,1,0,0,0,1,1,33,5
649,0,1,0,0,0,1,0,27,5
558,0,1,0,0,0,1,0,51,5
479,0,1,0,0,0,1,1,26,5
2439,0,1,0,0,0,1,0,60,5
261,0,1,0,0,0,1,1,32,5
268,0,1,0,0,0,1,1,25,5
527,0,1,0,0,0,1,1,28,5
506,0,1,0,0,0,1,1,39,5
1072,0,1,0,0,0,1,1,31,5
170,0,1,0,0,0,1,1,27,5
483,0,1,0,0,0,1,1,21,5
1382,0,1,0,0,0,1,1,35,5
1484,0,1,0,0,0,1,0,25,5
2056,0,1,0,0,0,1,1,50,5
206,0,1,0,0,0,1,1,47,5
915,0,1,0,0,0,1,0,37,5
1270,0,1,0,0,0,1,0,24,5
527,0,1,0,0,0,1,0,30,5
492,0,1,0,0,0,1,1,28,5
3401,0,1,0,0,0,1,1,21,5
447,0,1,0,0,0,1,1,31,5
1084,0,1,0,0,0,1,0,47,5
222,0,1,0,0,0,1,1,50,5
862,0,1,0,0,0,1,1,26,5
1138,0,1,0,0,0,1,1,58,5
1144,0,1,0,0,0,1,1,26,5
253,0,1,0,0,0,1,1,20,5
1614,0,1,0,0,0,1,1,48,5
1159,0,1,0,0,0,1,0,35,5
571,0,1,0,0,0,1,0,36,5
589,0,1,0,0,0,1,1,38,5
945,0,1,0,0,0,1,1,25,5
1053,0,1,0,0,0,1,0,31,5
169,0,1,0,0,0,1,1,46,5
203,0,1,0,0,0,1,1,41,5
605,0,1,0,0,0,1,1,67,5
931,0,1,0,0,0,1,0,31,5
1251,0,1,0,0,0,1,0,24,5
605,0,1,0,0,0,1,1,35,5
863,0,1,0,0,0,1,1,59,5
1043,0,1,0,0,0,1,1,33,5
576,0,1,0,0,0,1,1,24,5
345,0,1,0,0,0,1,1,27,5
582,0,1,0,0,0,1,0,23,5
429,0,1,0,0,0,1,1,45,5
888,0,1,0,0,0,1,0,51,5
2442,0,1,0,0,0,1,0,29,5
533,0,1,0,0,0,1,0,22,5
597,0,1,0,0,0,1,1,42,5
1049,0,1,0,0,0,1,1,36,5
222,0,1,0,0,0,1,1,24,5
990,0,1,0,0,0,1,1,33,5
884,0,1,0,0,0,1,1,24,5
332,0,1,0,0,0,1,1,26,5
1535,0,1,0,0,0,1,0,29,5
588,0,1,0,0,0,1,0,24,5
956,0,1,0,0,0,1,1,19,5
861,0,1,0,0,0,1,0,38,5
172,0,1,0,0,0,1,1,23,5
561,0,1,0,0,0,1,1,24,5
393,0,1,0,0,0,1,1,27,5
690,0,1,0,0,0,1,1,42,5
2516,0,1,0,0,0,1,0,31,5
563,0,1,0,0,0,1,1,40,5
883,0,1,0,0,0,1,0,19,5
1113,0,1,0,0,0,1,0,35,5
1213,0,1,0,0,0,1,0,42,5
532,0,1,0,0,0,1,0,34,5
619,0,1,0,0,0,1,1,30,5
226,0,1,0,0,0,1,1,26,5
644,0,1,0,0,0,1,1,60,5
1135,0,1,0,0,0,1,1,25,5
1542,0,1,0,0,0,1,0,57,5
939,0,1,0,0,0,1,1,29,5
854,0,1,0,0,0,1,1,26,5
2127,0,1,0,0,0,1,1,32,5
1069,0,1,0,0,0,1,0,26,5
990,0,1,0,0,0,1,0,38,5
854,0,1,0,0,0,1,1,29,5
1240,0,1,0,0,0,1,0,27,5
3673,0,1,0,0,0,1,0,28,5
95,0,1,0,0,0,1,1,23,5
1157,0,1,0,0,0,1,0,41,5
258,0,1,0,0,0,1,1,28,5
1258,0,1,0,0,0,1,1,28,5
358,0,1,0,0,0,1,1,50,5
191,0,1,0,0,0,1,1,35,5
167,0,1,0,0,0,1,1,19,5
789,0,1,0,0,0,1,0,27,5
1011,0,1,0,0,0,1,0,24,5
1508,0,1,0,0,0,1,1,41,5
540,0,1,0,0,0,1,1,35,5
923,0,1,0,0,0,1,1,34,5
268,0,1,0,0,0,1,1,30,5
1834,0,1,0,0,0,1,0,33,5
568,0,1,0,0,0,1,0,26,5
1273,0,1,0,0,0,1,0,24,5
11,0,1,0,0,0,1,0,30,5
527,0,1,0,0,0,1,0,34,5
394,0,1,0,0,0,1,1,23,5
226,0,1,0,0,0,1,1,54,5
683,0,1,0,0,0,1,0,30,5
225,0,1,0,0,0,1,1,31,5
1266,0,1,0,0,0,1,1,22,5
502,0,1,0,0,0,1,1,18,5
166,0,1,0,0,0,1,1,29,5
533,0,1,0,0,0,1,0,40,5
836,0,1,0,0,0,1,0,41,5
45,0,1,0,0,0,1,1,31,5
619,0,1,0,0,0,1,1,43,5
204,0,1,0,0,0,1,1,21,5
624,0,1,0,0,0,1,1,20,5
638,0,1,0,0,0,1,1,31,5
174,0,1,0,0,0,1,1,23,5
771,0,1,0,0,0,1,1,54,5
391,0,1,0,0,0,1,1,37,5
536,0,1,0,0,0,1,1,20,5
1564,0,1,0,0,0,1,1,40,5
963,0,1,0,0,0,1,1,34,5
773,0,1,0,0,0,1,0,54,5
3596,0,1,0,0,0,1,1,52,5
396,0,1,0,0,0,1,1,43,5
48,0,1,0,0,0,1,0,53,5
1269,0,1,0,0,0,1,0,27,5
333,0,1,0,0,0,1,1,47,5
1263,0,1,0,0,0,1,0,31,5
884,0,1,0,0,0,1,1,25,5
446,0,1,0,0,0,1,1,23,5
1051,0,1,0,0,0,1,1,30,5
831,0,1,0,0,0,1,0,36,5
812,0,1,0,0,0,1,1,29,5
471,0,1,0,0,0,1,1,27,5
1534,0,1,0,0,0,1,0,53,5
38,0,1,0,0,0,1,1,33,5
519,0,1,0,0,0,1,0,35,5
230,0,1,0,0,0,1,1,24,5
1237,0,1,0,0,0,1,1,27,5
1116,0,1,0,0,0,1,1,39,5
707,0,1,0,0,0,1,1,31,5
767,0,1,0,0,0,1,1,23,5
414,0,1,0,0,0,1,0,33,5
1317,0,1,0,0,0,1,1,21,5
409,0,1,0,0,0,1,1,26,5
966,0,1,0,0,0,1,0,27,5
249,0,1,0,0,0,1,1,30,5
1430,0,1,0,0,0,1,0,28,5
483,0,1,0,0,0,1,0,24,5
1527,0,1,0,0,0,1,1,23,5
377,0,1,0,0,0,1,1,23,5
805,0,1,0,0,0,1,1,31,5
1348,0,1,0,0,0,1,1,26,5
189,0,1,0,0,0,1,1,23,5
424,0,1,0,0,0,1,1,23,5
1501,0,1,0,0,0,1,1,30,5
535,0,1,0,0,0,1,0,28,5
661,0,1,0,0,0,1,1,47,5
873,0,1,0,0,0,1,0,52,5
419,0,1,0,0,0,1,1,29,5
1042,0,1,0,0,0,1,0,30,5
491,0,1,0,0,0,1,0,25,5
896,0,1,0,0,0,1,1,18,5
788,0,1,0,0,0,1,1,35,5
440,0,1,0,0,0,1,1,24,5
434,0,1,0,0,0,1,1,30,5
159,0,1,0,0,0,1,1,60,5
141,0,1,0,0,0,1,1,27,5
1101,0,1,0,0,0,1,0,35,5
164,0,1,0,0,0,1,1,30,5
767,0,1,0,0,0,1,1,30,5
339,0,1,0,0,0,1,0,31,5
1501,0,1,0,0,0,1,1,27,5
469,0,1,0,0,0,1,1,31,5
446,0,1,0,0,0,1,0,32,5
377,0,1,0,0,0,1,1,58,5
1853,0,1,0,0,0,1,1,30,5
532,0,1,0,0,0,1,1,27,5
686,0,1,0,0,0,1,1,28,5
435,0,1,0,0,0,1,1,27,5
2150,0,1,0,0,0,1,0,29,5
955,0,1,0,0,0,1,1,36,5
394,0,1,0,0,0,1,1,30,5
13028,0,1,0,0,0,1,0,54,5
994,0,1,0,0,0,1,1,54,5
320,0,1,0,0,0,1,1,25,5
1062,0,1,0,0,0,1,1,23,5
409,0,1,0,0,0,1,1,25,5
838,0,1,0,0,0,1,0,29,5
1148,0,1,0,0,0,1,0,32,5
443,0,1,0,0,0,1,0,27,5
785,0,1,0,0,0,1,1,32,5
376,0,1,0,0,0,1,1,29,5
258,0,1,0,0,0,1,0,25,5
582,0,1,0,0,0,1,1,24,5
429,0,1,0,0,0,1,1,48,5
1294,0,1,0,0,0,1,1,59,5
742,0,1,0,0,0,1,1,33,5
278,0,1,0,0,0,1,1,34,5
213,0,1,0,0,0,1,1,27,5
1044,0,1,0,0,0,1,1,24,5
326,0,1,0,0,0,1,1,29,5
2588,0,1,0,0,0,1,1,21,5
2782,0,1,0,0,0,1,0,25,5
2184,0,1,0,0,0,1,1,36,5
670,0,1,0,0,0,1,1,24,5
1062,0,1,0,0,0,1,1,23,5
981,0,1,0,0,0,1,1,22,5
210,0,1,0,0,0,1,1,42,5
574,0,1,0,0,0,1,0,44,5
826,0,1,0,0,0,1,1,36,5
1067,0,1,0,0,0,1,0,29,5
322,0,1,0,0,0,1,1,27,5
1288,0,1,0,0,0,1,0,28,5
548,0,1,0,0,0,1,1,21,5
691,0,1,0,0,0,1,1,43,5
1173,0,1,0,0,0,1,1,23,5
71,0,1,0,0,0,1,1,60,5
31,0,1,0,0,0,1,1,24,5
815,0,1,0,0,0,1,0,26,5
1284,0,1,0,0,0,1,0,26,5
319,0,1,0,0,0,1,1,28,5
887,0,1,0,0,0,1,0,49,5
517,0,1,0,0,0,1,1,25,5
677,0,1,0,0,0,1,1,59,5
1887,0,1,0,0,0,1,1,33,5
417,0,1,0,0,0,1,0,31,5
465,0,1,0,0,0,1,1,22,5
907,0,1,0,0,0,1,1,29,5
354,0,1,0,0,0,1,0,29,5
1308,0,1,0,0,0,1,1,43,5
720,0,1,0,0,0,1,1,43,5
359,0,1,0,0,0,1,1,55,5
749,0,1,0,0,0,1,0,22,5
1009,0,1,0,0,0,1,1,31,5
953,0,1,0,0,0,1,0,29,5
373,0,1,0,0,0,1,1,28,5
805,0,1,0,0,0,1,1,29,5
398,0,1,0,0,0,1,1,32,5
451,0,1,0,0,0,1,1,29,5
229,0,1,0,0,0,1,1,33,5
625,0,1,0,0,0,1,0,25,5
184,0,1,0,0,0,1,1,35,5
942,0,1,0,0,0,1,1,25,5
2224,0,1,0,0,0,1,1,25,5
575,0,1,0,0,0,1,0,24,5
1101,0,1,0,0,0,1,1,26,5
381,0,1,0,0,0,1,1,51,5
179,0,1,0,0,0,1,0,33,5
911,0,1,0,0,0,1,0,53,5
252,0,1,0,0,0,1,1,33,5
268,0,1,0,0,0,1,0,24,5
417,0,1,0,0,0,1,1,41,5
331,0,1,0,0,0,1,1,33,5
458,0,1,0,0,0,1,0,30,5
618,0,1,0,0,0,1,1,28,5
388,0,1,0,0,0,1,1,19,5
531,0,1,0,0,0,1,1,29,5
675,0,1,0,0,0,1,1,23,5
240,0,1,0,0,0,1,0,30,5
370,0,1,0,0,0,1,1,59,5
262,0,1,0,0,0,1,1,45,5
915,0,1,0,0,0,1,1,36,5
269,0,1,0,0,0,1,1,40,5
286,0,1,0,0,0,1,1,33,5
739,0,1,0,0,0,1,1,23,5
755,0,1,0,0,0,1,1,18,5
753,0,1,0,0,0,1,1,32,5
633,0,1,0,0,0,1,0,26,5
100,0,1,0,0,0,1,1,31,5
355,0,1,0,0,0,1,1,29,5
596,0,1,0,0,0,1,1,43,5
1060,0,1,0,0,0,1,0,22,5
997,0,1,0,0,0,1,0,56,5
952,0,1,0,0,0,1,0,25,5
208,0,1,0,0,0,1,1,29,5
474,0,1,0,0,0,1,0,30,5
584,0,1,0,0,0,1,0,38,5
340,0,1,0,0,0,1,0,23,5
1589,0,1,0,0,0,1,1,29,5
981,0,1,0,0,0,1,0,22,5
1518,0,1,0,0,0,1,1,48,5
1202,0,1,0,0,0,1,1,29,5
849,0,1,0,0,0,1,1,56,5
275,0,1,0,0,0,1,1,34,5
349,0,1,0,0,0,1,1,38,5
498,0,1,0,0,0,1,1,29,5
986,0,1,0,0,0,1,0,25,5
714,0,1,0,0,0,1,0,21,5
947,0,1,0,0,0,1,1,63,5
208,0,1,0,0,0,1,1,31,5
792,0,1,0,0,0,1,1,40,5
626,0,1,0,0,0,1,1,35,5
998,0,1,0,0,0,1,1,36,5
1293,0,1,0,0,0,1,0,29,5
1162,0,1,0,0,0,1,1,31,5
1113,0,1,0,0,0,1,0,25,5
382,0,1,0,0,0,1,1,23,5
169,0,1,0,0,0,1,1,50,5
670,0,1,0,0,0,1,1,22,5
402,0,1,0,0,0,1,1,47,5
611,0,1,0,0,0,1,1,31,5
317,0,1,0,0,0,1,1,24,5
366,0,1,0,0,0,1,1,60,5
1263,0,1,0,0,0,1,0,22,5
650,0,1,0,0,0,1,1,22,5
1051,0,1,0,0,0,1,1,26,5
534,0,1,0,0,0,1,1,26,5
544,0,1,0,0,0,1,1,32,5
559,0,1,0,0,0,1,1,24,5
779,0,1,0,0,0,1,0,54,5
176,0,1,0,0,0,1,1,35,5
708,0,1,0,0,0,1,0,28,5
674,0,1,0,0,0,1,0,32,5
240,0,1,0,0,0,1,1,27,5
910,0,1,0,0,0,1,0,56,5
888,0,1,0,0,0,1,1,26,5
685,0,1,0,0,0,1,0,27,5
1223,0,1,0,0,0,1,0,28,5
976,0,1,0,0,0,1,1,31,5
973,0,1,0,0,0,1,0,27,5
635,0,1,0,0,0,1,1,56,5
632,0,1,0,0,0,1,0,27,5
1216,0,1,0,0,0,1,1,21,5
148,0,1,0,0,0,1,1,62,5
1161,0,1,0,0,0,1,0,24,5
1079,0,1,0,0,0,1,1,28,5
1188,0,1,0,0,0,1,1,40,5
492,0,1,0,0,0,1,1,58,5
617,0,1,0,0,0,1,0,29,5
1516,0,1,0,0,0,1,0,27,5
311,0,1,0,0,0,1,0,22,5
723,0,1,0,0,0,1,0,34,5
319,0,1,0,0,0,1,1,30,5
412,0,1,0,0,0,1,1,28,5
147,0,1,0,0,0,1,1,36,5
1407,0,1,0,0,0,1,1,26,5
7083,0,1,0,0,0,1,0,38,5
1167,0,1,0,0,0,1,1,28,5
697,0,1,0,0,0,1,1,33,5
1213,0,1,0,0,0,1,1,31,5
840,0,1,0,0,0,1,0,29,5
879,0,1,0,0,0,1,0,36,5
1910,0,1,0,0,0,1,1,28,5
934,0,1,0,0,0,1,1,42,5
699,0,1,0,0,0,1,1,44,5
1487,0,1,0,0,0,1,1,18,5
696,0,1,0,0,0,1,0,49,5
732,0,1,0,0,0,1,1,30,5
848,0,1,0,0,0,1,0,21,5
300,0,1,0,0,0,1,1,20,5
1576,0,1,0,0,0,1,1,41,5
112,0,1,0,0,0,1,1,22,5
238,0,1,0,0,0,1,1,40,5
530,0,1,0,0,0,1,1,34,5
633,0,1,0,0,0,1,1,28,5
428,0,1,0,0,0,1,1,29,5
596,0,1,0,0,0,1,1,50,5
473,0,1,0,0,0,1,0,45,5
587,0,1,0,0,0,1,1,38,5
542,0,1,0,0,0,1,1,18,5
354,0,1,0,0,0,1,0,33,5
526,0,1,0,0,0,1,1,26,5
481,0,1,0,0,0,1,0,30,5
697,0,1,0,0,0,1,1,27,5
199,0,1,0,0,0,1,1,59,5
2955,0,1,0,0,0,1,1,23,5
385,0,1,0,0,0,1,1,30,5
776,0,1,0,0,0,1,0,41,5
566,0,1,0,0,0,1,1,40,5
1123,0,1,0,0,0,1,0,29,5
632,0,1,0,0,0,1,1,26,5
1364,0,1,0,0,0,1,1,40,5
625,0,1,0,0,0,1,1,42,5
622,0,1,0,0,0,1,1,29,5
253,0,1,0,0,0,1,1,55,5
253,0,1,0,0,0,1,1,20,5
1442,0,1,0,0,0,1,1,24,5
1068,0,1,0,0,0,1,1,29,5
785,0,1,0,0,0,1,1,32,5
261,0,1,0,0,0,1,1,26,5
310,0,1,0,0,0,1,1,31,5
1884,0,1,0,0,0,1,1,29,5
661,0,1,0,0,0,1,0,31,5
570,0,1,0,0,0,1,1,26,5
271,0,1,0,0,0,1,1,35,5
347,0,1,0,0,0,1,1,39,5
530,0,1,0,0,0,1,1,31,5
1248,0,1,0,0,0,1,0,26,5
751,0,1,0,0,0,1,1,59,5
1323,0,1,0,0,0,1,0,56,5
7,0,1,0,0,0,1,1,36,5
1087,0,1,0,0,0,1,1,31,5
389,0,1,0,0,0,1,0,24,5
268,0,1,0,0,0,1,0,36,5
516,0,1,0,0,0,1,1,26,5
168,0,1,0,0,0,1,1,29,5
850,0,1,0,0,0,1,1,36,5
641,0,1,0,0,0,1,0,34,5
412,0,1,0,0,0,1,0,42,5
478,0,1,0,0,0,1,0,30,5
282,0,1,0,0,0,1,1,37,5
1382,0,1,0,0,0,1,1,28,5
1102,0,1,0,0,0,1,1,20,5
697,0,1,0,0,0,1,1,49,5
1088,0,1,0,0,0,1,0,32,5
642,0,1,0,0,0,1,0,31,5
301,0,1,0,0,0,1,1,29,5
3666,0,1,0,0,0,1,0,26,5
228,0,1,0,0,0,1,0,33,5
300,0,1,0,0,0,1,1,43,5
712,0,1,0,0,0,1,1,20,5
276,0,1,0,0,0,1,1,28,5
172,0,1,0,0,0,1,1,21,5
1159,0,1,0,0,0,1,1,59,5
161,0,1,0,0,0,1,1,26,5
632,0,1,0,0,0,1,0,36,5
624,0,1,0,0,0,1,0,26,5
384,0,1,0,0,0,1,1,50,5
962,0,1,0,0,0,1,0,26,5
476,0,1,0,0,0,1,1,26,5
1334,0,1,0,0,0,1,1,28,5
1620,0,1,0,0,0,1,1,35,5
986,0,1,0,0,0,1,1,33,5
1052,0,1,0,0,0,1,0,57,5
903,0,1,0,0,0,1,0,29,5
1222,0,1,0,0,0,1,0,27,5
426,0,1,0,0,0,1,1,28,5
257,0,1,0,0,0,1,1,27,5
479,0,1,0,0,0,1,0,26,5
1379,0,1,0,0,0,1,0,28,5
1634,0,1,0,0,0,1,1,29,5
128,0,1,0,0,0,1,1,29,5
393,0,1,0,0,0,1,0,27,5
416,0,1,0,0,0,1,1,31,5
311,0,1,0,0,0,1,1,46,5
1669,0,1,0,0,0,1,1,58,5
137,0,1,0,0,0,1,1,49,5
380,0,1,0,0,0,1,0,55,5
696,0,1,0,0,0,1,1,28,5
522,0,1,0,0,0,1,0,33,5
1325,0,1,0,0,0,1,0,59,5
1251,0,1,0,0,0,1,1,39,5
2036,0,1,0,0,0,1,1,24,5
397,0,1,0,0,0,1,1,23,5
495,0,1,0,0,0,1,1,59,5
482,0,1,0,0,0,1,1,28,5
1421,0,1,0,0,0,1,1,30,5
1140,0,1,0,0,0,1,0,25,5
1044,0,1,0,0,0,1,1,24,5
1243,0,1,0,0,0,1,1,42,5
409,0,1,0,0,0,1,1,49,5
1873,0,1,0,0,0,1,0,24,5
2445,0,1,0,0,0,1,1,48,5
859,0,1,0,0,0,1,1,25,5
703,0,1,0,0,0,1,1,25,5
401,0,1,0,0,0,1,1,51,5
332,0,1,0,0,0,1,1,46,5
623,0,1,0,0,0,1,0,41,5
420,0,1,0,0,0,1,1,33,5
2568,0,1,0,0,0,1,0,23,5
520,0,1,0,0,0,1,1,25,5
337,0,1,0,0,0,1,0,24,5
323,0,1,0,0,0,1,0,38,5
499,0,1,0,0,0,1,1,29,5
935,0,1,0,0,0,1,1,36,5
858,0,1,0,0,0,1,1,24,5
285,0,1,0,0,0,1,1,30,5
1208,0,1,0,0,0,1,1,31,5
534,0,1,0,0,0,1,0,27,5
326,0,1,0,0,0,1,1,20,5
918,0,1,0,0,0,1,1,29,5
968,0,1,0,0,0,1,1,53,5
433,0,1,0,0,0,1,1,48,5
488,0,1,0,0,0,1,1,26,5
513,0,1,0,0,0,1,1,36,5
1093,0,1,0,0,0,1,0,27,5
22,0,1,0,0,0,1,0,53,5
1233,0,1,0,0,0,1,0,56,5
1469,0,1,0,0,0,1,1,40,5
631,0,1,0,0,0,1,1,29,5
507,0,1,0,0,0,1,1,25,5
729,0,1,0,0,0,1,1,29,5
148,0,1,0,0,0,1,1,23,5
167,0,1,0,0,0,1,1,40,5
199,0,1,0,0,0,1,1,39,5
634,0,1,0,0,0,1,1,47,5
975,0,1,0,0,0,1,1,34,5
229,0,1,0,0,0,1,1,20,5
255,0,1,0,0,0,1,1,66,5
14,0,1,0,0,0,1,1,54,5
553,0,1,0,0,0,1,1,56,5
625,0,1,0,0,0,1,1,30,5
1585,0,1,0,0,0,1,0,63,5
381,0,1,0,0,0,1,0,28,5
15,0,1,0,0,0,1,0,26,5
632,0,1,0,0,0,1,1,30,5
1004,0,1,0,0,0,1,1,35,5
294,0,1,0,0,0,1,0,29,5
512,0,1,0,0,0,1,1,19,5
1159,0,1,0,0,0,1,1,25,5
1098,0,1,0,0,0,1,1,27,5
287,0,1,0,0,0,1,0,45,5
670,0,1,0,0,0,1,1,37,5
3534,0,1,0,0,0,1,0,31,5
281,0,1,0,0,0,1,0,24,5
520,0,1,0,0,0,1,0,26,5
703,0,1,0,0,0,1,1,24,5
803,0,1,0,0,0,1,0,29,5
103,0,1,0,0,0,1,1,25,5
1506,0,1,0,0,0,1,1,33,5
368,0,1,0,0,0,1,0,21,5
1516,0,1,0,0,0,1,0,56,5
406,0,1,0,0,0,1,0,35,5
1045,0,1,0,0,0,1,1,59,5
274,0,1,0,0,0,1,1,20,5
1775,0,1,0,0,0,1,0,42,5
289,0,1,0,0,0,1,1,50,5
489,0,1,0,0,0,1,1,23,5
414,0,1,0,0,0,1,1,55,5
1350,0,1,0,0,0,1,1,30,5
354,0,1,0,0,0,1,1,25,5
365,0,1,0,0,0,1,1,43,5
552,0,1,0,0,0,1,1,26,5
1101,0,1,0,0,0,1,1,34,5
614,0,1,0,0,0,1,0,24,5
176,0,1,0,0,0,1,1,30,5
226,0,1,0,0,0,1,1,23,5
545,0,1,0,0,0,1,1,30,5
413,0,1,0,0,0,1,1,33,5
1382,0,1,0,0,0,1,0,23,5
485,0,1,0,0,0,1,1,49,5
1378,0,1,0,0,0,1,0,49,5
933,0,1,0,0,0,1,1,23,5
618,0,1,0,0,0,1,1,41,5
575,0,1,0,0,0,1,1,30,5
207,0,1,0,0,0,1,1,23,5
1772,0,1,0,0,0,1,1,43,5
750,0,1,0,0,0,1,1,31,5
718,0,1,0,0,0,1,1,30,5
265,0,1,0,0,0,1,1,42,5
394,0,1,0,0,0,1,1,28,5
1343,0,1,0,0,0,1,1,53,5
566,0,1,0,0,0,1,1,35,5
281,0,1,0,0,0,1,1,35,5
552,0,1,0,0,0,1,1,30,5
736,0,1,0,0,0,1,1,52,5
599,0,1,0,0,0,1,1,30,5
942,0,1,0,0,0,1,0,54,5
491,0,1,0,0,0,1,0,32,5
527,0,1,0,0,0,1,0,32,5
428,0,1,0,0,0,1,1,43,5
1070,0,1,0,0,0,1,0,24,5
866,0,1,0,0,0,1,0,38,5
459,0,1,0,0,0,1,1,45,5
1200,0,1,0,0,0,1,0,32,5
93,0,1,0,0,0,1,1,32,5
211,0,1,0,0,0,1,1,30,5
1529,0,1,0,0,0,1,1,31,5
1181,0,1,0,0,0,1,0,28,5
401,0,1,0,0,0,1,1,39,5
312,0,1,0,0,0,1,1,55,5
815,0,1,0,0,0,1,0,27,5
518,0,1,0,0,0,1,0,33,5
616,0,1,0,0,0,1,0,31,5
2377,0,1,0,0,0,1,1,22,5
346,0,1,0,0,0,1,1,29,5
780,0,1,0,0,0,1,1,59,5
1202,0,1,0,0,0,1,1,28,5
203,0,1,0,0,0,1,1,50,5
943,0,1,0,0,0,1,1,63,5
423,0,1,0,0,0,1,1,30,5
680,0,1,0,0,0,1,0,27,5
2608,0,1,0,0,0,1,0,29,5
1885,0,1,0,0,0,1,0,55,5
191,0,1,0,0,0,1,0,25,5
531,0,1,0,0,0,1,1,26,5
240,0,1,0,0,0,1,1,48,5
790,0,1,0,0,0,1,0,28,5
915,0,1,0,0,0,1,1,50,5
331,0,1,0,0,0,1,1,39,5
1620,0,1,0,0,0,1,0,50,5
5640,0,1,0,0,0,1,0,33,5
465,0,1,0,0,0,1,1,34,5
312,0,1,0,0,0,1,1,28,5
523,0,1,0,0,0,1,1,60,5
172,0,1,0,0,0,1,1,19,5
693,0,1,0,0,0,1,1,38,5
637,0,1,0,0,0,1,1,27,5
418,0,1,0,0,0,1,1,26,5
1046,0,1,0,0,0,1,1,44,5
1552,0,1,0,0,0,1,1,33,5
314,0,1,0,0,0,1,1,47,5
779,0,1,0,0,0,1,1,26,5
407,0,1,0,0,0,1,0,25,5
835,0,1,0,0,0,1,1,26,5
643,0,1,0,0,0,1,1,23,5
1131,0,1,0,0,0,1,0,25,5
626,0,1,0,0,0,1,1,29,5
955,0,1,0,0,0,1,0,28,5
1856,0,1,0,0,0,1,1,29,5
1911,0,1,0,0,0,1,1,41,5
2229,0,1,0,0,0,1,0,31,5
682,0,1,0,0,0,1,0,44,5
571,0,1,0,0,0,1,1,30,5
350,0,1,0,0,0,1,1,29,5
1253,0,1,0,0,0,1,1,28,5
501,0,1,0,0,0,1,0,30,5
347,0,1,0,0,0,1,1,39,5
364,0,1,0,0,0,1,0,22,5
1333,0,1,0,0,0,1,1,45,5
347,0,1,0,0,0,1,1,51,5
2229,0,1,0,0,0,1,1,27,5
334,0,1,0,0,0,1,1,52,5
7,0,1,0,0,0,1,1,25,5
644,0,1,0,0,0,1,1,34,5
516,0,1,0,0,0,1,0,39,5
969,0,1,0,0,0,1,1,44,5
858,0,1,0,0,0,1,1,35,5
2916,0,1,0,0,0,1,1,31,5
630,0,1,0,0,0,1,1,30,5
1114,0,1,0,0,0,1,0,34,5
738,0,1,0,0,0,1,1,21,5
1513,0,1,0,0,0,1,1,28,5
1019,0,1,0,0,0,1,0,56,5
1310,0,1,0,0,0,1,1,24,5
271,0,1,0,0,0,1,1,24,5
416,0,1,0,0,0,1,0,38,5
839,0,1,0,0,0,1,1,70,5
1357,0,1,0,0,0,1,1,26,5
898,0,1,0,0,0,1,0,46,5
929,0,1,0,0,0,1,0,22,5
309,0,1,0,0,0,1,1,23,5
732,0,1,0,0,0,1,1,19,5
1341,0,1,0,0,0,1,1,33,5
959,0,1,0,0,0,1,1,48,5
296,0,1,0,0,0,1,0,21,5
672,0,1,0,0,0,1,1,33,5
1224,0,1,0,0,0,1,1,21,5
452,0,1,0,0,0,1,0,43,5
593,0,1,0,0,0,1,0,25,5
849,0,1,0,0,0,1,1,31,5
251,0,1,0,0,0,1,1,30,5
553,0,1,0,0,0,1,1,57,5
893,0,1,0,0,0,1,0,50,5
351,0,1,0,0,0,1,0,25,5
1144,0,1,0,0,0,1,1,36,5
269,0,1,0,0,0,1,1,28,5
972,0,1,0,0,0,1,1,29,5
696,0,1,0,0,0,1,1,26,5
503,0,1,0,0,0,1,0,23,5
644,0,1,0,0,0,1,1,23,5
1356,0,1,0,0,0,1,1,28,5
869,0,1,0,0,0,1,1,28,5
166,0,1,0,0,0,1,1,26,5
283,0,1,0,0,0,1,0,28,5
573,0,1,0,0,0,1,1,24,5
420,0,1,0,0,0,1,1,27,5
248,0,1,0,0,0,1,0,54,5
799,0,1,0,0,0,1,1,28,5
268,0,1,0,0,0,1,1,29,5
1348,0,1,0,0,0,1,1,36,5
641,0,1,0,0,0,1,1,30,5
672,0,1,0,0,0,1,0,51,5
1123,0,1,0,0,0,1,1,33,5
285,0,1,0,0,0,1,1,53,5
300,0,1,0,0,0,1,1,22,5
506,0,1,0,0,0,1,0,54,5
1100,0,1,0,0,0,1,1,29,5
538,0,1,0,0,0,1,1,31,5
1850,0,1,0,0,0,1,1,41,5
1237,0,1,0,0,0,1,1,31,5
165,0,1,0,0,0,1,0,31,5
461,0,1,0,0,0,1,1,26,5
213,0,1,0,0,0,1,1,53,5
946,0,1,0,0,0,1,1,33,5
253,0,1,0,0,0,1,1,27,5
660,0,1,0,0,0,1,1,25,5
650,0,1,0,0,0,1,0,45,5
168,0,1,0,0,0,1,0,59,5
316,0,1,0,0,0,1,0,32,5
408,0,1,0,0,0,1,1,53,5
280,0,1,0,0,0,1,1,30,5
465,0,1,0,0,0,1,0,30,5
831,0,1,0,0,0,1,1,27,5
805,0,1,0,0,0,1,1,26,5
559,0,1,0,0,0,1,1,28,5
365,0,1,0,0,0,1,1,21,5
337,0,1,0,0,0,1,0,29,5
429,0,1,0,0,0,1,0,28,5
908,0,1,0,0,0,1,1,36,5
2775,0,1,0,0,0,1,1,48,5
479,0,1,0,0,0,1,1,23,5
122,0,1,0,0,0,1,1,29,5
394,0,1,0,0,0,1,0,38,5
411,0,1,0,0,0,1,1,27,5
523,0,1,0,0,0,1,1,30,5
680,0,1,0,0,0,1,0,23,5
290,0,1,0,0,0,1,0,20,5
247,0,1,0,0,0,1,0,23,5
438,0,1,0,0,0,1,1,25,5
832,0,1,0,0,0,1,1,25,5
105,0,1,0,0,0,1,1,20,5
1631,0,1,0,0,0,1,0,48,5
1311,0,1,0,0,0,1,1,18,5
120,0,1,0,0,0,1,1,25,5
840,0,1,0,0,0,1,1,23,5
290,0,1,0,0,0,1,0,24,5
819,0,1,0,0,0,1,0,28,5
868,0,1,0,0,0,1,1,34,5
1246,0,1,0,0,0,1,0,29,5
503,0,1,0,0,0,1,1,31,5
480,0,1,0,0,0,1,0,48,5
1018,0,1,0,0,0,1,0,39,5
1045,0,1,0,0,0,1,1,29,5
743,0,1,0,0,0,1,1,29,5
1451,0,1,0,0,0,1,1,39,5
171,0,1,0,0,0,1,1,25,5
960,0,1,0,0,0,1,1,27,5
576,0,1,0,0,0,1,1,29,5
1757,0,1,0,0,0,1,0,29,5
214,0,1,0,0,0,1,1,32,5
886,0,1,0,0,0,1,0,49,5
550,0,1,0,0,0,1,1,23,5
957,0,1,0,0,0,1,1,31,5
1244,0,1,0,0,0,1,0,24,5
185,0,1,0,0,0,1,1,19,5
462,0,1,0,0,0,1,1,24,5
602,0,1,0,0,0,1,0,23,5
1019,0,1,0,0,0,1,0,25,5
568,0,1,0,0,0,1,0,28,5
406,0,1,0,0,0,1,1,27,5
1250,0,1,0,0,0,1,1,25,5
1062,0,1,0,0,0,1,1,26,5
942,0,1,0,0,0,1,1,34,5
300,0,1,0,0,0,1,1,21,5
620,0,1,0,0,0,1,1,44,5
1479,0,1,0,0,0,1,1,28,5
580,0,1,0,0,0,1,1,70,5
196,0,1,0,0,0,1,1,25,5
584,0,1,0,0,0,1,0,18,5
1988,0,1,0,0,0,1,1,33,5
350,0,1,0,0,0,1,1,29,5
812,0,1,0,0,0,1,1,30,5
512,0,1,0,0,0,1,1,31,5
873,0,1,0,0,0,1,0,34,5
432,0,1,0,0,0,1,1,24,5
611,0,1,0,0,0,1,0,53,5
389,0,1,0,0,0,1,0,45,5
124,0,1,0,0,0,1,0,40,5
3514,0,1,0,0,0,1,1,60,5
1596,0,1,0,0,0,1,1,21,5
663,0,1,0,0,0,1,1,35,5
590,0,1,0,0,0,1,1,26,5
1344,0,1,0,0,0,1,1,28,5
863,0,1,0,0,0,1,0,26,5
561,0,1,0,0,0,1,0,28,5
1738,0,1,0,0,0,1,0,44,5
141,0,1,0,0,0,1,0,22,5
1337,0,1,0,0,0,1,1,31,5
1394,0,1,0,0,0,1,1,30,5
341,0,1,0,0,0,1,0,26,5
1007,0,1,0,0,0,1,1,33,5
917,0,1,0,0,0,1,1,34,5
2686,0,1,0,0,0,1,1,47,5
439,0,1,0,0,0,1,1,23,5
161,0,1,0,0,0,1,1,29,5
921,0,1,0,0,0,1,0,31,5
1018,0,1,0,0,0,1,1,31,5
2,0,1,0,0,0,1,1,28,5
434,0,1,0,0,0,1,1,29,5
917,0,1,0,0,0,1,1,20,5
1238,0,1,0,0,0,1,0,51,5
847,0,1,0,0,0,1,0,25,5
524,0,1,0,0,0,1,0,32,5
805,0,1,0,0,0,1,1,33,5
471,0,1,0,0,0,1,1,28,5
1143,0,1,0,0,0,1,0,22,5
534,0,1,0,0,0,1,1,29,5
154,0,1,0,0,0,1,1,39,5
1255,0,1,0,0,0,1,1,63,5
398,0,1,0,0,0,1,1,24,5
499,0,1,0,0,0,1,0,38,5
905,0,1,0,0,0,1,0,53,5
308,0,1,0,0,0,1,1,40,5
844,0,1,0,0,0,1,1,33,5
435,0,1,0,0,0,1,0,36,5
285,0,1,0,0,0,1,1,35,5
536,0,1,0,0,0,1,0,28,5
452,0,1,0,0,0,1,1,34,5
1438,0,1,0,0,0,1,1,20,5
815,0,1,0,0,0,1,0,29,5
314,0,1,0,0,0,1,1,24,5
612,0,1,0,0,0,1,1,39,5
1038,0,1,0,0,0,1,1,29,5
619,0,1,0,0,0,1,1,23,5
286,0,1,0,0,0,1,1,47,5
1091,0,1,0,0,0,1,0,27,5
338,0,1,0,0,0,1,0,24,5
1624,0,1,0,0,0,1,1,23,5
9,0,1,0,0,0,1,1,29,5
411,0,1,0,0,0,1,1,29,5
426,0,1,0,0,0,1,1,26,5
346,0,1,0,0,0,1,1,33,5
424,0,1,0,0,0,1,0,24,5
836,0,1,0,0,0,1,1,31,5
1599,0,1,0,0,0,1,0,56,5
190,0,1,0,0,0,1,1,23,5
1441,0,1,0,0,0,1,1,39,5
1072,0,1,0,0,0,1,0,31,5
20,0,1,0,0,0,1,1,60,5
226,0,1,0,0,0,1,1,19,5
924,0,1,0,0,0,1,0,32,5
937,0,1,0,0,0,1,0,31,5
435,0,1,0,0,0,1,1,39,5
640,0,1,0,0,0,1,0,30,5
530,0,1,0,0,0,1,1,36,5
1207,0,1,0,0,0,1,1,24,5
388,0,1,0,0,0,1,0,55,5
818,0,1,0,0,0,1,1,63,5
957,0,1,0,0,0,1,1,57,5
337,0,1,0,0,0,1,1,34,5
832,0,1,0,0,0,1,1,28,5
852,0,1,0,0,0,1,0,28,5
263,0,1,0,0,0,1,1,25,5
1930,0,1,0,0,0,1,0,39,5
422,0,1,0,0,0,1,0,37,5
422,0,1,0,0,0,1,1,30,5
757,0,1,0,0,0,1,1,30,5
328,0,1,0,0,0,1,1,24,5
420,0,1,0,0,0,1,1,29,5
188,0,1,0,0,0,1,1,41,5
713,0,1,0,0,0,1,1,27,5
557,0,1,0,0,0,1,1,37,5
265,0,1,0,0,0,1,1,27,5
472,0,1,0,0,0,1,1,54,5
1128,0,1,0,0,0,1,0,27,5
3845,0,1,0,0,0,1,1,27,5
376,0,1,0,0,0,1,0,32,5
535,0,1,0,0,0,1,1,45,5
436,0,1,0,0,0,1,1,25,5
1262,0,1,0,0,0,1,1,36,5
337,0,1,0,0,0,1,1,26,5
444,0,1,0,0,0,1,1,42,5
331,0,1,0,0,0,1,1,24,5
2234,0,1,0,0,0,1,1,52,5
490,0,1,0,0,0,1,1,27,5
508,0,1,0,0,0,1,1,29,5
352,0,1,0,0,0,1,1,56,5
1389,0,1,0,0,0,1,0,24,5
1055,0,1,0,0,0,1,0,55,5
168,0,1,0,0,0,1,1,29,5
361,0,1,0,0,0,1,0,25,5
1005,0,1,0,0,0,1,1,25,5
1740,0,1,0,0,0,1,0,24,5
644,0,1,0,0,0,1,1,59,5
1216,0,1,0,0,0,1,1,30,5
359,0,1,0,0,0,1,1,66,5
1146,0,1,0,0,0,1,0,23,5
287,0,1,0,0,0,1,1,56,5
472,0,1,0,0,0,1,1,25,5
1337,0,1,0,0,0,1,1,20,5
267,0,1,0,0,0,1,1,25,5
481,0,1,0,0,0,1,1,31,5
533,0,1,0,0,0,1,1,26,5
96,0,1,0,0,0,1,1,33,5
484,0,1,0,0,0,1,0,28,5
438,0,1,0,0,0,1,1,29,5
292,0,1,0,0,0,1,1,25,5
590,0,1,0,0,0,1,1,25,5
678,0,1,0,0,0,1,0,25,5
8,0,1,0,0,0,1,1,31,5
1031,0,1,0,0,0,1,0,29,5
669,0,1,0,0,0,1,1,29,5
689,0,1,0,0,0,1,1,22,5
273,0,1,0,0,0,1,1,23,5
195,0,1,0,0,0,1,1,20,5
356,0,1,0,0,0,1,1,40,5
455,0,1,0,0,0,1,1,39,5
87,0,1,0,0,0,1,1,32,5
791,0,1,0,0,0,1,1,28,5
433,0,1,0,0,0,1,0,50,5
651,0,1,0,0,0,1,1,33,5
242,0,1,0,0,0,1,1,36,5
415,0,1,0,0,0,1,1,42,5
591,0,1,0,0,0,1,1,44,5
425,0,1,0,0,0,1,1,35,5
2035,0,1,0,0,0,1,0,37,5
708,0,1,0,0,0,1,1,27,5
570,0,1,0,0,0,1,1,40,5
654,0,1,0,0,0,1,1,35,5
903,0,1,0,0,0,1,1,33,5
504,0,1,0,0,0,1,1,46,5
1235,0,1,0,0,0,1,1,39,5
278,0,1,0,0,0,1,1,40,5
388,0,1,0,0,0,1,1,36,5
664,0,1,0,0,0,1,0,27,5
1468,0,1,0,0,0,1,1,30,5
444,0,1,0,0,0,1,1,47,5
305,0,1,0,0,0,1,1,36,5
215,0,1,0,0,0,1,1,52,5
294,0,1,0,0,0,1,0,27,5
714,0,1,0,0,0,1,1,25,5
600,0,1,0,0,0,1,1,53,5
749,0,1,0,0,0,1,1,33,5
790,0,1,0,0,0,1,0,33,5
335,0,1,0,0,0,1,1,28,5
1420,0,1,0,0,0,1,0,42,5
250,0,1,0,0,0,1,1,48,5
821,0,1,0,0,0,1,1,30,5
298,0,1,0,0,0,1,1,36,5
680,0,1,0,0,0,1,0,39,5
625,0,1,0,0,0,1,1,35,5
394,0,1,0,0,0,1,1,26,5
381,0,1,0,0,0,1,1,35,5
411,0,1,0,0,0,1,1,41,5
314,0,1,0,0,0,1,1,19,5
278,0,1,0,0,0,1,0,32,5
236,0,1,0,0,0,1,1,59,5
1068,0,1,0,0,0,1,0,34,5
278,0,1,0,0,0,1,1,23,5
3,0,1,0,0,0,1,1,21,5
156,0,1,0,0,0,1,1,49,5
1040,0,1,0,0,0,1,1,45,5
787,0,1,0,0,0,1,1,43,5
623,0,1,0,0,0,1,0,25,5
356,0,1,0,0,0,1,0,31,5
368,0,1,0,0,0,1,1,25,5
398,0,1,0,0,0,1,1,40,5
1104,0,1,0,0,0,1,1,23,5
2695,0,1,0,0,0,1,1,30,5
2417,0,1,0,0,0,1,1,31,5
378,0,1,0,0,0,1,1,34,5
1263,0,1,0,0,0,1,0,49,5
414,0,1,0,0,0,1,1,33,5
453,0,1,0,0,0,1,1,29,5
234,0,1,0,0,0,1,0,47,5
439,0,1,0,0,0,1,0,26,5
1351,0,1,0,0,0,1,0,27,5
551,0,1,0,0,0,1,1,26,5
142,0,1,0,0,0,1,0,34,5
269,0,1,0,0,0,1,1,34,5
358,0,1,0,0,0,1,1,26,5
937,0,1,0,0,0,1,1,23,5
225,0,1,0,0,0,1,1,21,5
1122,0,1,0,0,0,1,1,28,5
558,0,1,0,0,0,1,1,28,5
641,0,1,0,0,0,1,1,32,5
712,0,1,0,0,0,1,1,32,5
1527,0,1,0,0,0,1,0,33,5
229,0,1,0,0,0,1,0,25,5
1410,0,1,0,0,0,1,1,56,5
1163,0,1,0,0,0,1,1,32,5
920,0,1,0,0,0,1,1,30,5
325,0,1,0,0,0,1,1,28,5
721,0,1,0,0,0,1,1,20,5
1426,0,1,0,0,0,1,0,28,5
1004,0,1,0,0,0,1,1,30,5
837,0,1,0,0,0,1,0,29,5
361,0,1,0,0,0,1,1,64,5
1061,0,1,0,0,0,1,1,25,5
218,0,1,0,0,0,1,1,21,5
798,0,1,0,0,0,1,1,24,5
328,0,1,0,0,0,1,1,35,5
244,0,1,0,0,0,1,0,54,5
1667,0,1,0,0,0,1,0,27,5
629,0,1,0,0,0,1,0,31,5
506,0,1,0,0,0,1,1,33,5
626,0,1,0,0,0,1,1,29,5
1055,0,1,0,0,0,1,0,44,5
534,0,1,0,0,0,1,1,37,5
310,0,1,0,0,0,1,1,35,5
429,0,1,0,0,0,1,0,22,5
270,0,1,0,0,0,1,1,23,5
616,0,1,0,0,0,1,1,41,5
385,0,1,0,0,0,1,0,40,5
1224,0,1,0,0,0,1,0,27,5
331,0,1,0,0,0,1,1,24,5
904,0,1,0,0,0,1,1,27,5
877,0,1,0,0,0,1,1,43,5
434,0,1,0,0,0,1,1,51,5
1170,0,1,0,0,0,1,1,56,5
986,0,1,0,0,0,1,1,28,5
948,0,1,0,0,0,1,0,37,5
444,0,1,0,0,0,1,1,28,5
665,0,1,0,0,0,1,1,27,5
525,0,1,0,0,0,1,0,32,5
405,0,1,0,0,0,1,1,55,5
963,0,1,0,0,0,1,0,30,5
1023,0,1,0,0,0,1,1,29,5
1027,0,1,0,0,0,1,1,59,5
338,0,1,0,0,0,1,1,20,5
182,0,1,0,0,0,1,0,40,5
2117,0,1,0,0,0,1,1,28,5
440,0,1,0,0,0,1,1,25,5
199,0,1,0,0,0,1,1,24,5
1074,0,1,0,0,0,1,1,21,5
863,0,1,0,0,0,1,1,26,5
431,0,1,0,0,0,1,1,26,5
739,0,1,0,0,0,1,0,30,5
749,0,1,0,0,0,1,0,54,5
521,0,1,0,0,0,1,1,27,5
912,0,1,0,0,0,1,0,29,5
465,0,1,0,0,0,1,1,18,5
1758,0,1,0,0,0,1,0,30,5
1177,0,1,0,0,0,1,1,46,5
33,0,1,0,0,0,1,1,60,5
1103,0,1,0,0,0,1,0,30,5
285,0,1,0,0,0,1,0,42,5
991,0,1,0,0,0,1,0,29,5
745,0,1,0,0,0,1,1,31,5
746,0,1,0,0,0,1,1,31,5
863,0,1,0,0,0,1,0,39,5
1878,0,1,0,0,0,1,0,59,5
4164,0,1,0,0,0,1,1,51,5
1091,0,1,0,0,0,1,0,33,5
645,0,1,0,0,0,1,1,30,5
1723,0,1,0,0,0,1,0,26,5
297,0,1,0,0,0,1,1,35,5
619,0,1,0,0,0,1,0,52,5
599,0,1,0,0,0,1,1,40,5
374,0,1,0,0,0,1,1,56,5
578,0,1,0,0,0,1,1,45,5
278,0,1,0,0,0,1,0,47,5
525,0,1,0,0,0,1,1,41,5
673,0,1,0,0,0,1,1,27,5
527,0,1,0,0,0,1,1,33,5
941,0,1,0,0,0,1,1,24,5
393,0,1,0,0,0,1,1,23,5
4660,0,1,0,0,0,1,1,41,5
509,0,1,0,0,0,1,1,25,5
3,0,1,0,0,0,1,1,27,5
1484,0,1,0,0,0,1,1,36,5
765,0,1,0,0,0,1,1,28,5
280,0,1,0,0,0,1,0,63,5
807,0,1,0,0,0,1,0,19,5
667,0,1,0,0,0,1,1,28,5
462,0,1,0,0,0,1,1,25,5
238,0,1,0,0,0,1,1,20,5
439,0,1,0,0,0,1,1,35,5
256,0,1,0,0,0,1,0,27,5
1328,0,1,0,0,0,1,0,28,5
384,0,1,0,0,0,1,1,38,5
723,0,1,0,0,0,1,1,31,5
715,0,1,0,0,0,1,0,30,5
1668,0,1,0,0,0,1,0,53,5
742,0,1,0,0,0,1,1,28,5
355,0,1,0,0,0,1,1,22,5
1016,0,1,0,0,0,1,0,27,5
937,0,1,0,0,0,1,1,30,5
339,0,1,0,0,0,1,0,23,5
1887,0,1,0,0,0,1,0,39,5
420,0,1,0,0,0,1,0,17,5
774,0,1,0,0,0,1,1,29,5
345,0,1,0,0,0,1,1,23,5
523,0,1,0,0,0,1,1,30,5
1317,0,1,0,0,0,1,1,32,5
164,0,1,0,0,0,1,1,20,5
521,0,1,0,0,0,1,0,33,5
768,0,1,0,0,0,1,1,24,5
867,0,1,0,0,0,1,0,24,5
1431,0,1,0,0,0,1,1,28,5
512,0,1,0,0,0,1,0,28,5
906,0,1,0,0,0,1,1,32,5
363,0,1,0,0,0,1,1,28,5
4735,0,1,0,0,0,1,1,30,5
586,0,1,0,0,0,1,1,20,5
362,0,1,0,0,0,1,0,49,5
1009,0,1,0,0,0,1,1,22,5
1293,0,1,0,0,0,1,1,20,5
1530,0,1,0,0,0,1,1,43,5
1721,0,1,0,0,0,1,1,59,5
290,0,1,0,0,0,1,0,24,5
766,0,1,0,0,0,1,1,43,5
666,0,1,0,0,0,1,0,23,5
478,0,1,0,0,0,1,1,33,5
1459,0,1,0,0,0,1,1,27,5
376,0,1,0,0,0,1,1,23,5
260,0,1,0,0,0,1,1,41,5
542,0,1,0,0,0,1,1,52,5
850,0,1,0,0,0,1,0,27,5
495,0,1,0,0,0,1,1,35,5
183,0,1,0,0,0,1,1,41,5
294,0,1,0,0,0,1,1,29,5
1719,0,1,0,0,0,1,0,40,5
445,0,1,0,0,0,1,0,24,5
948,0,1,0,0,0,1,0,31,5
526,0,1,0,0,0,1,1,34,5
859,0,1,0,0,0,1,1,61,5
659,0,1,0,0,0,1,1,67,5
310,0,1,0,0,0,1,1,31,5
271,0,1,0,0,0,1,1,24,5
999,0,1,0,0,0,1,0,24,5
543,0,1,0,0,0,1,1,21,5
600,0,1,0,0,0,1,1,39,5
784,0,1,0,0,0,1,0,31,5
1064,0,1,0,0,0,1,1,26,5
355,0,1,0,0,0,1,1,29,5
212,0,1,0,0,0,1,1,28,5
315,0,1,0,0,0,1,1,31,5
2400,0,1,0,0,0,1,0,24,5
682,0,1,0,0,0,1,0,25,5
105,0,1,0,0,0,1,1,35,5
985,0,1,0,0,0,1,1,31,5
584,0,1,0,0,0,1,0,25,5
737,0,1,0,0,0,1,1,25,5
317,0,1,0,0,0,1,0,25,5
794,0,1,0,0,0,1,0,55,5
1059,0,1,0,0,0,1,1,56,5
1195,0,1,0,0,0,1,0,35,5
2614,0,1,0,0,0,1,1,24,5
522,0,1,0,0,0,1,0,41,5
265,0,1,0,0,0,1,1,32,5
215,0,1,0,0,0,1,1,21,5
501,0,1,0,0,0,1,1,57,5
752,0,1,0,0,0,1,1,25,5
328,0,1,0,0,0,1,1,28,5
942,0,1,0,0,0,1,1,22,5
414,0,1,0,0,0,1,1,41,5
1611,0,1,0,0,0,1,0,29,5
552,0,1,0,0,0,1,1,31,5
963,0,1,0,0,0,1,0,31,5
459,0,1,0,0,0,1,1,26,5
547,0,1,0,0,0,1,0,54,5
460,0,1,0,0,0,1,0,23,5
1200,0,1,0,0,0,1,1,24,5
1648,0,1,0,0,0,1,1,38,5
758,0,1,0,0,0,1,1,23,5
1002,0,1,0,0,0,1,0,55,5
466,0,1,0,0,0,1,1,35,5
545,0,1,0,0,0,1,0,24,5
878,0,1,0,0,0,1,0,25,5
1182,0,1,0,0,0,1,0,31,5
458,0,1,0,0,0,1,1,29,5
242,0,1,0,0,0,1,1,48,5
650,0,1,0,0,0,1,0,23,5
993,0,1,0,0,0,1,1,32,5
467,0,1,0,0,0,1,1,25,5
863,0,1,0,0,0,1,0,42,5
630,0,1,0,0,0,1,1,55,5
433,0,1,0,0,0,1,1,31,5
475,0,1,0,0,0,1,0,38,5
3578,0,1,0,0,0,1,1,28,5
388,0,1,0,0,0,1,0,22,5
781,0,1,0,0,0,1,1,24,5
333,0,1,0,0,0,1,1,27,5
751,0,1,0,0,0,1,1,34,5
236,0,1,0,0,0,1,0,22,5
288,0,1,0,0,0,1,1,29,5
456,0,1,0,0,0,1,1,33,5
638,0,1,0,0,0,1,0,42,5
279,0,1,0,0,0,1,1,20,5
1571,0,1,0,0,0,1,1,22,5
520,0,1,0,0,0,1,1,27,5
9,0,1,0,0,0,1,1,30,5
485,0,1,0,0,0,1,1,31,5
998,0,1,0,0,0,1,1,22,5
293,0,1,0,0,0,1,1,27,5
1626,0,1,0,0,0,1,1,48,5
862,0,1,0,0,0,1,1,22,5
196,0,1,0,0,0,1,1,24,5
740,0,1,0,0,0,1,1,32,5
1372,0,1,0,0,0,1,1,48,5
1291,0,1,0,0,0,1,1,25,5
314,0,1,0,0,0,1,1,39,5
436,0,1,0,0,0,1,0,22,5
752,0,1,0,0,0,1,1,29,5
195,0,1,0,0,0,1,1,20,5
835,0,1,0,0,0,1,0,23,5
1491,0,1,0,0,0,1,0,26,5
288,0,0,1,0,0,1,1,23,4
571,0,0,1,0,0,1,0,25,4
628,0,0,1,0,0,1,1,31,4
403,0,0,1,0,0,1,1,23,4
795,0,0,1,0,0,1,0,23,4
244,0,0,1,0,0,1,1,55,4
912,0,0,1,0,0,1,0,30,4
145,0,0,1,0,0,1,0,34,4
342,0,0,1,0,0,1,1,24,4
610,0,0,1,0,0,1,1,24,4
479,0,0,1,0,0,1,1,27,4
826,0,0,1,0,0,1,1,20,4
554,0,0,1,0,0,1,1,25,4
557,0,0,1,0,0,1,1,20,4
391,0,0,1,0,0,1,1,28,4
907,0,0,1,0,0,1,0,27,4
307,0,0,1,0,0,1,1,27,4
8269,0,0,1,0,0,1,1,38,4
1167,0,0,1,0,0,1,0,25,4
926,0,0,1,0,0,1,0,32,4
771,0,0,1,0,0,1,1,20,4
1229,0,0,1,0,0,1,1,27,4
277,0,0,1,0,0,1,1,67,4
1328,0,0,1,0,0,1,1,25,4
346,0,0,1,0,0,1,1,56,4
863,0,0,1,0,0,1,0,46,4
693,0,0,1,0,0,1,0,29,4
486,0,0,1,0,0,1,1,31,4
548,0,0,1,0,0,1,0,38,4
1135,0,0,1,0,0,1,1,19,4
94,0,0,1,0,0,1,1,23,4
377,0,0,1,0,0,1,1,45,4
326,0,0,1,0,0,1,1,30,4
621,0,0,1,0,0,1,1,54,4
430,0,0,1,0,0,1,1,30,4
139,0,0,1,0,0,1,1,27,4
1219,0,0,1,0,0,1,1,31,4
305,0,0,1,0,0,1,0,23,4
594,0,0,1,0,0,1,0,21,4
579,0,0,1,0,0,1,1,27,4
13,0,0,1,0,0,1,0,25,4
564,0,0,1,0,0,1,1,33,4
563,0,0,1,0,0,1,0,21,4
511,0,0,1,0,0,1,1,34,4
5535,0,0,1,0,0,1,1,29,4
647,0,0,1,0,0,1,1,20,4
786,0,0,1,0,0,1,1,36,4
1088,0,0,1,0,0,1,1,29,4
960,0,0,1,0,0,1,1,30,4
591,0,0,1,0,0,1,1,33,4
272,0,0,1,0,0,1,1,55,4
1306,0,0,1,0,0,1,1,59,4
1181,0,0,1,0,0,1,1,49,4
395,0,0,1,0,0,1,0,41,4
735,0,0,1,0,0,1,1,46,4
1006,0,0,1,0,0,1,0,22,4
801,0,0,1,0,0,1,1,30,4
145,0,0,1,0,0,1,1,46,4
324,0,0,1,0,0,1,0,29,4
909,0,0,1,0,0,1,1,48,4
360,0,0,1,0,0,1,1,26,4
635,0,0,1,0,0,1,1,27,4
445,0,0,1,0,0,1,1,56,4
548,0,0,1,0,0,1,0,41,4
525,0,0,1,0,0,1,1,37,4
267,0,0,1,0,0,1,1,30,4
933,0,0,1,0,0,1,1,41,4
1011,0,0,1,0,0,1,0,32,4
237,0,0,1,0,0,1,1,23,4
476,0,0,1,0,0,1,1,25,4
10,0,0,1,0,0,1,1,26,4
1164,0,0,1,0,0,1,1,28,4
318,0,0,1,0,0,1,1,28,4
240,0,0,1,0,0,1,1,23,4
784,0,0,1,0,0,1,1,31,4
728,0,0,1,0,0,1,1,28,4
215,0,0,1,0,0,1,0,28,4
930,0,0,1,0,0,1,1,43,4
757,0,0,1,0,0,1,0,50,4
285,0,0,1,0,0,1,1,26,4
1261,0,0,1,0,0,1,1,28,4
595,0,0,1,0,0,1,0,26,4
318,0,0,1,0,0,1,1,19,4
460,0,0,1,0,0,1,1,24,4
660,0,0,1,0,0,1,1,30,4
403,0,0,1,0,0,1,1,25,4
711,0,0,1,0,0,1,1,30,4
959,0,0,1,0,0,1,1,28,4
173,0,0,1,0,0,1,1,30,4
813,0,0,1,0,0,1,0,28,4
1025,0,0,1,0,0,1,1,33,4
287,0,0,1,0,0,1,1,28,4
264,0,0,1,0,0,1,1,26,4
739,0,0,1,0,0,1,1,67,4
1796,0,0,1,0,0,1,1,31,4
692,0,0,1,0,0,1,1,37,4
616,0,0,1,0,0,1,0,30,4
909,0,0,1,0,0,1,1,30,4
1238,0,0,1,0,0,1,1,18,4
504,0,0,1,0,0,1,0,26,4
504,0,0,1,0,0,1,1,26,4
431,0,0,1,0,0,1,1,38,4
347,0,0,1,0,0,1,1,24,4
305,0,0,1,0,0,1,1,23,4
707,0,0,1,0,0,1,1,51,4
200,0,0,1,0,0,1,1,41,4
845,0,0,1,0,0,1,1,34,4
2128,0,0,1,0,0,1,1,27,4
784,0,0,1,0,0,1,1,24,4
1114,0,0,1,0,0,1,1,32,4
534,0,0,1,0,0,1,1,41,4
352,0,0,1,0,0,1,1,29,4
400,0,0,1,0,0,1,0,29,4
506,0,0,1,0,0,1,1,25,4
806,0,0,1,0,0,1,1,39,4
481,0,0,1,0,0,1,1,33,4
312,0,0,1,0,0,1,1,34,4
872,0,0,1,0,0,1,0,21,4
1318,0,0,1,0,0,1,0,24,4
439,0,0,1,0,0,1,1,35,4
332,0,0,1,0,0,1,0,30,4
1816,0,0,1,0,0,1,1,30,4
670,0,0,1,0,0,1,1,39,4
973,0,0,1,0,0,1,1,33,4
681,0,0,1,0,0,1,1,28,4
473,0,0,1,0,0,1,1,27,4
770,0,0,1,0,0,1,0,27,4
477,0,0,1,0,0,1,1,26,4
337,0,0,1,0,0,1,1,26,4
804,0,0,1,0,0,1,1,36,4
1368,0,0,1,0,0,1,1,21,4
302,0,0,1,0,0,1,1,26,4
995,0,0,1,0,0,1,1,21,4
1402,0,0,1,0,0,1,0,44,4
233,0,0,1,0,0,1,1,30,4
875,0,0,1,0,0,1,0,27,4
255,0,0,1,0,0,1,1,43,4
393,0,0,1,0,0,1,1,26,4
395,0,0,1,0,0,1,0,42,4
530,0,0,1,0,0,1,1,23,4
215,0,0,1,0,0,1,1,29,4
453,0,0,1,0,0,1,0,24,4
430,0,0,1,0,0,1,1,25,4
611,0,0,1,0,0,1,1,48,4
655,0,0,1,0,0,1,1,41,4
261,0,0,1,0,0,1,1,30,4
874,0,0,1,0,0,1,0,24,4
574,0,0,1,0,0,1,1,26,4
2609,0,0,1,0,0,1,0,32,4
806,0,0,1,0,0,1,1,32,4
241,0,0,1,0,0,1,1,25,4
502,0,0,1,0,0,1,1,32,4
247,0,0,1,0,0,1,1,41,4
1337,0,0,1,0,0,1,0,29,4
731,0,0,1,0,0,1,1,26,4
794,0,0,1,0,0,1,1,27,4
393,0,0,1,0,0,1,0,51,4
1566,0,0,1,0,0,1,0,30,4
316,0,0,1,0,0,1,1,27,4
1154,0,0,1,0,0,1,0,42,4
701,0,0,1,0,0,1,1,29,4
1133,0,0,1,0,0,1,1,27,4
313,0,0,1,0,0,1,1,28,4
1254,0,0,1,0,0,1,1,25,4
171,0,0,1,0,0,1,1,45,4
812,0,0,1,0,0,1,1,29,4
659,0,0,1,0,0,1,0,26,4
425,0,0,1,0,0,1,1,34,4
486,0,0,1,0,0,1,1,30,4
944,0,0,1,0,0,1,1,55,4
303,0,0,1,0,0,1,1,29,4
437,0,0,1,0,0,1,1,25,4
739,0,0,1,0,0,1,0,30,4
1194,0,0,1,0,0,1,1,25,4
271,0,0,1,0,0,1,1,30,4
166,0,0,1,0,0,1,1,21,4
693,0,0,1,0,0,1,1,34,4
315,0,0,1,0,0,1,1,43,4
1113,0,0,1,0,0,1,1,29,4
1526,0,0,1,0,0,1,1,20,4
336,0,0,1,0,0,1,1,19,4
344,0,0,1,0,0,1,1,28,4
936,0,0,1,0,0,1,0,30,4
493,0,0,1,0,0,1,1,21,4
1648,0,0,1,0,0,1,1,27,4
804,0,0,1,0,0,1,0,26,4
602,0,0,1,0,0,1,1,25,4
208,0,0,1,0,0,1,1,42,4
375,0,0,1,0,0,1,1,30,4
508,0,0,1,0,0,1,0,30,4
1079,0,0,1,0,0,1,1,32,4
938,0,0,1,0,0,1,1,32,4
244,0,0,1,0,0,1,1,38,4
2002,0,0,1,0,0,1,1,28,4
1361,0,0,1,0,0,1,0,29,4
455,0,0,1,0,0,1,1,46,4
441,0,0,1,0,0,1,0,22,4
1281,0,0,1,0,0,1,0,35,4
1424,0,0,1,0,0,1,1,23,4
246,0,0,1,0,0,1,1,30,4
891,0,0,1,0,0,1,1,23,4
896,0,0,1,0,0,1,1,33,4
504,0,0,1,0,0,1,1,25,4
560,0,0,1,0,0,1,1,36,4
262,0,0,1,0,0,1,1,29,4
2214,0,0,1,0,0,1,1,46,4
1834,0,0,1,0,0,1,0,28,4
352,0,0,1,0,0,1,0,30,4
1706,0,0,1,0,0,1,1,35,4
587,0,0,1,0,0,1,1,30,4
938,0,0,1,0,0,1,1,56,4
1157,0,0,1,0,0,1,0,25,4
740,0,0,1,0,0,1,0,59,4
41,0,0,1,0,0,1,1,30,4
491,0,0,1,0,0,1,0,29,4
414,0,0,1,0,0,1,1,30,4
1923,0,0,1,0,0,1,0,24,4
452,0,0,1,0,0,1,1,24,4
316,0,0,1,0,0,1,1,28,4
775,0,0,1,0,0,1,1,29,4
1418,0,0,1,0,0,1,1,28,4
279,0,0,1,0,0,1,0,31,4
141,0,0,1,0,0,1,1,29,4
543,0,0,1,0,0,1,1,26,4
888,0,0,1,0,0,1,1,26,4
755,0,0,1,0,0,1,1,42,4
410,0,0,1,0,0,1,1,36,4
931,0,0,1,0,0,1,1,34,4
564,0,0,1,0,0,1,1,27,4
590,0,0,1,0,0,1,0,30,4
529,0,0,1,0,0,1,0,29,4
563,0,0,1,0,0,1,1,26,4
576,0,0,1,0,0,1,1,27,4
216,0,0,1,0,0,1,1,35,4
1182,0,0,1,0,0,1,0,35,4
325,0,0,1,0,0,1,1,18,4
626,0,0,1,0,0,1,1,46,4
1050,0,0,1,0,0,1,1,34,4
619,0,0,1,0,0,1,1,20,4
309,0,0,1,0,0,1,1,26,4
906,0,0,1,0,0,1,1,20,4
471,0,0,1,0,0,1,1,23,4
214,0,0,1,0,0,1,1,28,4
697,0,0,1,0,0,1,0,47,4
376,0,0,1,0,0,1,1,47,4
523,0,0,1,0,0,1,0,23,4
480,0,0,1,0,0,1,1,25,4
15,0,0,1,0,0,1,1,43,4
1316,0,0,1,0,0,1,0,26,4
201,0,0,1,0,0,1,1,60,4
492,0,0,1,0,0,1,1,25,4
725,0,0,1,0,0,1,1,29,4
1563,0,0,1,0,0,1,0,28,4
254,0,0,1,0,0,1,1,33,4
914,0,0,1,0,0,1,0,35,4
525,0,0,1,0,0,1,1,29,4
395,0,0,1,0,0,1,1,26,4
428,0,0,1,0,0,1,1,35,4
329,0,0,1,0,0,1,1,40,4
368,0,0,1,0,0,1,1,21,4
491,0,0,1,0,0,1,1,40,4
949,0,0,1,0,0,1,1,30,4
511,0,0,1,0,0,1,1,20,4
288,0,0,1,0,0,1,0,28,4
1532,0,0,1,0,0,1,1,31,4
1255,0,0,1,0,0,1,1,26,4
449,0,0,1,0,0,1,0,23,4
387,0,0,1,0,0,1,1,30,4
259,0,0,1,0,0,1,1,31,4
640,0,0,1,0,0,1,1,23,4
317,0,0,1,0,0,1,1,30,4
822,0,0,1,0,0,1,0,33,4
1228,0,0,1,0,0,1,1,23,4
261,0,0,1,0,0,1,1,43,4
275,0,0,1,0,0,1,1,35,4
548,0,0,1,0,0,1,1,59,4
866,0,0,1,0,0,1,1,33,4
601,0,0,1,0,0,1,1,37,4
781,0,0,1,0,0,1,0,25,4
1705,0,0,1,0,0,1,1,42,4
664,0,0,1,0,0,1,1,19,4
671,0,0,1,0,0,1,1,24,4
710,0,0,1,0,0,1,0,27,4
637,0,0,1,0,0,1,1,24,4
238,0,0,1,0,0,1,1,35,4
554,0,0,1,0,0,1,0,25,4
171,0,0,1,0,0,1,1,23,4
226,0,0,1,0,0,1,1,28,4
361,0,0,1,0,0,1,1,27,4
315,0,0,1,0,0,1,1,22,4
677,0,0,1,0,0,1,1,44,4
721,0,0,1,0,0,1,1,26,4
802,0,0,1,0,0,1,1,21,4
1163,0,0,1,0,0,1,0,56,4
912,0,0,1,0,0,1,1,29,4
2044,0,0,1,0,0,1,0,25,4
630,0,0,1,0,0,1,1,28,4
93,0,0,1,0,0,1,1,29,4
872,0,0,1,0,0,1,1,31,4
269,0,0,1,0,0,1,0,25,4
941,0,0,1,0,0,1,0,29,4
670,0,0,1,0,0,1,1,31,4
212,0,0,1,0,0,1,1,21,4
1660,0,0,1,0,0,1,1,21,4
3,0,0,1,0,0,1,1,30,4
133,0,0,1,0,0,1,1,28,4
229,0,0,1,0,0,1,1,26,4
547,0,0,1,0,0,1,1,30,4
1383,0,0,1,0,0,1,1,46,4
92,0,0,1,0,0,1,0,31,4
483,0,0,1,0,0,1,1,50,4
259,0,0,1,0,0,1,1,23,4
349,0,0,1,0,0,1,1,35,4
691,0,0,1,0,0,1,0,24,4
698,0,0,1,0,0,1,1,25,4
271,0,0,1,0,0,1,1,18,4
404,0,0,1,0,0,1,1,22,4
1248,0,0,1,0,0,1,1,54,4
627,0,0,1,0,0,1,1,19,4
1378,0,0,1,0,0,1,1,29,4
623,0,0,1,0,0,1,0,37,4
360,0,0,1,0,0,1,1,32,4
316,0,0,1,0,0,1,1,25,4
1692,0,0,1,0,0,1,1,23,4
357,0,0,1,0,0,1,0,33,4
833,0,0,1,0,0,1,1,27,4
883,0,0,1,0,0,1,1,29,4
481,0,0,1,0,0,1,0,29,4
640,0,0,1,0,0,1,1,26,4
519,0,0,1,0,0,1,1,34,4
611,0,0,1,0,0,1,1,25,4
196,0,0,1,0,0,1,1,21,4
267,0,0,1,0,0,1,1,23,4
591,0,0,1,0,0,1,1,28,4
848,0,0,1,0,0,1,1,21,4
267,0,0,1,0,0,1,0,27,4
971,0,0,1,0,0,1,1,37,4
624,0,0,1,0,0,1,1,29,4
718,0,0,1,0,0,1,0,38,4
437,0,0,1,0,0,1,1,46,4
325,0,0,1,0,0,1,1,22,4
164,0,0,1,0,0,1,1,21,4
247,0,0,1,0,0,1,1,35,4
1180,0,0,1,0,0,1,1,26,4
730,0,0,1,0,0,1,1,26,4
643,0,0,1,0,0,1,1,28,4
1438,0,0,1,0,0,1,0,29,4
989,0,0,1,0,0,1,1,21,4
440,0,0,1,0,0,1,0,36,4
663,0,0,1,0,0,1,0,34,4
259,0,0,1,0,0,1,0,17,4
1511,0,0,1,0,0,1,1,24,4
655,0,0,1,0,0,1,1,25,4
862,0,0,1,0,0,1,1,33,4
523,0,0,1,0,0,1,1,36,4
1655,0,0,1,0,0,1,1,34,4
148,0,0,1,0,0,1,1,20,4
400,0,0,1,0,0,1,1,30,4
639,0,0,1,0,0,1,1,18,4
782,0,0,1,0,0,1,1,36,4
1400,0,0,1,0,0,1,1,51,4
896,0,0,1,0,0,1,1,25,4
688,0,0,1,0,0,1,1,21,4
514,0,0,1,0,0,1,1,27,4
427,0,0,1,0,0,1,1,21,4
680,0,0,1,0,0,1,0,28,4
347,0,0,1,0,0,1,1,33,4
512,0,0,1,0,0,1,1,33,4
777,0,0,1,0,0,1,1,34,4
282,0,0,1,0,0,1,1,23,4
243,0,0,1,0,0,1,1,53,4
527,0,0,1,0,0,1,0,32,4
107,0,0,1,0,0,1,1,32,4
908,0,0,1,0,0,1,1,62,4
962,0,0,1,0,0,1,1,29,4
1036,0,0,1,0,0,1,1,43,4
965,0,0,1,0,0,1,1,33,4
823,0,0,1,0,0,1,0,35,4
905,0,0,1,0,0,1,1,29,4
334,0,0,1,0,0,1,1,23,4
301,0,0,1,0,0,1,1,34,4
169,0,0,1,0,0,1,1,21,4
898,0,0,1,0,0,1,1,25,4
102,0,0,1,0,0,1,1,25,4
299,0,0,1,0,0,1,0,31,4
1590,0,0,1,0,0,1,0,27,4
889,0,0,1,0,0,1,0,26,4
708,0,0,1,0,0,1,1,21,4
393,0,0,1,0,0,1,1,29,4
695,0,0,1,0,0,1,1,25,4
379,0,0,1,0,0,1,0,35,4
463,0,0,1,0,0,1,1,32,4
1054,0,0,1,0,0,1,1,28,4
1919,0,0,1,0,0,1,0,42,4
1359,0,0,1,0,0,1,1,29,4
722,0,0,1,0,0,1,1,31,4
1546,0,0,1,0,0,1,1,24,4
866,0,0,1,0,0,1,1,24,4
1495,0,0,1,0,0,1,0,34,4
338,0,0,1,0,0,1,0,23,4
240,0,0,1,0,0,1,1,28,4
582,0,0,1,0,0,1,0,29,4
724,0,0,1,0,0,1,1,26,4
359,0,0,1,0,0,1,1,50,4
512,0,0,1,0,0,1,1,21,4
1505,0,0,1,0,0,1,0,21,4
584,0,0,1,0,0,1,1,26,4
257,0,0,1,0,0,1,1,25,4
558,0,0,1,0,0,1,1,30,4
461,0,0,1,0,0,1,1,36,4
94,0,0,1,0,0,1,1,29,4
234,0,0,1,0,0,1,1,22,4
647,0,0,1,0,0,1,1,30,4
1462,0,0,1,0,0,1,0,29,4
269,0,0,1,0,0,1,1,38,4
650,0,0,1,0,0,1,0,25,4
382,0,0,1,0,0,1,1,30,4
2127,0,0,1,0,0,1,0,21,4
445,0,0,1,0,0,1,1,25,4
448,0,0,1,0,0,1,1,21,4
778,0,0,1,0,0,1,1,35,4
222,0,0,1,0,0,1,1,20,4
213,0,0,1,0,0,1,1,27,4
434,0,0,1,0,0,1,1,46,4
473,0,0,1,0,0,1,1,24,4
8281,0,0,1,0,0,1,0,37,4
685,0,0,1,0,0,1,1,33,4
277,0,0,1,0,0,1,1,41,4
502,0,0,1,0,0,1,1,30,4
619,0,0,1,0,0,1,0,27,4
519,0,0,1,0,0,1,0,32,4
317,0,0,1,0,0,1,1,21,4
1360,0,0,1,0,0,1,0,37,4
842,0,0,1,0,0,1,0,27,4
365,0,0,1,0,0,1,1,31,4
29,0,0,1,0,0,1,1,24,4
3399,0,0,1,0,0,1,1,36,4
738,0,0,1,0,0,1,1,29,4
461,0,0,1,0,0,1,0,45,4
321,0,0,1,0,0,1,1,22,4
697,0,0,1,0,0,1,1,35,4
739,0,0,1,0,0,1,1,41,4
1501,0,0,1,0,0,1,0,27,4
787,0,0,1,0,0,1,1,24,4
911,0,0,1,0,0,1,0,24,4
639,0,0,1,0,0,1,1,31,4
1805,0,0,1,0,0,1,0,38,4
114,0,0,1,0,0,1,0,29,4
494,0,0,1,0,0,1,1,28,4
318,0,0,1,0,0,1,0,32,4
542,0,0,1,0,0,1,1,55,4
35,0,0,1,0,0,1,1,38,4
495,0,0,1,0,0,1,1,34,4
1078,0,0,1,0,0,1,1,24,4
465,0,0,1,0,0,1,1,24,4
775,0,0,1,0,0,1,0,27,4
418,0,0,1,0,0,1,1,23,4
288,0,0,1,0,0,1,1,36,4
48,0,0,1,0,0,1,0,24,4
418,0,0,1,0,0,1,0,29,4
2499,0,0,1,0,0,1,1,35,4
776,0,0,1,0,0,1,0,31,4
276,0,0,1,0,0,1,0,24,4
631,0,0,1,0,0,1,0,32,4
112,0,0,1,0,0,1,1,27,4
193,0,0,1,0,0,1,1,29,4
849,0,0,1,0,0,1,0,30,4
247,0,0,1,0,0,1,1,43,4
160,0,0,1,0,0,1,1,52,4
835,0,0,1,0,0,1,1,60,4
229,0,0,1,0,0,1,1,25,4
406,0,0,1,0,0,1,0,30,4
804,0,0,1,0,0,1,1,24,4
395,0,0,1,0,0,1,1,29,4
574,0,0,1,0,0,1,0,36,4
293,0,0,1,0,0,1,1,22,4
149,0,0,1,0,0,1,1,27,4
11,0,0,1,0,0,1,1,33,4
247,0,0,1,0,0,1,1,35,4
1172,0,0,1,0,0,1,1,26,4
327,0,0,1,0,0,1,1,31,4
732,0,0,1,0,0,1,1,26,4
602,0,0,1,0,0,1,1,27,4
658,0,0,1,0,0,1,0,26,4
692,0,0,1,0,0,1,1,23,4
441,0,0,1,0,0,1,1,33,4
1110,0,0,1,0,0,1,1,29,4
1290,0,0,1,0,0,1,1,31,4
1222,0,0,1,0,0,1,1,27,4
614,0,0,1,0,0,1,1,22,4
141,0,0,1,0,0,1,1,19,4
641,0,0,1,0,0,1,1,23,4
2806,0,0,1,0,0,1,0,25,4
1236,0,0,1,0,0,1,1,18,4
581,0,0,1,0,0,1,0,30,4
506,0,0,1,0,0,1,0,36,4
947,0,0,1,0,0,1,1,21,4
591,0,0,1,0,0,1,1,23,4
359,0,0,1,0,0,1,1,31,4
580,0,0,1,0,0,1,1,23,4
345,0,0,1,0,0,1,1,27,4
807,0,0,1,0,0,1,1,27,4
1252,0,0,1,0,0,1,1,25,4
480,0,0,1,0,0,1,0,25,4
808,0,0,1,0,0,1,1,29,4
780,0,0,1,0,0,1,1,26,4
1559,0,0,1,0,0,1,0,29,4
446,0,0,1,0,0,1,1,30,4
680,0,0,1,0,0,1,0,23,4
506,0,0,1,0,0,1,1,28,4
844,0,0,1,0,0,1,0,29,4
251,0,0,1,0,0,1,1,34,4
1542,0,0,1,0,0,1,1,55,4
1366,0,0,1,0,0,1,1,37,4
762,0,0,1,0,0,1,1,36,4
512,0,0,1,0,0,1,0,26,4
270,0,0,1,0,0,1,1,27,4
789,0,0,1,0,0,1,1,43,4
1035,0,0,1,0,0,1,1,33,4
269,0,0,1,0,0,1,0,35,4
434,0,0,1,0,0,1,1,29,4
420,0,0,1,0,0,1,1,43,4
450,0,0,1,0,0,1,0,24,4
652,0,0,1,0,0,1,0,24,4
272,0,0,1,0,0,1,1,31,4
541,0,0,1,0,0,1,0,30,4
741,0,0,1,0,0,1,1,30,4
482,0,0,1,0,0,1,1,27,4
1252,0,0,1,0,0,1,1,26,4
1615,0,0,1,0,0,1,0,56,4
735,0,0,1,0,0,1,1,24,4
648,0,0,1,0,0,1,1,32,4
646,0,0,1,0,0,1,1,36,4
1203,0,0,1,0,0,1,1,59,4
479,0,0,1,0,0,1,1,21,4
474,0,0,1,0,0,1,1,35,4
378,0,0,1,0,0,1,1,30,4
676,0,0,1,0,0,1,1,43,4
843,0,0,1,0,0,1,1,30,4
458,0,0,1,0,0,1,0,20,4
760,0,0,1,0,0,1,1,33,4
8,0,0,1,0,0,1,1,25,4
461,0,0,1,0,0,1,1,32,4
338,0,0,1,0,0,1,1,30,4
866,0,0,1,0,0,1,1,25,4
1366,0,0,1,0,0,1,1,28,4
858,0,0,1,0,0,1,0,23,4
469,0,0,1,0,0,1,1,31,4
200,0,0,1,0,0,1,1,23,4
199,0,0,1,0,0,1,1,24,4
590,0,0,1,0,0,1,1,20,4
532,0,0,1,0,0,1,0,36,4
969,0,0,1,0,0,1,1,43,4
331,0,0,1,0,0,1,1,55,4
1497,0,0,1,0,0,1,1,23,4
1100,0,0,1,0,0,1,1,43,4
879,0,0,1,0,0,1,1,20,4
1364,0,0,1,0,0,1,0,23,4
153,0,0,1,0,0,1,1,29,4
1039,0,0,1,0,0,1,1,28,4
541,0,0,1,0,0,1,1,23,4
219,0,0,1,0,0,1,0,23,4
674,0,0,1,0,0,1,1,21,4
593,0,0,1,0,0,1,1,29,4
479,0,0,1,0,0,1,1,26,4
3696,0,0,1,0,0,1,1,19,4
907,0,0,1,0,0,1,1,46,4
196,0,0,1,0,0,1,1,25,4
1097,0,0,1,0,0,1,0,25,4
1131,0,0,1,0,0,1,1,46,4
1141,0,0,1,0,0,1,1,43,4
477,0,0,1,0,0,1,1,25,4
1233,0,0,1,0,0,1,1,47,4
403,0,0,1,0,0,1,0,21,4
1223,0,0,1,0,0,1,1,32,4
1146,0,0,1,0,0,1,0,59,4
6810,0,0,1,0,0,1,1,24,4
370,0,0,1,0,0,1,1,32,4
166,0,0,1,0,0,1,0,65,4
442,0,0,1,0,0,1,1,28,4
459,0,0,1,0,0,1,0,39,4
559,0,0,1,0,0,1,1,41,4
1664,0,0,1,0,0,1,0,32,4
903,0,0,1,0,0,1,0,35,4
380,0,0,1,0,0,1,1,28,4
868,0,0,1,0,0,1,1,33,4
449,0,0,1,0,0,1,1,27,4
656,0,0,1,0,0,1,1,26,4
1648,0,0,1,0,0,1,0,24,4
412,0,0,1,0,0,1,0,30,4
3515,0,0,1,0,0,1,1,26,4
827,0,0,1,0,0,1,1,47,4
17,0,0,1,0,0,1,1,23,4
372,0,0,1,0,0,1,1,29,4
442,0,0,1,0,0,1,1,51,4
647,0,0,1,0,0,1,0,28,4
1030,0,0,1,0,0,1,1,24,4
412,0,0,1,0,0,1,1,23,4
857,0,0,1,0,0,1,0,51,4
278,0,0,1,0,0,1,1,27,4
841,0,0,1,0,0,1,1,48,4
1365,0,0,1,0,0,1,1,27,4
1042,0,0,1,0,0,1,1,35,4
419,0,0,1,0,0,1,1,19,4
379,0,0,1,0,0,1,0,33,4
758,0,0,1,0,0,1,1,67,4
437,0,0,1,0,0,1,1,35,4
815,0,0,1,0,0,1,0,30,4
190,0,0,1,0,0,1,1,20,4
437,0,0,1,0,0,1,1,26,4
175,0,0,1,0,0,1,1,29,4
899,0,0,1,0,0,1,1,24,4
825,0,0,1,0,0,1,1,27,4
176,0,0,1,0,0,1,1,23,4
230,0,0,1,0,0,1,1,35,4
698,0,0,1,0,0,1,1,25,4
502,0,0,1,0,0,1,1,24,4
943,0,0,1,0,0,1,1,33,4
460,0,0,1,0,0,1,1,36,4
863,0,0,1,0,0,1,0,25,4
725,0,0,1,0,0,1,1,57,4
386,0,0,1,0,0,1,1,25,4
306,0,0,1,0,0,1,1,28,4
724,0,0,1,0,0,1,1,38,4
1066,0,0,1,0,0,1,1,46,4
765,0,0,1,0,0,1,1,24,4
538,0,0,1,0,0,1,0,28,4
516,0,0,1,0,0,1,1,36,4
2430,0,0,1,0,0,1,1,36,4
312,0,0,1,0,0,1,0,28,4
711,0,0,1,0,0,1,1,31,4
195,0,0,1,0,0,1,1,30,4
248,0,0,1,0,0,1,1,19,4
254,0,0,1,0,0,1,1,45,4
683,0,0,1,0,0,1,1,60,4
1293,0,0,1,0,0,1,1,27,4
296,0,0,1,0,0,1,0,25,4
145,0,0,1,0,0,1,1,21,4
6782,0,0,1,0,0,1,1,33,4
711,0,0,1,0,0,1,0,56,4
222,0,0,1,0,0,1,1,28,4
142,0,0,1,0,0,1,1,23,4
1158,0,0,1,0,0,1,1,30,4
599,0,0,1,0,0,1,1,23,4
449,0,0,1,0,0,1,1,38,4
218,0,0,1,0,0,1,1,27,4
450,0,0,1,0,0,1,1,25,4
630,0,0,1,0,0,1,1,36,4
638,0,0,1,0,0,1,0,31,4
545,0,0,1,0,0,1,0,32,4
660,0,0,1,0,0,1,0,29,4
446,0,0,1,0,0,1,0,24,4
387,0,0,1,0,0,1,1,32,4
1484,0,0,1,0,0,1,1,30,4
297,0,0,1,0,0,1,1,29,4
830,0,0,1,0,0,1,1,25,4
434,0,0,1,0,0,1,0,32,4
1281,0,0,1,0,0,1,1,26,4
458,0,0,1,0,0,1,1,42,4
611,0,0,1,0,0,1,0,29,4
227,0,0,1,0,0,1,1,31,4
414,0,0,1,0,0,1,1,26,4
494,0,0,1,0,0,1,1,29,4
504,0,0,1,0,0,1,1,25,4
362,0,0,1,0,0,1,1,29,4
1497,0,0,1,0,0,1,1,31,4
156,0,0,1,0,0,1,0,30,4
354,0,0,1,0,0,1,1,36,4
222,0,0,1,0,0,1,1,28,4
435,0,0,1,0,0,1,1,31,4
1119,0,0,1,0,0,1,1,30,4
621,0,0,1,0,0,1,1,23,4
478,0,0,1,0,0,1,1,35,4
394,0,0,1,0,0,1,1,29,4
292,0,0,1,0,0,1,1,36,4
558,0,0,1,0,0,1,0,24,4
475,0,0,1,0,0,1,1,27,4
478,0,0,1,0,0,1,0,29,4
180,0,0,1,0,0,1,1,24,4
1601,0,0,1,0,0,1,0,30,4
112,0,0,1,0,0,1,1,33,4
881,0,0,1,0,0,1,0,27,4
454,0,0,1,0,0,1,1,38,4
373,0,0,1,0,0,1,1,38,4
479,0,0,1,0,0,1,0,32,4
933,0,0,1,0,0,1,1,29,4
1207,0,0,1,0,0,1,1,35,4
488,0,0,1,0,0,1,1,25,4
1058,0,0,1,0,0,1,0,51,4
1606,0,0,1,0,0,1,1,30,4
1111,0,0,1,0,0,1,1,32,4
238,0,0,1,0,0,1,1,23,4
875,0,0,1,0,0,1,0,23,4
581,0,0,1,0,0,1,1,28,4
206,0,0,1,0,0,1,1,33,4
150062,0,0,1,0,0,1,1,28,4
569,0,0,1,0,0,1,1,34,4
512,0,0,1,0,0,1,1,56,4
167,0,0,1,0,0,1,1,51,4
626,0,0,1,0,0,1,1,24,4
560,0,0,1,0,0,1,1,31,4
529,0,0,1,0,0,1,0,30,4
1020,0,0,1,0,0,1,0,31,4
1029,0,0,1,0,0,1,0,56,4
292,0,0,1,0,0,1,1,34,4
270,0,0,1,0,0,1,1,24,4
2,0,0,1,0,0,1,1,25,4
471,0,0,1,0,0,1,0,24,4
375,0,0,1,0,0,1,1,21,4
488,0,0,1,0,0,1,0,36,4
1232,0,0,1,0,0,1,0,25,4
137,0,0,1,0,0,1,1,28,4
372,0,0,1,0,0,1,1,50,4
717,0,0,1,0,0,1,1,47,4
866,0,0,1,0,0,1,1,23,4
748,0,0,1,0,0,1,1,31,4
1791,0,0,1,0,0,1,1,30,4
1031,0,0,1,0,0,1,0,33,4
350,0,0,1,0,0,1,1,44,4
643,0,0,1,0,0,1,1,24,4
1288,0,0,1,0,0,1,1,48,4
915,0,0,1,0,0,1,1,54,4
306,0,0,1,0,0,1,1,20,4
359,0,0,1,0,0,1,1,30,4
275,0,0,1,0,0,1,1,26,4
1548,0,0,1,0,0,1,1,32,4
696,0,0,1,0,0,1,1,24,4
266,0,0,1,0,0,1,1,38,4
735,0,0,1,0,0,1,1,31,4
221,0,0,1,0,0,1,1,23,4
1845,0,0,1,0,0,1,1,44,4
823,0,0,1,0,0,1,1,24,4
229,0,0,1,0,0,1,0,33,4
256,0,0,1,0,0,1,1,23,4
452,0,0,1,0,0,1,0,24,4
146,0,0,1,0,0,1,1,27,4
456,0,0,1,0,0,1,1,30,4
615,0,0,1,0,0,1,1,23,4
1277,0,0,1,0,0,1,0,19,4
1574,0,0,1,0,0,1,0,32,4
574,0,0,1,0,0,1,1,25,4
385,0,0,1,0,0,1,0,59,4
578,0,0,1,0,0,1,1,25,4
732,0,0,1,0,0,1,1,24,4
1115,0,0,1,0,0,1,1,28,4
508,0,0,1,0,0,1,1,42,4
243,0,0,1,0,0,1,1,40,4
719,0,0,1,0,0,1,0,56,4
299,0,0,1,0,0,1,1,34,4
311,0,0,1,0,0,1,1,44,4
1459,0,0,1,0,0,1,1,31,4
712,0,0,1,0,0,1,0,42,4
509,0,0,1,0,0,1,1,27,4
1251,0,0,1,0,0,1,0,23,4
6,0,0,1,0,0,1,0,17,4
581,0,0,1,0,0,1,0,56,4
913,0,0,1,0,0,1,1,27,4
360,0,0,1,0,0,1,1,19,4
1003,0,0,1,0,0,1,1,21,4
250,0,0,1,0,0,1,1,24,4
402,0,0,1,0,0,1,1,27,4
691,0,0,1,0,0,1,0,31,4
489,0,0,1,0,0,1,1,46,4
468,0,0,1,0,0,1,1,23,4
881,0,0,1,0,0,1,1,40,4
1316,0,0,1,0,0,1,1,28,4
447,0,0,1,0,0,1,1,25,4
272,0,0,1,0,0,1,1,31,4
601,0,0,1,0,0,1,1,31,4
907,0,0,1,0,0,1,1,23,4
649,0,0,1,0,0,1,1,36,4
1207,0,0,1,0,0,1,1,29,4
320,0,0,1,0,0,1,1,31,4
613,0,0,1,0,0,1,0,38,4
57,0,0,1,0,0,1,1,24,4
937,0,0,1,0,0,1,0,23,4
1525,0,0,1,0,0,1,1,30,4
1161,0,0,1,0,0,1,1,31,4
1361,0,0,1,0,0,1,1,27,4
1513,0,0,1,0,0,1,1,23,4
1346,0,0,1,0,0,1,1,58,4
1284,0,0,1,0,0,1,1,28,4
194,0,0,1,0,0,1,1,23,4
363,0,0,1,0,0,1,1,26,4
333,0,0,1,0,0,1,1,45,4
1079,0,0,1,0,0,1,0,39,4
968,0,0,1,0,0,1,1,21,4
766,0,0,1,0,0,1,1,21,4
658,0,0,1,0,0,1,0,38,4
118,0,0,1,0,0,1,1,30,4
2289,0,0,1,0,0,1,0,26,4
1332,0,0,1,0,0,1,1,31,4
446,0,0,1,0,0,1,1,24,4
788,0,0,1,0,0,1,1,25,4
906,0,0,1,0,0,1,1,28,4
1329,0,0,1,0,0,1,0,25,4
1344,0,0,1,0,0,1,0,41,4
659,0,0,1,0,0,1,1,33,4
828,0,0,1,0,0,1,1,59,4
611,0,0,1,0,0,1,1,22,4
899,0,0,1,0,0,1,1,27,4
331,0,0,1,0,0,1,1,27,4
164,0,0,1,0,0,1,1,51,4
385,0,0,1,0,0,1,1,31,4
639,0,0,1,0,0,1,0,25,4
223,0,0,1,0,0,1,1,35,4
49,0,0,1,0,0,1,1,25,4
625,0,0,1,0,0,1,1,21,4
365,0,0,1,0,0,1,1,43,4
158,0,0,1,0,0,1,1,41,4
464,0,0,1,0,0,1,1,38,4
49,0,0,1,0,0,1,0,32,4
1487,0,0,1,0,0,1,1,34,4
170,0,0,1,0,0,1,1,32,4
907,0,0,1,0,0,1,0,24,4
1497,0,0,1,0,0,1,0,28,4
60,0,0,1,0,0,1,1,35,4
346,0,0,1,0,0,1,1,29,4
340,0,0,1,0,0,1,0,32,4
340,0,0,1,0,0,1,1,56,4
1209,0,0,1,0,0,1,0,29,4
1025,0,0,1,0,0,1,0,30,4
1180,0,0,1,0,0,1,1,27,4
1061,0,0,1,0,0,1,1,29,4
1105,0,0,1,0,0,1,1,47,4
444,0,0,1,0,0,1,1,30,4
687,0,0,1,0,0,1,0,29,4
414,0,0,1,0,0,1,1,23,4
263,0,0,1,0,0,1,1,23,4
147,0,0,1,0,0,1,1,45,4
321,0,0,1,0,0,1,1,27,4
666,0,0,1,0,0,1,1,28,4
288,0,0,1,0,0,1,1,26,4
580,0,0,1,0,0,1,1,31,4
179,0,0,1,0,0,1,1,27,4
464,0,0,1,0,0,1,1,45,4
450,0,0,1,0,0,1,1,35,4
420,0,0,1,0,0,1,1,30,4
176,0,0,1,0,0,1,1,25,4
582,0,0,1,0,0,1,1,57,4
358,0,0,1,0,0,1,1,24,4
321,0,0,1,0,0,1,1,57,4
440,0,0,1,0,0,1,0,20,4
586,0,0,1,0,0,1,1,39,4
1569,0,0,1,0,0,1,1,31,4
184,0,0,1,0,0,1,1,19,4
348,0,0,1,0,0,1,1,24,4
510,0,0,1,0,0,1,1,35,4
342,0,0,1,0,0,1,1,31,4
880,0,0,1,0,0,1,0,28,4
840,0,0,1,0,0,1,0,26,4
423,0,0,1,0,0,1,0,42,4
231,0,0,1,0,0,1,1,26,4
425,0,0,1,0,0,1,1,25,4
990,0,0,1,0,0,1,1,31,4
281,0,0,1,0,0,1,1,53,4
1388,0,0,1,0,0,1,1,26,4
625,0,0,1,0,0,1,0,33,4
843,0,0,1,0,0,1,1,36,4
448,0,0,1,0,0,1,1,25,4
1044,0,0,1,0,0,1,0,30,4
557,0,0,1,0,0,1,1,23,4
755,0,0,1,0,0,1,0,34,4
649,0,0,1,0,0,1,1,27,4
336,0,0,1,0,0,1,1,26,4
518,0,0,1,0,0,1,1,42,4
449,0,0,1,0,0,1,0,25,4
514,0,0,1,0,0,1,1,25,4
101,0,0,1,0,0,1,0,32,4
496,0,0,1,0,0,1,1,67,4
786,0,0,1,0,0,1,0,29,4
415,0,0,1,0,0,1,1,25,4
478,0,0,1,0,0,1,1,42,4
255,0,0,1,0,0,1,0,42,4
579,0,0,1,0,0,1,1,22,4
804,0,0,1,0,0,1,0,20,4
713,0,0,1,0,0,1,0,27,4
743,0,0,1,0,0,1,1,29,4
1493,0,0,1,0,0,1,1,31,4
323,0,0,1,0,0,1,1,18,4
746,0,0,1,0,0,1,1,26,4
684,0,0,1,0,0,1,0,24,4
306,0,0,1,0,0,1,0,29,4
537,0,0,1,0,0,1,0,32,4
192,0,0,1,0,0,1,1,26,4
613,0,0,1,0,0,1,1,26,4
557,0,0,1,0,0,1,1,27,4
341,0,0,1,0,0,1,1,29,4
829,0,0,1,0,0,1,1,20,4
438,0,0,1,0,0,1,1,27,4
607,0,0,1,0,0,1,1,25,4
444,0,0,1,0,0,1,1,52,4
1679,0,0,1,0,0,1,1,34,4
310,0,0,1,0,0,1,1,21,4
202,0,0,1,0,0,1,1,23,4
197,0,0,1,0,0,1,1,28,4
1128,0,0,1,0,0,1,1,31,4
337,0,0,1,0,0,1,1,34,4
894,0,0,1,0,0,1,0,35,4
224,0,0,1,0,0,1,1,29,4
331,0,0,1,0,0,1,1,41,4
1070,0,0,1,0,0,1,1,29,4
432,0,0,1,0,0,1,1,53,4
249,0,0,1,0,0,1,1,25,4
447,0,0,1,0,0,1,1,40,4
316,0,0,1,0,0,1,1,19,4
276,0,0,1,0,0,1,1,23,4
511,0,0,1,0,0,1,1,34,4
1446,0,0,1,0,0,1,1,36,4
437,0,0,1,0,0,1,1,30,4
502,0,0,1,0,0,1,1,32,4
134,0,0,1,0,0,1,1,27,4
900,0,0,1,0,0,1,0,30,4
613,0,0,1,0,0,1,0,26,4
827,0,0,1,0,0,1,1,24,4
1085,0,0,1,0,0,1,1,48,4
368,0,0,1,0,0,1,1,27,4
1584,0,0,1,0,0,1,0,18,4
732,0,0,1,0,0,1,1,25,4
1509,0,0,1,0,0,1,0,30,4
1232,0,0,1,0,0,1,1,23,4
1142,0,0,1,0,0,1,1,29,4
399,0,0,1,0,0,1,1,30,4
1078,0,0,1,0,0,1,1,51,4
236,0,0,1,0,0,1,1,30,4
503,0,0,1,0,0,1,1,35,4
323,0,0,1,0,0,1,1,23,4
632,0,0,1,0,0,1,1,20,4
545,0,0,1,0,0,1,1,31,4
772,0,0,1,0,0,1,0,28,4
404,0,0,1,0,0,1,1,40,4
376,0,0,1,0,0,1,1,29,4
512,0,0,1,0,0,1,1,29,4
483,0,0,1,0,0,1,1,46,4
1407,0,0,1,0,0,1,0,34,4
1073,0,0,1,0,0,1,0,31,4
702,0,0,1,0,0,1,1,22,4
419,0,0,1,0,0,1,1,40,4
116,0,0,1,0,0,1,1,28,4
545,0,0,1,0,0,1,0,24,4
406,0,0,1,0,0,1,1,47,4
533,0,0,1,0,0,1,0,41,4
112,0,0,1,0,0,1,1,28,4
599,0,0,1,0,0,1,1,29,4
343,0,0,1,0,0,1,0,31,4
1561,0,0,1,0,0,1,1,25,4
321,0,0,1,0,0,1,1,35,4
265,0,0,1,0,0,1,1,41,4
673,0,0,1,0,0,1,0,25,4
151,0,0,1,0,0,1,1,29,4
1347,0,0,1,0,0,1,0,31,4
582,0,0,1,0,0,1,0,49,4
340,0,0,1,0,0,1,1,26,4
542,0,0,1,0,0,1,1,51,4
3335,0,0,1,0,0,1,0,27,4
999,0,0,1,0,0,1,0,42,4
112,0,0,1,0,0,1,1,26,4
230,0,0,1,0,0,1,1,28,4
523,0,0,1,0,0,1,1,37,4
549,0,0,1,0,0,1,0,38,4
541,0,0,1,0,0,1,1,23,4
942,0,0,1,0,0,1,0,35,4
916,0,0,1,0,0,1,0,25,4
883,0,0,1,0,0,1,1,29,4
433,0,0,1,0,0,1,0,25,4
536,0,0,1,0,0,1,1,34,4
450,0,0,1,0,0,1,0,23,4
186,0,0,1,0,0,1,0,28,4
423,0,0,1,0,0,1,1,30,4
1167,0,0,1,0,0,1,0,20,4
643,0,0,1,0,0,1,1,23,4
1470,0,0,1,0,0,1,1,52,4
311,0,0,1,0,0,1,0,36,4
483,0,0,1,0,0,1,0,21,4
434,0,0,1,0,0,1,1,40,4
858,0,0,1,0,0,1,1,30,4
577,0,0,1,0,0,1,1,39,4
360,0,0,1,0,0,1,1,27,4
455,0,0,1,0,0,1,1,32,4
273,0,0,1,0,0,1,0,21,4
543,0,0,1,0,0,1,1,23,4
428,0,0,1,0,0,1,1,28,4
391,0,0,1,0,0,1,1,27,4
811,0,0,1,0,0,1,0,25,4
240,0,0,1,0,0,1,1,19,4
813,0,0,1,0,0,1,1,24,4
992,0,0,1,0,0,1,1,28,4
708,0,0,1,0,0,1,0,30,4
963,0,0,1,0,0,1,0,32,4
585,0,0,1,0,0,1,0,38,4
904,0,0,1,0,0,1,1,48,4
170,0,0,1,0,0,1,1,21,4
512,0,0,1,0,0,1,1,23,4
492,0,0,1,0,0,1,1,24,4
492,0,0,1,0,0,1,0,38,4
1638,0,0,1,0,0,1,0,24,4
338,0,0,1,0,0,1,1,30,4
537,0,0,1,0,0,1,1,41,4
482,0,0,1,0,0,1,1,28,4
332,0,0,1,0,0,1,1,24,4
273,0,0,1,0,0,1,1,31,4
273,0,0,1,0,0,1,1,66,4
714,0,0,1,0,0,1,1,30,4
1663,0,0,1,0,0,1,1,28,4
577,0,0,1,0,0,1,0,25,4
666,0,0,1,0,0,1,1,35,4
1168,0,0,1,0,0,1,0,24,4
528,0,0,1,0,0,1,0,31,4
566,0,0,1,0,0,1,1,20,4
463,0,0,1,0,0,1,1,27,4
274,0,0,1,0,0,1,1,40,4
320,0,0,1,0,0,1,1,30,4
186,0,0,1,0,0,1,1,20,4
556,0,0,1,0,0,1,0,30,4
1059,0,0,1,0,0,1,0,35,4
627,0,0,1,0,0,1,1,29,4
283,0,0,1,0,0,1,1,29,4
666,0,0,1,0,0,1,1,21,4
749,0,0,1,0,0,1,1,34,4
468,0,0,1,0,0,1,1,39,4
1404,0,0,1,0,0,1,0,28,4
304,0,0,1,0,0,1,1,29,4
431,0,0,1,0,0,1,1,52,4
247,0,0,1,0,0,1,1,35,4
682,0,0,1,0,0,1,1,22,4
179,0,0,1,0,0,1,1,21,4
2064,0,0,1,0,0,1,1,24,4
743,0,0,1,0,0,1,1,46,4
670,0,0,1,0,0,1,1,30,4
230,0,0,1,0,0,1,1,36,4
675,0,0,1,0,0,1,0,30,4
805,0,0,1,0,0,1,1,31,4
757,0,0,1,0,0,1,1,30,4
1519,0,0,1,0,0,1,1,29,4
481,0,0,1,0,0,1,1,28,4
981,0,0,1,0,0,1,1,23,4
796,0,0,1,0,0,1,0,25,4
773,0,0,1,0,0,1,1,34,4
318,0,0,1,0,0,1,0,20,4
532,0,0,1,0,0,1,1,24,4
697,0,0,1,0,0,1,1,39,4
1668,0,0,1,0,0,1,0,25,4
312,0,0,1,0,0,1,1,26,4
185,0,0,1,0,0,1,1,30,4
3433,0,0,1,0,0,1,1,31,4
641,0,0,1,0,0,1,1,44,4
880,0,0,1,0,0,1,1,26,4
393,0,0,1,0,0,1,0,24,4
1184,0,0,1,0,0,1,0,24,4
334,0,0,1,0,0,1,1,20,4
96,0,0,1,0,0,1,1,46,4
1669,0,0,1,0,0,1,0,42,4
653,0,0,1,0,0,1,1,23,4
1361,0,0,1,0,0,1,1,21,4
529,0,0,1,0,0,1,0,34,4
414,0,0,1,0,0,1,1,27,4
391,0,0,1,0,0,1,1,31,4
1204,0,0,1,0,0,1,0,56,4
2785,0,0,1,0,0,1,1,24,4
1171,0,0,1,0,0,1,1,25,4
566,0,0,1,0,0,1,0,39,4
489,0,0,1,0,0,1,1,33,4
366,0,0,1,0,0,1,1,25,4
577,0,0,1,0,0,1,1,28,4
1332,0,0,1,0,0,1,1,30,4
314,0,0,1,0,0,1,1,35,4
4030,0,0,1,0,0,1,0,35,4
465,0,0,1,0,0,1,1,29,4
825,0,0,1,0,0,1,0,42,4
1075,0,0,1,0,0,1,1,30,4
645,0,0,1,0,0,1,1,23,4
974,0,0,1,0,0,1,1,26,4
641,0,0,1,0,0,1,1,29,4
935,0,0,1,0,0,1,1,25,4
1125,0,0,1,0,0,1,1,39,4
282,0,0,1,0,0,1,1,26,4
613,0,0,1,0,0,1,0,42,4
22,0,0,1,0,0,1,1,36,4
488,0,0,1,0,0,1,1,21,4
351,0,0,1,0,0,1,0,24,4
518,0,0,1,0,0,1,0,35,4
154,0,0,1,0,0,1,0,21,4
633,0,0,1,0,0,1,1,33,4
337,0,0,1,0,0,1,1,25,4
275,0,0,1,0,0,1,1,35,4
869,0,0,1,0,0,1,0,29,4
703,0,0,1,0,0,1,1,28,4
615,0,0,1,0,0,1,0,59,4
150,0,0,1,0,0,1,1,25,4
1092,0,0,1,0,0,1,1,27,4
213,0,0,1,0,0,1,1,25,4
485,0,0,1,0,0,1,0,26,4
563,0,0,1,0,0,1,0,65,4
1262,0,0,1,0,0,1,0,35,4
570,0,0,1,0,0,1,1,27,4
188,0,0,1,0,0,1,0,27,4
467,0,0,1,0,0,1,1,30,4
673,0,0,1,0,0,1,0,35,4
1046,0,0,1,0,0,1,1,56,4
705,0,0,1,0,0,1,1,29,4
975,0,0,1,0,0,1,0,36,4
377,0,0,1,0,0,1,1,27,4
374,0,0,1,0,0,1,1,27,4
572,0,0,1,0,0,1,1,35,4
430,0,0,1,0,0,1,0,21,4
461,0,0,1,0,0,1,0,26,4
913,0,0,1,0,0,1,1,27,4
292,0,0,1,0,0,1,1,22,4
271,0,0,1,0,0,1,1,21,4
463,0,0,1,0,0,1,1,50,4
313,0,0,1,0,0,1,1,23,4
1248,0,0,1,0,0,1,1,29,4
1213,0,0,1,0,0,1,0,28,4
1027,0,0,1,0,0,1,0,24,4
453,0,0,1,0,0,1,1,51,4
1106,0,0,1,0,0,1,0,24,4
210,0,0,1,0,0,1,1,20,4
496,0,0,1,0,0,1,1,32,4
153,0,0,1,0,0,1,1,36,4
1042,0,0,1,0,0,1,1,52,4
377,0,0,1,0,0,1,1,51,4
598,0,0,1,0,0,1,1,25,4
774,0,0,1,0,0,1,1,26,4
488,0,0,1,0,0,1,1,42,4
596,0,0,1,0,0,1,0,31,4
499,0,0,1,0,0,1,1,36,4
592,0,0,1,0,0,1,1,29,4
1367,0,0,1,0,0,1,0,28,4
521,0,0,1,0,0,1,1,21,4
122,0,0,1,0,0,1,1,26,4
874,0,0,1,0,0,1,1,28,4
341,0,0,1,0,0,1,0,27,4
248,0,0,1,0,0,1,1,24,4
511,0,0,1,0,0,1,1,29,4
174,0,0,1,0,0,1,1,24,4
801,0,0,1,0,0,1,1,32,4
280,0,0,1,0,0,1,1,29,4
855,0,0,1,0,0,1,1,34,4
330,0,0,1,0,0,1,0,20,4
727,0,0,1,0,0,1,1,20,4
773,0,0,1,0,0,1,0,35,4
101,0,0,1,0,0,1,1,35,4
1741,0,0,1,0,0,1,0,53,4
1104,0,0,1,0,0,1,0,27,4
162,0,0,1,0,0,1,1,28,4
815,0,0,1,0,0,1,1,35,4
343,0,0,1,0,0,1,1,25,4
992,0,0,1,0,0,1,1,29,4
696,0,0,1,0,0,1,1,29,4
650,0,0,1,0,0,1,0,21,4
380,0,0,1,0,0,1,0,30,4
474,0,0,1,0,0,1,1,23,4
442,0,0,1,0,0,1,0,24,4
761,0,0,1,0,0,1,0,26,4
283,0,0,1,0,0,1,1,38,4
479,0,0,1,0,0,1,1,24,4
338,0,0,1,0,0,1,1,42,4
264,0,0,1,0,0,1,1,33,4
546,0,0,1,0,0,1,1,67,4
719,0,0,1,0,0,1,1,28,4
764,0,0,1,0,0,1,1,28,4
3639,0,0,1,0,0,1,0,38,4
1160,0,0,1,0,0,1,1,32,4
421,0,0,1,0,0,1,1,32,4
128,0,0,1,0,0,1,1,30,4
1289,0,0,1,0,0,1,1,21,4
355,0,0,1,0,0,1,1,24,4
356,0,0,1,0,0,1,1,26,4
635,0,0,1,0,0,1,0,23,4
839,0,0,1,0,0,1,1,44,4
654,0,0,1,0,0,1,0,27,4
550,0,0,1,0,0,1,0,24,4
966,0,0,1,0,0,1,0,32,4
1441,0,0,1,0,0,1,1,42,4
1747,0,0,1,0,0,1,1,21,4
597,0,0,1,0,0,1,1,27,4
633,0,0,1,0,0,1,1,33,4
649,0,0,1,0,0,1,1,37,4
516,0,0,1,0,0,1,0,32,4
662,0,0,1,0,0,1,1,25,4
768,0,0,1,0,0,1,1,29,4
1014,0,0,1,0,0,1,0,35,4
1000,0,0,1,0,0,1,1,27,4
529,0,0,1,0,0,1,1,31,4
443,0,0,1,0,0,1,1,40,4
269,0,0,1,0,0,1,1,34,4
1320,0,0,1,0,0,1,0,25,4
660,0,0,1,0,0,1,1,34,4
750,0,0,1,0,0,1,0,21,4
437,0,0,1,0,0,1,0,24,4
161,0,0,1,0,0,1,1,33,4
487,0,0,1,0,0,1,1,50,4
325,0,0,1,0,0,1,1,26,4
858,0,0,1,0,0,1,1,38,4
323,0,0,1,0,0,1,1,26,4
535,0,0,1,0,0,1,0,28,4
1244,0,0,1,0,0,1,1,26,4
308,0,0,1,0,0,1,1,32,4
507,0,0,1,0,0,1,1,35,4
415,0,0,1,0,0,1,1,25,4
336,0,0,1,0,0,1,0,31,4
810,0,0,1,0,0,1,1,21,4
744,0,0,1,0,0,1,1,29,4
397,0,0,1,0,0,1,1,28,4
771,0,0,1,0,0,1,1,22,4
389,0,0,1,0,0,1,1,23,4
324,0,0,1,0,0,1,1,26,4
457,0,0,1,0,0,1,1,48,4
929,0,0,1,0,0,1,0,27,4
1483,0,0,1,0,0,1,1,22,4
357,0,0,1,0,0,1,1,40,4
605,0,0,1,0,0,1,1,25,4
917,0,0,1,0,0,1,1,36,4
374,0,0,1,0,0,1,0,33,4
369,0,0,1,0,0,1,1,29,4
497,0,0,1,0,0,1,1,47,4
845,0,0,1,0,0,1,0,25,4
777,0,0,1,0,0,1,1,25,4
596,0,0,1,0,0,1,1,25,4
1536,0,0,1,0,0,1,0,56,4
675,0,0,1,0,0,1,0,27,4
1046,0,0,1,0,0,1,1,19,4
816,0,0,1,0,0,1,1,28,4
433,0,0,1,0,0,1,1,43,4
567,0,0,1,0,0,1,1,35,4
483,0,0,1,0,0,1,1,36,4
903,0,0,1,0,0,1,1,21,4
377,0,0,1,0,0,1,1,23,4
683,0,0,1,0,0,1,1,28,4
526,0,0,1,0,0,1,1,27,4
461,0,0,1,0,0,1,0,24,4
410,0,0,1,0,0,1,1,19,4
394,0,0,1,0,0,1,1,50,4
786,0,0,1,0,0,1,1,36,4
521,0,0,1,0,0,1,1,27,4
726,0,0,1,0,0,1,1,46,4
1531,0,0,1,0,0,1,1,29,4
258,0,0,1,0,0,1,1,30,4
227,0,0,1,0,0,1,1,31,4
979,0,0,1,0,0,1,1,25,4
670,0,0,1,0,0,1,0,21,4
536,0,0,1,0,0,1,0,29,4
395,0,0,1,0,0,1,1,44,4
3479,0,0,1,0,0,1,1,26,4
485,0,0,1,0,0,1,0,27,4
413,0,0,1,0,0,1,1,24,4
1196,0,0,1,0,0,1,1,25,4
221,0,0,1,0,0,1,0,33,4
1534,0,0,1,0,0,1,1,24,4
1397,0,0,1,0,0,1,0,24,4
530,0,0,1,0,0,1,0,26,4
2192,0,0,1,0,0,1,1,33,4
922,0,0,1,0,0,1,1,35,4
544,0,0,1,0,0,1,0,29,4
916,0,0,1,0,0,1,1,21,4
585,0,0,1,0,0,1,1,28,4
391,0,0,1,0,0,1,0,30,4
484,0,0,1,0,0,1,1,30,4
150,0,0,1,0,0,1,1,36,4
232,0,0,1,0,0,1,1,29,4
719,0,0,1,0,0,1,0,27,4
278,0,0,1,0,0,1,0,35,4
221,0,0,1,0,0,1,1,31,4
613,0,0,1,0,0,1,0,24,4
871,0,0,1,0,0,1,0,31,4
501,0,0,1,0,0,1,0,30,4
2828,0,0,1,0,0,1,1,42,4
313,0,0,1,0,0,1,1,26,4
471,0,0,1,0,0,1,0,29,4
774,0,0,1,0,0,1,1,35,4
487,0,0,1,0,0,1,1,25,4
1363,0,0,1,0,0,1,1,24,4
540,0,0,1,0,0,1,1,32,4
458,0,0,1,0,0,1,0,30,4
644,0,0,1,0,0,1,1,31,4
545,0,0,1,0,0,1,0,24,4
960,0,0,1,0,0,1,0,29,4
407,0,0,1,0,0,1,1,30,4
607,0,0,1,0,0,1,1,20,4
718,0,0,1,0,0,1,1,22,4
105,0,0,1,0,0,1,1,28,4
455,0,0,1,0,0,1,1,47,4
1492,0,0,1,0,0,1,1,27,4
456,0,0,1,0,0,1,1,30,4
1116,0,0,1,0,0,1,1,28,4
634,0,0,1,0,0,1,1,26,4
560,0,0,1,0,0,1,1,19,4
291,0,0,1,0,0,1,1,25,4
1447,0,0,1,0,0,1,0,24,4
1285,0,0,1,0,0,1,1,24,4
195,0,0,1,0,0,1,1,48,4
66,0,0,1,0,0,1,0,56,4
501,0,0,1,0,0,1,1,30,4
1580,0,0,1,0,0,1,1,27,4
598,0,0,1,0,0,1,1,32,4
643,0,0,1,0,0,1,0,32,4
1823,0,0,1,0,0,1,1,32,4
1379,0,0,1,0,0,1,1,43,4
448,0,0,1,0,0,1,1,49,4
610,0,0,1,0,0,1,1,23,4
835,0,0,1,0,0,1,1,32,4
170,0,0,1,0,0,1,1,32,4
1180,0,0,1,0,0,1,1,25,4
696,0,0,1,0,0,1,1,26,4
446,0,0,1,0,0,1,1,25,4
1641,0,0,1,0,0,1,1,21,4
339,0,0,1,0,0,1,0,32,4
700,0,0,1,0,0,1,1,39,4
143,0,0,1,0,0,1,0,30,4
882,0,0,1,0,0,1,1,59,4
386,0,0,1,0,0,1,1,23,4
662,0,0,1,0,0,1,0,28,4
603,0,0,1,0,0,1,0,26,4
706,0,0,1,0,0,1,1,39,4
861,0,0,1,0,0,1,1,25,4
859,0,0,1,0,0,1,1,29,4
143,0,0,1,0,0,1,1,21,4
197,0,0,1,0,0,1,0,35,4
448,0,0,1,0,0,1,0,30,4
256,0,0,1,0,0,1,1,45,4
432,0,0,1,0,0,1,1,22,4
471,0,0,1,0,0,1,1,51,4
648,0,0,1,0,0,1,1,25,4
574,0,0,1,0,0,1,1,25,4
180,0,0,1,0,0,1,1,46,4
513,0,0,1,0,0,1,1,34,4
399,0,0,1,0,0,1,1,30,4
213,0,0,1,0,0,1,1,24,4
559,0,0,1,0,0,1,0,20,4
507,0,0,1,0,0,1,0,31,4
223,0,0,1,0,0,1,0,24,4
644,0,0,1,0,0,1,1,54,4
442,0,0,1,0,0,1,0,41,4
173,0,0,1,0,0,1,1,36,4
400,0,0,1,0,0,1,1,48,4
1458,0,0,1,0,0,1,0,23,4
4199,0,0,1,0,0,1,0,40,4
634,0,0,1,0,0,1,1,24,4
314,0,0,1,0,0,1,0,22,4
298,0,0,1,0,0,1,0,32,4
182,0,0,1,0,0,1,1,41,4
1402,0,0,1,0,0,1,1,30,4
384,0,0,1,0,0,1,0,31,4
671,0,0,1,0,0,1,1,23,4
418,0,0,1,0,0,1,0,24,4
38,0,0,1,0,0,1,1,29,4
206,0,0,1,0,0,1,0,23,4
710,0,0,1,0,0,1,1,27,4
1277,0,0,1,0,0,1,1,37,4
441,0,0,1,0,0,1,1,37,4
352,0,0,1,0,0,1,1,29,4
387,0,0,1,0,0,1,1,51,4
222,0,0,1,0,0,1,1,36,4
275,0,0,1,0,0,1,1,31,4
1920,0,0,1,0,0,1,0,58,4
448,0,0,1,0,0,1,1,30,4
1060,0,0,1,0,0,1,1,40,4
360,0,0,1,0,0,1,1,23,4
415,0,0,1,0,0,1,1,26,4
366,0,0,1,0,0,1,1,23,4
305,0,0,1,0,0,1,1,26,4
455,0,0,1,0,0,1,1,28,4
597,0,0,1,0,0,1,1,41,4
1335,0,0,1,0,0,1,1,28,4
1592,0,0,1,0,0,1,1,18,4
814,0,0,1,0,0,1,1,29,4
190,0,0,1,0,0,1,1,21,4
523,0,0,1,0,0,1,1,42,4
417,0,0,1,0,0,1,1,25,4
1105,0,0,1,0,0,1,1,34,4
170,0,0,1,0,0,1,1,23,4
623,0,0,1,0,0,1,1,52,4
166,0,0,1,0,0,1,1,20,4
567,0,0,1,0,0,1,0,25,4
1027,0,0,1,0,0,1,0,37,4
440,0,0,1,0,0,1,1,34,4
148,0,0,1,0,0,1,1,28,4
1304,0,0,1,0,0,1,1,29,4
142,0,0,1,0,0,1,1,19,4
658,0,0,1,0,0,1,1,42,4
934,0,0,1,0,0,1,1,51,4
356,0,0,1,0,0,1,1,35,4
726,0,0,1,0,0,1,1,41,4
102,0,0,1,0,0,1,1,36,4
1891,0,0,1,0,0,1,0,28,4
1117,0,0,1,0,0,1,1,46,4
809,0,0,1,0,0,1,1,35,4
1230,0,0,1,0,0,1,1,27,4
388,0,0,1,0,0,1,1,32,4
357,0,0,1,0,0,1,1,25,4
865,0,0,1,0,0,1,1,22,4
423,0,0,1,0,0,1,1,25,4
254,0,0,1,0,0,1,1,27,4
502,0,0,1,0,0,1,1,22,4
474,0,0,1,0,0,1,1,28,4
330,0,0,1,0,0,1,0,44,4
323,0,0,1,0,0,1,0,47,4
739,0,0,1,0,0,1,1,27,4
1314,0,0,1,0,0,1,1,23,4
341,0,0,1,0,0,1,1,24,4
545,0,0,1,0,0,1,1,26,4
393,0,0,1,0,0,1,1,32,4
521,0,0,1,0,0,1,1,38,4
1010,0,0,1,0,0,1,1,42,4
469,0,0,1,0,0,1,1,28,4
141,0,0,1,0,0,1,0,36,4
1233,0,0,1,0,0,1,1,26,4
417,0,0,1,0,0,1,0,59,4
819,0,0,1,0,0,1,1,35,4
318,0,0,1,0,0,1,1,39,4
267,0,0,1,0,0,1,1,22,4
1639,0,0,1,0,0,1,0,25,4
1007,0,0,1,0,0,1,0,21,4
1135,0,0,1,0,0,1,0,25,4
279,0,0,1,0,0,1,1,26,4
1064,0,0,1,0,0,1,1,49,4
605,0,0,1,0,0,1,0,25,4
525,0,0,1,0,0,1,1,24,4
55,0,0,1,0,0,1,1,29,4
194,0,0,1,0,0,1,1,20,4
728,0,0,1,0,0,1,1,25,4
411,0,0,1,0,0,1,0,25,4
335,0,0,1,0,0,1,1,55,4
613,0,0,1,0,0,1,1,34,4
610,0,0,1,0,0,1,0,31,4
1910,0,0,1,0,0,1,1,60,4
1423,0,0,1,0,0,1,1,22,4
155,0,0,1,0,0,1,1,37,4
416,0,0,1,0,0,1,1,26,4
695,0,0,1,0,0,1,1,29,4
339,0,0,1,0,0,1,1,33,4
1098,0,0,1,0,0,1,1,28,4
2994,0,0,1,0,0,1,1,30,4
945,0,0,1,0,0,1,0,35,4
461,0,0,1,0,0,1,1,22,4
717,0,0,1,0,0,1,1,34,4
1305,0,0,1,0,0,1,1,25,4
310,0,0,1,0,0,1,0,41,4
967,0,0,1,0,0,1,0,28,4
386,0,0,1,0,0,1,1,40,4
725,0,0,1,0,0,1,1,27,4
335,0,0,1,0,0,1,1,39,4
2340,0,0,1,0,0,1,0,31,4
58,0,0,1,0,0,1,1,31,4
705,0,0,1,0,0,1,1,41,4
619,0,0,1,0,0,1,0,22,4
1533,0,0,1,0,0,1,0,29,4
420,0,0,1,0,0,1,1,26,4
3961,0,0,1,0,0,1,1,27,4
319,0,0,1,0,0,1,1,26,4
209,0,0,1,0,0,1,1,38,4
469,0,0,1,0,0,1,0,22,4
2259,0,0,1,0,0,1,1,31,4
303,0,0,1,0,0,1,0,45,4
319,0,0,1,0,0,1,1,30,4
847,0,0,1,0,0,1,1,30,4
784,0,0,1,0,0,1,0,27,4
257,0,0,1,0,0,1,1,27,4
1675,0,0,1,0,0,1,0,53,4
222,0,0,1,0,0,1,1,19,4
249,0,0,1,0,0,1,1,20,4
672,0,0,1,0,0,1,1,42,4
527,0,0,1,0,0,1,1,31,4
918,0,0,1,0,0,1,1,24,4
546,0,0,1,0,0,1,1,33,4
763,0,0,1,0,0,1,1,35,4
232,0,0,1,0,0,1,0,50,4
495,0,0,1,0,0,1,1,27,4
706,0,0,1,0,0,1,1,34,4
1624,0,0,1,0,0,1,1,29,4
242,0,0,1,0,0,1,1,38,4
2318,0,0,1,0,0,1,1,41,4
374,0,0,1,0,0,1,0,29,4
499,0,0,1,0,0,1,1,27,4
303,0,0,1,0,0,1,1,45,4
656,0,0,1,0,0,1,0,29,4
171,0,0,1,0,0,1,1,36,4
634,0,0,1,0,0,1,1,33,4
381,0,0,1,0,0,1,1,59,4
190,0,0,1,0,0,1,0,22,4
517,0,0,1,0,0,1,1,52,4
443,0,0,1,0,0,1,1,34,4
768,0,0,1,0,0,1,1,39,4
204857,1,0,0,0,0,1,0,34,4
964,0,0,1,0,0,1,0,21,4
463,0,0,1,0,0,1,0,65,4
417,0,0,1,0,0,1,1,29,4
942,0,0,1,0,0,1,1,34,4
450,0,0,1,0,0,1,1,30,4
280,0,0,1,0,0,1,0,27,4
607,0,0,1,0,0,1,1,41,4
336,0,0,1,0,0,1,1,26,4
368,0,0,1,0,0,1,1,32,4
816,0,0,1,0,0,1,1,20,4
253,0,0,1,0,0,1,1,28,4
592,0,0,1,0,0,1,0,30,4
865,0,0,1,0,0,1,1,49,4
1000,0,0,1,0,0,1,1,45,4
433,0,0,1,0,0,1,1,27,4
698,0,0,1,0,0,1,1,28,4
122,0,0,0,1,1,0,1,24,3
690,0,0,0,1,1,0,1,33,3
310,0,0,0,1,1,0,1,22,3
275,0,0,0,1,1,0,1,18,3
710,0,0,0,1,1,0,0,34,3
537,0,0,0,1,1,0,0,27,3
422,0,0,0,1,1,0,0,47,3
435,0,0,0,1,0,1,1,34,3
587,0,0,0,1,1,0,1,33,3
1293,0,0,0,1,1,0,1,21,3
742,0,0,0,1,1,0,0,50,3
560,0,0,0,1,1,0,0,26,3
279,0,0,0,1,1,0,0,29,3
1034,0,0,0,1,0,1,1,29,3
438,0,0,0,1,0,1,1,23,3
724,0,0,0,1,1,0,0,27,3
732,0,0,0,1,1,0,0,37,3
341,0,0,0,1,0,1,1,27,3
495,0,0,0,1,1,0,1,30,3
162,0,0,0,1,1,0,1,31,3
361,0,0,0,1,0,1,0,27,3
576,0,0,0,1,1,0,1,23,3
414,0,0,0,1,0,1,0,29,3
222,0,0,0,1,0,1,1,27,3
555,0,0,0,1,1,0,1,35,3
438,0,0,0,1,0,1,1,28,3
351,0,0,0,1,1,0,1,29,3
636,0,0,0,1,0,1,1,18,3
1251,0,0,0,1,1,0,0,27,3
1381,0,0,0,1,0,1,1,25,3
415,0,0,0,1,0,1,1,21,3
648,0,0,0,1,0,1,1,25,3
277,0,0,0,1,0,1,1,24,3
955,0,0,0,1,0,1,1,25,3
1369,0,0,0,1,1,0,1,21,3
710,0,0,0,1,0,1,1,22,3
823,0,0,0,1,1,0,0,25,3
642,0,0,0,1,1,0,1,35,3
280,0,0,0,1,1,0,1,67,3
473,0,0,0,1,1,0,1,23,3
941,0,0,0,1,1,0,0,30,3
1656,0,0,0,1,1,0,1,30,3
658,0,0,0,1,0,1,1,31,3
318,0,0,0,1,0,1,1,34,3
113,0,0,0,1,0,1,1,30,3
224,0,0,0,1,0,1,1,45,3
300,0,0,0,1,1,0,1,31,3
256,0,0,0,1,1,0,1,24,3
473,0,0,0,1,0,1,1,27,3
352,0,0,0,1,1,0,1,40,3
190,0,0,0,1,0,1,1,26,3
1080,0,0,0,1,1,0,0,26,3
10615,0,0,0,1,1,0,0,34,3
560,0,0,0,1,1,0,0,32,3
983,0,0,0,1,1,0,1,26,3
249,0,0,0,1,1,0,0,29,3
362,0,0,0,1,1,0,1,23,3
554,0,0,0,1,1,0,1,23,3
376,0,0,0,1,1,0,0,30,3
388,0,0,0,1,1,0,1,54,3
495,0,0,0,1,0,1,1,23,3
524,0,0,0,1,1,0,1,28,3
842,0,0,0,1,1,0,0,26,3
565,0,0,0,1,1,0,1,35,3
542,0,0,0,1,1,0,1,25,3
394,0,0,0,1,1,0,1,25,3
987,0,0,0,1,1,0,1,24,3
616,0,0,0,1,0,1,1,26,3
2358,0,0,0,1,1,0,0,24,3
403,0,0,0,1,0,1,0,32,3
723,0,0,0,1,1,0,1,33,3
638,0,0,0,1,0,1,1,29,3
28,0,0,0,1,0,1,1,28,3
689,0,0,0,1,1,0,0,29,3
573,0,0,0,1,1,0,1,22,3
1071,0,0,0,1,0,1,1,40,3
300,0,0,0,1,1,0,1,31,3
298,0,0,0,1,0,1,1,30,3
326,0,0,0,1,1,0,1,19,3
628,0,0,0,1,0,1,1,21,3
109,0,0,0,1,0,1,1,23,3
600,0,0,0,1,0,1,1,28,3
320,0,0,0,1,1,0,1,22,3
952,0,0,0,1,1,0,0,37,3
417,0,0,0,1,1,0,1,30,3
966,0,0,0,1,0,1,1,22,3
322,0,0,0,1,1,0,1,70,3
1221,0,0,0,1,1,0,0,22,3
568,0,0,0,1,0,1,1,24,3
443,0,0,0,1,0,1,1,24,3
802,0,0,0,1,1,0,1,55,3
427,0,0,0,1,1,0,0,47,3
222,0,0,0,1,1,0,1,50,3
663,0,0,0,1,1,0,0,35,3
1375,0,0,0,1,1,0,1,29,3
1518,0,0,0,1,0,1,0,23,3
749,0,0,0,1,1,0,1,22,3
395,0,0,0,1,1,0,0,30,3
1084,0,0,0,1,0,1,0,21,3
835,0,0,0,1,1,0,1,60,3
326,0,0,0,1,1,0,1,18,3
254,0,0,0,1,0,1,1,24,3
362,0,0,0,1,1,0,1,40,3
769,0,0,0,1,0,1,1,35,3
754,0,0,0,1,0,1,1,26,3
457,0,0,0,1,1,0,1,54,3
446,0,0,0,1,1,0,0,47,3
475,0,0,0,1,0,1,1,26,3
520,0,0,0,1,1,0,1,30,3
667,0,0,0,1,0,1,0,21,3
923,0,0,0,1,0,1,1,27,3
345,0,0,0,1,1,0,1,33,3
892,0,0,0,1,1,0,0,19,3
674,0,0,0,1,0,1,1,33,3
2528,0,0,0,1,0,1,1,26,3
209,0,0,0,1,1,0,1,28,3
315,0,0,0,1,0,1,1,20,3
312,0,0,0,1,1,0,1,25,3
304,0,0,0,1,1,0,1,25,3
1025,0,0,0,1,0,1,0,25,3
345,0,0,0,1,0,1,1,23,3
751,0,0,0,1,1,0,0,30,3
345,0,0,0,1,0,1,1,30,3
915,0,0,0,1,1,0,1,34,3
445,0,0,0,1,1,0,1,25,3
619,0,0,0,1,1,0,1,23,3
756,0,0,0,1,0,1,1,24,3
449,0,0,0,1,1,0,1,29,3
3295,0,0,0,1,0,1,1,29,3
554,0,0,0,1,0,1,1,29,3
1481,0,0,0,1,0,1,1,36,3
398,0,0,0,1,1,0,1,24,3
1133,0,0,0,1,0,1,1,31,3
181,0,0,0,1,1,0,1,40,3
332,0,0,0,1,1,0,1,29,3
912,0,0,0,1,0,1,1,29,3
465,0,0,0,1,1,0,1,41,3
172,0,0,0,1,1,0,0,24,3
417,0,0,0,1,0,1,1,23,3
395,0,0,0,1,0,1,1,21,3
956,0,0,0,1,1,0,1,26,3
213,0,0,0,1,1,0,0,31,3
156,0,0,0,1,1,0,1,24,3
284,0,0,0,1,0,1,1,22,3
548,0,0,0,1,1,0,1,28,3
687,0,0,0,1,1,0,1,40,3
489,0,0,0,1,0,1,0,24,3
433,0,0,0,1,0,1,1,25,3
970,0,0,0,1,0,1,1,24,3
623,0,0,0,1,1,0,1,23,3
768,0,0,0,1,1,0,0,22,3
227,0,0,0,1,1,0,1,31,3
976,0,0,0,1,1,0,0,37,3
850,0,0,0,1,0,1,1,30,3
193,0,0,0,1,1,0,1,27,3
1026,0,0,0,1,1,0,1,23,3
361,0,0,0,1,1,0,1,22,3
562,0,0,0,1,0,1,0,31,3
179,0,0,0,1,1,0,1,22,3
444,0,0,0,1,0,1,1,28,3
345,0,0,0,1,1,0,1,31,3
554,0,0,0,1,1,0,1,28,3
644,0,0,0,1,1,0,0,32,3
615,0,0,0,1,1,0,1,25,3
676,0,0,0,1,0,1,1,27,3
359,0,0,0,1,0,1,1,28,3
500,0,0,0,1,0,1,1,25,3
635,0,0,0,1,1,0,1,27,3
610,0,0,0,1,1,0,1,23,3
696,0,0,0,1,0,1,1,40,3
322,0,0,0,1,0,1,1,55,3
298,0,0,0,1,1,0,1,22,3
681,0,0,0,1,1,0,1,31,3
374,0,0,0,1,0,1,1,29,3
2,0,0,0,1,1,0,1,22,3
429,0,0,0,1,1,0,1,23,3
331,0,0,0,1,1,0,1,38,3
422,0,0,0,1,0,1,1,26,3
455,0,0,0,1,1,0,0,27,3
682,0,0,0,1,1,0,0,26,3
530,0,0,0,1,0,1,1,28,3
625,0,0,0,1,1,0,0,24,3
187,0,0,0,1,1,0,1,28,3
441,0,0,0,1,1,0,1,35,3
235,0,0,0,1,1,0,1,29,3
899,0,0,0,1,0,1,1,26,3
250,0,0,0,1,0,1,1,31,3
812,0,0,0,1,1,0,0,24,3
806,0,0,0,1,1,0,1,28,3
599,0,0,0,1,1,0,1,23,3
1025,0,0,0,1,1,0,1,28,3
426,0,0,0,1,1,0,1,23,3
321,0,0,0,1,0,1,0,55,3
986,0,0,0,1,1,0,1,38,3
1013,0,0,0,1,0,1,1,27,3
224,0,0,0,1,1,0,0,34,3
419,0,0,0,1,1,0,1,21,3
558,0,0,0,1,1,0,1,27,3
743,0,0,0,1,1,0,0,26,3
201,0,0,0,1,1,0,1,40,3
929,0,0,0,1,0,1,1,29,3
534,0,0,0,1,0,1,1,31,3
95,0,0,0,1,1,0,1,22,3
383,0,0,0,1,0,1,1,26,3
558,0,0,0,1,0,1,1,19,3
434,0,0,0,1,0,1,0,25,3
547,0,0,0,1,1,0,1,22,3
609,0,0,0,1,0,1,1,29,3
1062,0,0,0,1,1,0,1,23,3
382,0,0,0,1,1,0,1,29,3
469,0,0,0,1,1,0,1,22,3
178,0,0,0,1,1,0,1,29,3
440,0,0,0,1,1,0,1,51,3
177,0,0,0,1,0,1,1,28,3
244,0,0,0,1,1,0,1,31,3
186,0,0,0,1,0,1,1,39,3
764,0,0,0,1,1,0,1,62,3
1694,0,0,0,1,1,0,1,21,3
270,0,0,0,1,1,0,0,29,3
1064,0,0,0,1,1,0,1,36,3
39369,0,0,0,1,0,1,1,24,3
757,0,0,0,1,1,0,1,22,3
1698,0,0,0,1,0,1,1,29,3
1694,0,0,0,1,0,1,1,43,3
896,0,0,0,1,0,1,1,23,3
358,0,0,0,1,1,0,0,25,3
752,0,0,0,1,1,0,1,29,3
503,0,0,0,1,1,0,1,56,3
804,0,0,0,1,1,0,0,26,3
209,0,0,0,1,1,0,0,34,3
841,0,0,0,1,0,1,1,44,3
611,0,0,0,1,0,1,1,40,3
514,0,0,0,1,0,1,1,23,3
646,0,0,0,1,0,1,1,27,3
660,0,0,0,1,1,0,0,27,3
599,0,0,0,1,0,1,1,30,3
830,0,0,0,1,0,1,0,35,3
666,0,0,0,1,1,0,1,25,3
462,0,0,0,1,1,0,1,29,3
200,0,0,0,1,0,1,1,25,3
3235,0,0,0,1,0,1,1,29,3
404,0,0,0,1,0,1,0,21,3
272,0,0,0,1,1,0,0,29,3
1268,0,0,0,1,1,0,1,26,3
1078,0,0,0,1,1,0,0,27,3
726,0,0,0,1,1,0,1,20,3
178,0,0,0,1,1,0,0,25,3
366,0,0,0,1,0,1,1,21,3
577,0,0,0,1,1,0,1,29,3
1371,0,0,0,1,1,0,0,65,3
1743,0,0,0,1,1,0,1,27,3
463,0,0,0,1,1,0,1,21,3
980,0,0,0,1,1,0,1,27,3
1339,0,0,0,1,1,0,1,24,3
739,0,0,0,1,1,0,1,29,3
750,0,0,0,1,1,0,1,40,3
1495,0,0,0,1,0,1,1,29,3
97,0,0,0,1,0,1,0,23,3
1382,0,0,0,1,1,0,1,28,3
433,0,0,0,1,1,0,1,42,3
466,0,0,0,1,0,1,1,23,3
201,0,0,0,1,1,0,1,25,3
504,0,0,0,1,1,0,1,25,3
1211,0,0,0,1,0,1,1,22,3
719,0,0,0,1,1,0,1,27,3
125,0,0,0,1,1,0,1,23,3
20,0,0,0,1,0,1,1,35,3
618,0,0,0,1,1,0,1,23,3
2039,0,0,0,1,0,1,1,26,3
242,0,0,0,1,0,1,1,24,3
358,0,0,0,1,1,0,1,25,3
186,0,0,0,1,1,0,1,23,3
900,0,0,0,1,1,0,1,32,3
708,0,0,0,1,1,0,0,35,3
404,0,0,0,1,1,0,1,30,3
8,0,0,0,1,0,1,1,28,3
317,0,0,0,1,0,1,1,29,3
558,0,0,0,1,1,0,0,42,3
860,0,0,0,1,1,0,1,38,3
585,0,0,0,1,1,0,1,22,3
442,0,0,0,1,1,0,0,26,3
343,0,0,0,1,1,0,0,35,3
863,0,0,0,1,0,1,1,38,3
664,0,0,0,1,0,1,0,25,3
590,0,0,0,1,0,1,1,21,3
502,0,0,0,1,1,0,0,24,3
349,0,0,0,1,0,1,1,20,3
691,0,0,0,1,1,0,1,23,3
512,0,0,0,1,0,1,0,25,3
574,0,0,0,1,1,0,1,23,3
1446,0,0,0,1,1,0,1,27,3
1847,0,0,0,1,0,1,0,28,3
253,0,0,0,1,1,0,0,29,3
523,0,0,0,1,1,0,0,24,3
853,0,0,0,1,1,0,1,36,3
872,0,0,0,1,1,0,1,31,3
246,0,0,0,1,1,0,0,27,3
200,0,0,0,1,0,1,1,23,3
873,0,0,0,1,1,0,1,55,3
365,0,0,0,1,0,1,1,28,3
167,0,0,0,1,0,1,1,36,3
493,0,0,0,1,1,0,1,22,3
430,0,0,0,1,1,0,0,31,3
638,0,0,0,1,0,1,1,28,3
77,0,0,0,1,0,1,1,19,3
1439,0,0,0,1,0,1,1,27,3
1165,0,0,0,1,0,1,1,24,3
95,0,0,0,1,0,1,1,26,3
344,0,0,0,1,1,0,0,30,3
1164,0,0,0,1,0,1,1,34,3
487,0,0,0,1,0,1,1,29,3
862,0,0,0,1,0,1,1,22,3
432,0,0,0,1,1,0,0,22,3
1072,0,0,0,1,0,1,0,36,3
401,0,0,0,1,0,1,1,28,3
324,0,0,0,1,1,0,1,43,3
395,0,0,0,1,1,0,1,26,3
345,0,0,0,1,1,0,1,43,3
253,0,0,0,1,0,1,1,31,3
763,0,0,0,1,0,1,0,41,3
199,0,0,0,1,1,0,1,33,3
859,0,0,0,1,0,1,1,29,3
201,0,0,0,1,1,0,1,36,3
946,0,0,0,1,0,1,1,24,3
593,0,0,0,1,1,0,1,27,3
169,0,0,0,1,1,0,1,29,3
282,0,0,0,1,0,1,1,25,3
606,0,0,0,1,0,1,1,30,3
300,0,0,0,1,0,1,1,23,3
998,0,0,0,1,0,1,1,27,3
371,0,0,0,1,1,0,1,24,3
1113,0,0,0,1,1,0,1,23,3
841,0,0,0,1,1,0,1,35,3
905,0,0,0,1,0,1,1,29,3
1131,0,0,0,1,0,1,1,23,3
240,0,0,0,1,1,0,0,29,3
433,0,0,0,1,0,1,1,21,3
129,0,0,0,1,0,1,1,24,3
192,0,0,0,1,1,0,1,44,3
849,0,0,0,1,1,0,1,25,3
640,0,0,0,1,0,1,1,27,3
563,0,0,0,1,0,1,1,46,3
115,0,0,0,1,1,0,1,40,3
484,0,0,0,1,0,1,0,24,3
765,0,0,0,1,1,0,1,36,3
723,0,0,0,1,1,0,1,36,3
969,0,0,0,1,0,1,1,24,3
141,0,0,0,1,1,0,1,23,3
673,0,0,0,1,0,1,1,24,3
417,0,0,0,1,0,1,1,41,3
645,0,0,0,1,1,0,0,27,3
356,0,0,0,1,0,1,0,29,3
1307,0,0,0,1,0,1,0,22,3
204,0,0,0,1,1,0,1,40,3
318,0,0,0,1,1,0,1,24,3
801,0,0,0,1,1,0,1,23,3
370,0,0,0,1,1,0,0,21,3
212,0,0,0,1,1,0,1,30,3
484,0,0,0,1,0,1,1,28,3
483,0,0,0,1,1,0,1,21,3
222,0,0,0,1,1,0,0,34,3
425,0,0,0,1,1,0,1,26,3
339,0,0,0,1,1,0,1,40,3
312,0,0,0,1,0,1,1,25,3
619,0,0,0,1,0,1,1,25,3
797,0,0,0,1,0,1,1,24,3
27,0,0,0,1,1,0,1,21,3
572,0,0,0,1,1,0,1,25,3
1361,0,0,0,1,1,0,1,29,3
249,0,0,0,1,0,1,1,22,3
662,0,0,0,1,1,0,1,24,3
552,0,0,0,1,0,1,1,28,3
463,0,0,0,1,0,1,0,27,3
265,0,0,0,1,0,1,1,31,3
658,0,0,0,1,1,0,1,36,3
513,0,0,0,1,1,0,1,22,3
715,0,0,0,1,1,0,1,19,3
277,0,0,0,1,0,1,1,30,3
187,0,0,0,1,1,0,1,35,3
386,0,0,0,1,1,0,0,20,3
208,0,0,0,1,1,0,1,31,3
1173,0,0,0,1,0,1,1,28,3
428,0,0,0,1,0,1,1,34,3
281,0,0,0,1,1,0,1,20,3
882,0,0,0,1,0,1,1,22,3
504,0,0,0,1,0,1,1,27,3
567,0,0,0,1,0,1,1,25,3
742,0,0,0,1,0,1,1,25,3
750,0,0,0,1,1,0,0,33,3
1048,0,0,0,1,1,0,0,28,3
503,0,0,0,1,0,1,1,24,3
447,0,0,0,1,1,0,1,27,3
558,0,0,0,1,1,0,1,29,3
243,0,0,0,1,1,0,1,43,3
384,0,0,0,1,1,0,1,54,3
581,0,0,0,1,1,0,0,23,3
415,0,0,0,1,0,1,1,26,3
477,0,0,0,1,0,1,0,30,3
561,0,0,0,1,1,0,1,27,3
399,0,0,0,1,1,0,1,22,3
231,0,0,0,1,0,1,1,31,3
2058,0,0,0,1,0,1,1,32,3
717,0,0,0,1,0,1,1,23,3
823,0,0,0,1,1,0,1,22,3
381,0,0,0,1,0,1,0,27,3
583,0,0,0,1,1,0,1,24,3
823,0,0,0,1,1,0,1,55,3
675,0,0,0,1,1,0,1,22,3
482,0,0,0,1,0,1,1,25,3
342,0,0,0,1,1,0,0,35,3
509,0,0,0,1,1,0,0,26,3
394,0,0,0,1,0,1,1,29,3
538,0,0,0,1,0,1,1,28,3
258,0,0,0,1,0,1,1,32,3
278,0,0,0,1,0,1,1,31,3
648,0,0,0,1,0,1,1,22,3
319,0,0,0,1,1,0,1,40,3
103,0,0,0,1,0,1,1,28,3
1252,0,0,0,1,1,0,1,26,3
1705,0,0,0,1,0,1,0,31,3
558,0,0,0,1,0,1,1,46,3
1890,0,0,0,1,0,1,1,21,3
1025,0,0,0,1,0,1,1,22,3
324,0,0,0,1,0,1,1,28,3
241,0,0,0,1,0,1,0,27,3
399,0,0,0,1,1,0,1,54,3
528,0,0,0,1,1,0,1,29,3
528,0,0,0,1,0,1,1,26,3
707,0,0,0,1,0,1,1,22,3
457,0,0,0,1,0,1,1,25,3
302,0,0,0,1,1,0,1,31,3
589,0,0,0,1,1,0,1,23,3
1004,0,0,0,1,0,1,0,32,3
223,0,0,0,1,1,0,1,19,3
605,0,0,0,1,1,0,1,22,3
369,0,0,0,1,1,0,0,34,3
594,0,0,0,1,0,1,1,40,3
751,0,0,0,1,1,0,1,38,3
345,0,0,0,1,1,0,1,21,3
322,0,0,0,1,1,0,1,50,3
1204,0,0,0,1,1,0,1,26,3
373,0,0,0,1,1,0,1,30,3
426,0,0,0,1,0,1,1,26,3
642,0,0,0,1,1,0,1,51,3
409,0,0,0,1,1,0,1,45,3
338,0,0,0,1,0,1,1,27,3
958,0,0,0,1,1,0,1,33,3
651,0,0,0,1,0,1,1,22,3
1402,0,0,0,1,0,1,0,25,3
348,0,0,0,1,1,0,0,35,3
1248,0,0,0,1,1,0,0,23,3
597,0,0,0,1,0,1,1,47,3
380,0,0,0,1,1,0,1,38,3
348,0,0,0,1,1,0,0,31,3
549,0,0,0,1,0,1,1,33,3
397,0,0,0,1,0,1,1,33,3
391,0,0,0,1,0,1,0,29,3
324,0,0,0,1,1,0,1,24,3
342,0,0,0,1,1,0,1,28,3
525,0,0,0,1,1,0,0,26,3
547,0,0,0,1,1,0,1,23,3
860,0,0,0,1,1,0,1,28,3
317,0,0,0,1,1,0,0,27,3
587,0,0,0,1,1,0,1,23,3
726,0,0,0,1,0,1,1,27,3
871,0,0,0,1,0,1,1,39,3
66,0,0,0,1,1,0,1,42,3
768,0,0,0,1,0,1,1,25,3
918,0,0,0,1,1,0,0,23,3
304,0,0,0,1,0,1,0,22,3
853,0,0,0,1,1,0,1,42,3
619,0,0,0,1,1,0,1,55,3
486,0,0,0,1,0,1,1,28,3
198,0,0,0,1,1,0,1,43,3
161,0,0,0,1,1,0,1,21,3
262,0,0,0,1,1,0,0,25,3
1129,0,0,0,1,1,0,1,22,3
2577,0,0,0,1,1,0,0,23,3
924,0,0,0,1,1,0,1,20,3
542,0,0,0,1,0,1,1,27,3
608,0,0,0,1,1,0,1,31,3
432,0,0,0,1,1,0,1,27,3
769,0,0,0,1,1,0,0,33,3
1129,0,0,0,1,0,1,1,26,3
12,0,0,0,1,0,1,1,30,3
724,0,0,0,1,0,1,1,24,3
343,0,0,0,1,1,0,0,26,3
189,0,0,0,1,0,1,1,24,3
968,0,0,0,1,0,1,1,27,3
487,0,0,0,1,1,0,1,53,3
1074,0,0,0,1,0,1,0,25,3
642,0,0,0,1,1,0,1,23,3
559,0,0,0,1,1,0,1,23,3
338,0,0,0,1,1,0,1,18,3
585,0,0,0,1,0,1,1,26,3
292,0,0,0,1,1,0,1,31,3
367,0,0,0,1,0,1,1,47,3
327,0,0,0,1,1,0,1,29,3
397,0,0,0,1,1,0,1,40,3
767,0,0,0,1,0,1,0,31,3
382,0,0,0,1,0,1,1,31,3
919,0,0,0,1,0,1,0,20,3
771,0,0,0,1,1,0,1,55,3
668,0,0,0,1,0,1,1,20,3
1901,0,0,0,1,1,0,0,28,3
453,0,0,0,1,1,0,1,27,3
443,0,0,0,1,1,0,1,23,3
203,0,0,0,1,0,1,1,23,3
631,0,0,0,1,1,0,0,34,3
668,0,0,0,1,0,1,1,23,3
490,0,0,0,1,0,1,1,19,3
2213,0,0,0,1,1,0,1,34,3
1000,0,0,0,1,1,0,1,28,3
1611,0,0,0,1,1,0,0,29,3
328,0,0,0,1,0,1,1,30,3
728,0,0,0,1,0,1,0,30,3
1179,0,0,0,1,0,1,0,27,3
833,0,0,0,1,0,1,1,25,3
283,0,0,0,1,0,1,1,27,3
921,0,0,0,1,1,0,0,32,3
473,0,0,0,1,1,0,0,47,3
175,0,0,0,1,0,1,1,27,3
611,0,0,0,1,1,0,1,27,3
615,0,0,0,1,0,1,0,20,3
467,0,0,0,1,1,0,1,31,3
121,0,0,0,1,1,0,1,23,3
294,0,0,0,1,1,0,0,34,3
3,0,0,0,1,0,1,0,27,3
1185,0,0,0,1,1,0,1,21,3
318,0,0,0,1,1,0,0,29,3
563,0,0,0,1,1,0,1,29,3
1831,0,0,0,1,0,1,1,25,3
296,0,0,0,1,0,1,1,25,3
370,0,0,0,1,0,1,1,27,3
1099,0,0,0,1,1,0,1,32,3
140,0,0,0,1,1,0,1,38,3
482,0,0,0,1,0,1,1,36,3
508,0,0,0,1,1,0,1,26,3
473,0,0,0,1,1,0,1,31,3
565,0,0,0,1,1,0,1,38,3
495,0,0,0,1,1,0,0,26,3
153,0,0,0,1,0,1,1,31,3
670,0,0,0,1,0,1,1,25,3
681,0,0,0,1,0,1,1,24,3
948,0,0,0,1,1,0,1,25,3
484,0,0,0,1,1,0,1,29,3
1277,0,0,0,1,1,0,1,23,3
845,0,0,0,1,1,0,1,29,3
415,0,0,0,1,1,0,1,47,3
531,0,0,0,1,0,1,0,30,3
817,0,0,0,1,1,0,1,26,3
378,0,0,0,1,0,1,1,22,3
620,0,0,0,1,1,0,1,26,3
1640,0,0,0,1,1,0,0,32,3
160,0,0,0,1,1,0,1,33,3
366,0,0,0,1,1,0,1,32,3
375,0,0,0,1,1,0,0,31,3
381,0,0,0,1,1,0,1,29,3
930,0,0,0,1,0,1,1,21,3
591,0,0,0,1,1,0,1,25,3
793,0,0,0,1,0,1,0,29,3
719,0,0,0,1,1,0,1,29,3
363,0,0,0,1,1,0,1,29,3
703,0,0,0,1,0,1,1,34,3
1323,0,0,0,1,0,1,0,28,3
583,0,0,0,1,1,0,1,33,3
359,0,0,0,1,1,0,1,45,3
640,0,0,0,1,1,0,1,23,3
728,0,0,0,1,0,1,1,26,3
1599,0,0,0,1,1,0,1,21,3
455,0,0,0,1,1,0,1,27,3
13,0,0,0,1,0,1,0,29,3
332,0,0,0,1,1,0,1,18,3
497,0,0,0,1,0,1,1,23,3
540,0,0,0,1,0,1,1,31,3
463,0,0,0,1,1,0,1,28,3
400,0,0,0,1,0,1,1,30,3
602,0,0,0,1,1,0,1,42,3
370,0,0,0,1,0,1,1,27,3
717,0,0,0,1,0,1,1,23,3
677,0,0,0,1,1,0,1,23,3
550,0,0,0,1,1,0,0,30,3
354,0,0,0,1,1,0,1,40,3
367,0,0,0,1,1,0,1,30,3
123,0,0,0,1,0,1,1,29,3
631,0,0,0,1,0,1,1,21,3
384,0,0,0,1,1,0,1,23,3
913,0,0,0,1,0,1,1,25,3
1154,0,0,0,1,1,0,0,23,3
855,0,0,0,1,1,0,1,25,3
443,0,0,0,1,1,0,1,25,3
526,0,0,0,1,1,0,0,35,3
417,0,0,0,1,1,0,1,32,3
617,0,0,0,1,0,1,1,27,3
750,0,0,0,1,1,0,1,36,3
1013,0,0,0,1,1,0,1,30,3
147,0,0,0,1,0,1,1,25,3
404,0,0,0,1,1,0,1,51,3
1014,0,0,0,1,1,0,1,20,3
226,0,0,0,1,1,0,1,38,3
510,0,0,0,1,0,1,1,27,3
638,0,0,0,1,1,0,1,27,3
687,0,0,0,1,0,1,1,27,3
948,0,0,0,1,1,0,1,21,3
1061,0,0,0,1,1,0,1,26,3
1142,0,0,0,1,0,1,1,21,3
544,0,0,0,1,0,1,1,31,3
487,0,0,0,1,1,0,1,26,3
367,0,0,0,1,0,1,1,19,3
652,0,0,0,1,0,1,1,30,3
269,0,0,0,1,1,0,1,58,3
245,0,0,0,1,1,0,1,31,3
672,0,0,0,1,0,1,1,21,3
409,0,0,0,1,0,1,1,29,3
2544,0,0,0,1,0,1,1,29,3
783,0,0,0,1,1,0,1,31,3
936,0,0,0,1,1,0,1,29,3
580,0,0,0,1,0,1,1,23,3
2803,0,0,0,1,1,0,0,38,3
418,0,0,0,1,1,0,0,47,3
27016,0,0,0,1,1,0,1,47,3
230,0,0,0,1,1,0,1,26,3
1053,0,0,0,1,1,0,1,33,3
215,0,0,0,1,1,0,1,26,3
117,0,0,0,1,1,0,1,25,3
298,0,0,0,1,0,1,0,53,3
401,0,0,0,1,0,1,0,30,3
185,0,0,0,1,1,0,1,24,3
559,0,0,0,1,0,1,1,34,3
610,0,0,0,1,1,0,1,28,3
376,0,0,0,1,1,0,1,22,3
671,0,0,0,1,1,0,1,25,3
300,0,0,0,1,1,0,1,30,3
318,0,0,0,1,0,1,1,29,3
163,0,0,0,1,0,1,1,33,3
588,0,0,0,1,1,0,1,23,3
344,0,0,0,1,0,1,1,31,3
1428,0,0,0,1,0,1,1,26,3
1542,0,0,0,1,1,0,0,23,3
344,0,0,0,1,0,1,1,26,3
749,0,0,0,1,1,0,1,22,3
658,0,0,0,1,1,0,1,23,3
361,0,0,0,1,1,0,0,30,3
1133,0,0,0,1,0,1,1,36,3
1357,0,0,0,1,0,1,0,26,3
861,0,0,0,1,0,1,1,29,3
255,0,0,0,1,0,1,1,24,3
491,0,0,0,1,1,0,1,27,3
336,0,0,0,1,1,0,1,26,3
288,0,0,0,1,1,0,1,25,3
118,0,0,0,1,0,1,1,25,3
477,0,0,0,1,1,0,1,29,3
1151,0,0,0,1,0,1,1,29,3
842,0,0,0,1,1,0,1,28,3
900,0,0,0,1,0,1,1,32,3
762,0,0,0,1,0,1,1,32,3
730,0,0,0,1,1,0,1,21,3
1602,0,0,0,1,1,0,1,22,3
241,0,0,0,1,0,1,1,30,3
477,0,0,0,1,1,0,0,24,3
389,0,0,0,1,1,0,1,30,3
161,0,0,0,1,1,0,0,27,3
561,0,0,0,1,1,0,0,23,3
1234,0,0,0,1,0,1,1,25,3
2459,0,0,0,1,0,1,1,36,3
232,0,0,0,1,0,1,1,25,3
538,0,0,0,1,1,0,1,22,3
777,0,0,0,1,0,1,1,30,3
636,0,0,0,1,1,0,1,23,3
582,0,0,0,1,1,0,1,22,3
266,0,0,0,1,1,0,1,23,3
573,0,0,0,1,0,1,1,29,3
338,0,0,0,1,1,0,1,39,3
548,0,0,0,1,1,0,1,38,3
507,0,0,0,1,0,1,1,28,3
420,0,0,0,1,0,1,1,39,3
148,0,0,0,1,1,0,1,30,3
271,0,0,0,1,1,0,1,28,3
377,0,0,0,1,1,0,0,25,3
839,0,0,0,1,1,0,1,31,3
306,0,0,0,1,1,0,1,49,3
473,0,0,0,1,1,0,1,27,3
1768,0,0,0,1,1,0,0,25,3
766,0,0,0,1,1,0,1,37,3
567,0,0,0,1,0,1,1,28,3
826,0,0,0,1,1,0,1,22,3
223,0,0,0,1,1,0,0,29,3
537,0,0,0,1,1,0,0,24,3
1345,0,0,0,1,1,0,1,50,3
758,0,0,0,1,1,0,1,29,3
669,0,0,0,1,1,0,0,35,3
1013,0,0,0,1,0,1,1,25,3
409,0,0,0,1,0,1,1,39,3
783,0,0,0,1,1,0,1,26,3
742,0,0,0,1,0,1,1,29,3
1041,0,0,0,1,0,1,1,29,3
449,0,0,0,1,0,1,0,35,3
639,0,0,0,1,1,0,0,35,3
876,0,0,0,1,1,0,0,32,3
523,0,0,0,1,1,0,1,28,3
399,0,0,0,1,1,0,1,31,3
246,0,0,0,1,0,1,1,28,3
509,0,0,0,1,1,0,1,25,3
129,0,0,0,1,1,0,1,25,3
1262,0,0,0,1,1,0,1,31,3
365,0,0,0,1,0,1,1,25,3
225,0,0,0,1,1,0,1,22,3
769,0,0,0,1,1,0,1,29,3
376,0,0,0,1,1,0,1,23,3
782,0,0,0,1,0,1,1,25,3
8,0,0,0,1,0,1,1,22,3
549,0,0,0,1,0,1,1,28,3
569,0,0,0,1,1,0,1,29,3
1771,0,0,0,1,0,1,1,25,3
1474,0,0,0,1,0,1,1,21,3
855,0,0,0,1,0,1,0,26,3
536,0,0,0,1,1,0,0,35,3
1225,0,0,0,1,1,0,1,38,3
324,0,0,0,1,0,1,1,26,3
613,0,0,0,1,0,1,0,26,3
1231,0,0,0,1,1,0,1,26,3
920,0,0,0,1,0,1,0,30,3
12,0,0,0,1,1,0,1,32,3
1511,0,0,0,1,0,1,1,26,3
409,0,0,0,1,1,0,1,40,3
366,0,0,0,1,0,1,1,27,3
360,0,0,0,1,1,0,1,23,3
862,0,0,0,1,1,0,0,25,3
473,0,0,0,1,1,0,0,21,3
728,0,0,0,1,1,0,1,21,3
199,0,0,0,1,1,0,1,37,3
969,0,0,0,1,0,1,1,26,3
312,0,0,0,1,1,0,1,31,3
1216,0,0,0,1,0,1,1,25,3
1425,0,0,0,1,1,0,1,28,3
922,0,0,0,1,1,0,0,32,3
293,0,0,0,1,0,1,1,27,3
121,0,0,0,1,1,0,1,28,3
211,0,0,0,1,0,1,1,27,3
423,0,0,0,1,1,0,1,23,3
173,0,0,0,1,0,1,1,30,3
824,0,0,0,1,1,0,1,20,3
306,0,0,0,1,0,1,1,34,3
389,0,0,0,1,1,0,1,27,3
966,0,0,0,1,0,1,1,24,3
739,0,0,0,1,1,0,1,22,3
192,0,0,0,1,1,0,1,29,3
219,0,0,0,1,1,0,0,24,3
966,0,0,0,1,1,0,1,21,3
702,0,0,0,1,1,0,0,31,3
910,0,0,0,1,0,1,1,29,3
331,0,0,0,1,1,0,1,23,3
764,0,0,0,1,1,0,1,21,3
332,0,0,0,1,1,0,1,26,3
975,0,0,0,1,1,0,1,35,3
299,0,0,0,1,0,1,1,26,3
514,0,0,0,1,1,0,1,31,3
880,0,0,0,1,0,1,1,23,3
1073,0,0,0,1,0,1,1,36,3
208,0,0,0,1,0,1,1,21,3
798,0,0,0,1,1,0,0,34,3
338,0,0,0,1,0,1,1,22,3
311,0,0,0,1,1,0,1,29,3
258,0,0,0,1,1,0,1,29,3
234,0,0,0,1,0,1,1,28,3
741,0,0,0,1,0,1,1,30,3
528,0,0,0,1,1,0,1,26,3
923,0,0,0,1,1,0,1,29,3
496,0,0,0,1,1,0,1,48,3
348,0,0,0,1,1,0,1,29,3
901,0,0,0,1,1,0,1,21,3
884,0,0,0,1,0,1,1,34,3
579,0,0,0,1,1,0,1,50,3
414,0,0,0,1,1,0,1,36,3
815,0,0,0,1,1,0,1,25,3
182,0,0,0,1,0,1,1,31,3
256,0,0,0,1,0,1,1,29,3
297,0,0,0,1,1,0,1,27,3
706,0,0,0,1,1,0,1,55,3
618,0,0,0,1,1,0,0,33,3
162,0,0,0,1,1,0,1,31,3
984,0,0,0,1,1,0,1,24,3
766,0,0,0,1,0,1,1,27,3
473,0,0,0,1,1,0,1,20,3
1543,0,0,0,1,1,0,1,29,3
525,0,0,0,1,1,0,1,56,3
610,0,0,0,1,0,1,1,25,3
2519,0,0,0,1,1,0,0,30,3
625,0,0,0,1,1,0,1,22,3
421,0,0,0,1,1,0,1,32,3
530,0,0,0,1,0,1,1,28,3
478,0,0,0,1,0,1,1,29,3
125,0,0,0,1,1,0,1,36,3
179,0,0,0,1,1,0,1,44,3
318,0,0,0,1,1,0,1,29,3
877,0,0,0,1,0,1,1,27,3
921,0,0,0,1,0,1,1,44,3
239,0,0,0,1,0,1,1,30,3
405,0,0,0,1,1,0,1,23,3
1042,0,0,0,1,0,1,1,27,3
1275,0,0,0,1,0,1,1,19,3
1757,0,0,0,1,1,0,0,25,3
1089,0,0,0,1,1,0,1,29,3
918,0,0,0,1,1,0,1,35,3
577,0,0,0,1,0,1,1,24,3
412,0,0,0,1,0,1,1,28,3
1164,0,0,0,1,0,1,0,23,3
768,0,0,0,1,1,0,1,29,3
297,0,0,0,1,1,0,1,26,3
779,0,0,0,1,0,1,1,34,3
653,0,0,0,1,0,1,1,55,3
290,0,0,0,1,0,1,1,39,3
269,0,0,0,1,1,0,1,45,3
35,0,0,0,1,0,1,1,28,3
522,0,0,0,1,0,1,1,19,3
114,0,0,0,1,1,0,1,30,3
313,0,0,0,1,1,0,1,35,3
538,0,0,0,1,1,0,1,42,3
1222,0,0,0,1,0,1,1,18,3
332,0,0,0,1,1,0,1,31,3
461,0,0,0,1,1,0,1,31,3
896,0,0,0,1,1,0,1,55,3
489,0,0,0,1,0,1,1,27,3
635,0,0,0,1,0,1,1,35,3
610,0,0,0,1,1,0,0,41,3
630,0,0,0,1,1,0,1,29,3
306,0,0,0,1,0,1,1,29,3
1053,0,0,0,1,1,0,0,33,3
493,0,0,0,1,0,1,0,27,3
239,0,0,0,1,0,1,1,31,3
410,0,0,0,1,1,0,1,46,3
300,0,0,0,1,0,1,1,26,3
1186,0,0,0,1,0,1,0,21,3
267,0,0,0,1,0,1,1,29,3
717,0,0,0,1,1,0,1,25,3
657,0,0,0,1,0,1,1,27,3
497,0,0,0,1,1,0,1,38,3
298,0,0,0,1,0,1,1,26,3
669,0,0,0,1,0,1,1,28,3
960,0,0,0,1,1,0,1,23,3
921,0,0,0,1,1,0,1,29,3
474,0,0,0,1,0,1,1,31,3
651,0,0,0,1,0,1,1,22,3
422,0,0,0,1,1,0,1,26,3
1152,0,0,0,1,1,0,1,26,3
227,0,0,0,1,1,0,1,25,3
255,0,0,0,1,1,0,0,29,3
267,0,0,0,1,1,0,1,27,3
407,0,0,0,1,1,0,1,23,3
354,0,0,0,1,1,0,1,54,3
915,0,0,0,1,1,0,1,36,3
328,0,0,0,1,0,1,1,51,3
251,0,0,0,1,1,0,0,29,3
254,0,0,0,1,0,1,1,28,3
535,0,0,0,1,0,1,1,29,3
514,0,0,0,1,0,1,1,36,3
200,0,0,0,1,1,0,1,44,3
98,0,0,0,1,0,1,1,24,3
119,0,0,0,1,1,0,1,29,3
790,0,0,0,1,1,0,1,30,3
38,0,0,0,1,0,1,0,23,3
560,0,0,0,1,1,0,1,29,3
913,0,0,0,1,0,1,1,28,3
437,0,0,0,1,0,1,1,23,3
815,0,0,0,1,0,1,1,28,3
309,0,0,0,1,1,0,1,26,3
578,0,0,0,1,1,0,1,27,3
453,0,0,0,1,1,0,1,56,3
829,0,0,0,1,1,0,0,32,3
1805,0,0,0,1,0,1,1,26,3
433,0,0,0,1,0,1,1,24,3
778,0,0,0,1,0,1,1,36,3
885,0,0,0,1,0,1,1,24,3
234,0,0,0,1,0,1,1,23,3
471,0,0,0,1,0,1,1,28,3
1003,0,0,0,1,1,0,1,28,3
255,0,0,0,1,1,0,0,34,3
512,0,0,0,1,1,0,1,38,3
987,0,0,0,1,0,1,1,29,3
186,0,0,0,1,1,0,1,21,3
664,0,0,0,1,1,0,1,30,3
225,0,0,0,1,1,0,1,29,3
7,0,0,0,1,1,0,1,25,3
306,0,0,0,1,0,1,1,21,3
496,0,0,0,1,1,0,1,46,3
518,0,0,0,1,0,1,1,25,3
355,0,0,0,1,1,0,1,20,3
318,0,0,0,1,1,0,0,35,3
636,0,0,0,1,0,1,1,28,3
175,0,0,0,1,1,0,0,22,3
1259,0,0,0,1,0,1,0,27,3
313,0,0,0,1,1,0,1,67,3
162,0,0,0,1,0,1,1,33,3
1043,0,0,0,1,0,1,1,41,3
350,0,0,0,1,1,0,1,27,3
338,0,0,0,1,0,1,1,48,3
15,0,0,0,1,0,1,0,27,3
343,0,0,0,1,0,1,1,55,3
1065,0,0,0,1,0,1,1,26,3
719,0,0,0,1,1,0,1,40,3
347,0,0,0,1,1,0,0,35,3
415,0,0,0,1,0,1,1,27,3
1559,0,0,0,1,0,1,1,23,3
4820,0,0,0,1,1,0,0,24,3
631,0,0,0,1,0,1,1,20,3
354,0,0,0,1,1,0,1,20,3
161,0,0,0,1,0,1,1,30,3
636,0,0,0,1,1,0,1,23,3
653,0,0,0,1,1,0,1,21,3
674,0,0,0,1,0,1,0,24,3
254,0,0,0,1,0,1,1,33,3
305,0,0,0,1,0,1,1,32,3
945,0,0,0,1,0,1,1,21,3
367,0,0,0,1,1,0,1,21,3
840,0,0,0,1,1,0,1,21,3
514,0,0,0,1,0,1,1,19,3
291,0,0,0,1,0,1,1,23,3
470,0,0,0,1,1,0,1,23,3
1121,0,0,0,1,1,0,1,25,3
223,0,0,0,1,1,0,1,31,3
467,0,0,0,1,1,0,1,56,3
523,0,0,0,1,1,0,1,29,3
328,0,0,0,1,0,1,1,23,3
515,0,0,0,1,1,0,1,29,3
387,0,0,0,1,1,0,1,25,3
527,0,0,0,1,1,0,1,56,3
787,0,0,0,1,1,0,0,30,3
282,0,0,0,1,1,0,1,38,3
345,0,0,0,1,1,0,1,25,3
147,0,0,0,1,0,1,1,46,3
1477,0,0,0,1,0,1,0,25,3
343,0,0,0,1,0,1,0,29,3
625,0,0,0,1,1,0,0,31,3
1376,0,0,0,1,1,0,1,24,3
517,0,0,0,1,1,0,1,26,3
1001,0,0,0,1,0,1,0,27,3
376,0,0,0,1,0,1,1,22,3
638,0,0,0,1,0,1,1,48,3
589,0,0,0,1,0,1,1,24,3
663,0,0,0,1,0,1,1,23,3
1495,0,0,0,1,1,0,1,26,3
981,0,0,0,1,1,0,1,28,3
1628,0,0,0,1,1,0,1,21,3
353,0,0,0,1,1,0,1,19,3
510,0,0,0,1,1,0,1,54,3
903,0,0,0,1,1,0,1,21,3
729,0,0,0,1,1,0,0,37,3
571,0,0,0,1,1,0,1,23,3
544,0,0,0,1,0,1,1,25,3
362,0,0,0,1,1,0,1,25,3
203,0,0,0,1,0,1,1,25,3
797,0,0,0,1,1,0,1,36,3
442,0,0,0,1,1,0,0,24,3
330,0,0,0,1,0,1,1,33,3
225,0,0,0,1,1,0,1,23,3
1626,0,0,0,1,0,1,0,25,3
289,0,0,0,1,1,0,1,26,3
567,0,0,0,1,1,0,0,24,3
356,0,0,0,1,1,0,1,21,3
508,0,0,0,1,0,1,1,34,3
529,0,0,0,1,0,1,1,33,3
926,0,0,0,1,1,0,1,28,3
577,0,0,0,1,0,1,1,25,3
661,0,0,0,1,0,1,1,30,3
132,0,0,0,1,0,1,1,25,3
259,0,0,0,1,1,0,1,38,3
126,0,0,0,1,0,1,1,22,3
504,0,0,0,1,1,0,1,29,3
1038,0,0,0,1,0,1,0,35,3
414,0,0,0,1,1,0,1,40,3
518,0,0,0,1,0,1,1,26,3
491,0,0,0,1,1,0,1,28,3
888,0,0,0,1,1,0,1,62,3
175,0,0,0,1,0,1,1,25,3
710,0,0,0,1,0,1,1,24,3
631,0,0,0,1,0,1,1,21,3
175,0,0,0,1,0,1,1,28,3
441,0,0,0,1,1,0,0,27,3
728,0,0,0,1,1,0,1,22,3
612,0,0,0,1,0,1,1,29,3
660,0,0,0,1,1,0,1,25,3
377,0,0,0,1,1,0,1,21,3
386,0,0,0,1,1,0,1,25,3
704,0,0,0,1,1,0,0,34,3
153,0,0,0,1,1,0,1,24,3
450,0,0,0,1,1,0,1,29,3
464,0,0,0,1,1,0,1,23,3
233,0,0,0,1,0,1,1,45,3
503,0,0,0,1,1,0,1,23,3
450,0,0,0,1,1,0,1,26,3
494,0,0,0,1,1,0,1,22,3
801,0,0,0,1,1,0,1,27,3
298,0,0,0,1,1,0,1,29,3
279,0,0,0,1,0,1,1,26,3
1001,0,0,0,1,0,1,1,27,3
181,0,0,0,1,1,0,1,44,3
1479,0,0,0,1,0,1,1,26,3
561,0,0,0,1,1,0,1,48,3
374,0,0,0,1,1,0,1,42,3
551,0,0,0,1,1,0,1,54,3
747,0,0,0,1,1,0,1,21,3
469,0,0,0,1,1,0,0,24,3
806,0,0,0,1,0,1,0,24,3
773,0,0,0,1,0,1,1,26,3
781,0,0,0,1,1,0,1,40,3
541,0,0,0,1,0,1,1,42,3
492,0,0,0,1,1,0,1,29,3
347,0,0,0,1,1,0,0,23,3
217,0,0,0,1,1,0,1,25,3
666,0,0,0,1,1,0,1,52,3
255,0,0,0,1,1,0,1,20,3
953,0,0,0,1,0,1,1,24,3
502,0,0,0,1,0,1,0,31,3
15,0,0,0,1,1,0,0,39,3
533,0,0,0,1,1,0,1,25,3
946,0,0,0,1,0,1,0,25,3
555,0,0,0,1,1,0,0,35,3
368,0,0,0,1,1,0,1,24,3
651,0,0,0,1,0,1,1,51,3
320,0,0,0,1,1,0,1,31,3
579,0,0,0,1,0,1,0,22,3
327,0,0,0,1,1,0,1,38,3
414,0,0,0,1,0,1,0,28,3
670,0,0,0,1,0,1,1,24,3
718,0,0,0,1,0,1,1,28,3
126,0,0,0,1,0,1,1,23,3
312,0,0,0,1,1,0,1,29,3
816,0,0,0,1,0,1,1,30,3
433,0,0,0,1,0,1,1,28,3
322,0,0,0,1,1,0,1,22,3
445,0,0,0,1,1,0,0,24,3
801,0,0,0,1,1,0,0,21,3
600,0,0,0,1,0,1,1,24,3
763,0,0,0,1,0,1,1,28,3
394,0,0,0,1,1,0,0,25,3
867,0,0,0,1,0,1,0,25,3
411,0,0,0,1,1,0,1,28,3
362,0,0,0,1,1,0,1,30,3
532,0,0,0,1,1,0,1,41,3
276,0,0,0,1,1,0,1,51,3
368,0,0,0,1,0,1,0,28,3
400,0,0,0,1,0,1,1,20,3
316,0,0,0,1,1,0,1,29,3
629,0,0,0,1,1,0,1,29,3
861,0,0,0,1,1,0,0,18,3
216,0,0,0,1,1,0,1,29,3
258,0,0,0,1,1,0,1,23,3
158,0,0,0,1,1,0,0,22,3
456,0,0,0,1,1,0,1,42,3
633,0,0,0,1,1,0,1,31,3
254,0,0,0,1,1,0,0,29,3
934,0,0,0,1,0,1,1,51,3
324,0,0,0,1,1,0,0,39,3
1040,0,0,0,1,1,0,1,28,3
455,0,0,0,1,1,0,1,27,3
935,0,0,0,1,1,0,1,25,3
418,0,0,0,1,1,0,0,26,3
208,0,0,0,1,1,0,0,29,3
730,0,0,0,1,1,0,1,26,3
105,0,0,0,1,0,1,1,24,3
545,0,0,0,1,1,0,0,27,3
900,0,0,0,1,0,1,0,23,3
530,0,0,0,1,1,0,0,35,3
307,0,0,0,1,1,0,1,29,3
5,0,0,0,1,0,1,1,19,3
1520,0,0,0,1,0,1,1,27,3
202,0,0,0,1,0,1,1,25,3
360,0,0,0,1,1,0,1,27,3
422,0,0,0,1,1,0,1,24,3
1468,0,0,0,1,1,0,1,20,3
2944,0,0,0,1,0,1,1,22,3
550,0,0,0,1,1,0,1,56,3
781,0,0,0,1,0,1,1,27,3
875,0,0,0,1,0,1,1,38,3
516,0,0,0,1,0,1,1,19,3
293,0,0,0,1,1,0,1,20,3
31811,0,0,0,1,1,0,1,28,3
766,0,0,0,1,1,0,1,35,3
919,0,0,0,1,0,1,1,23,3
1655,0,0,0,1,1,0,0,28,3
252,0,0,0,1,1,0,1,35,3
1628,0,0,0,1,1,0,1,24,3
311,0,0,0,1,0,1,1,30,3
561,0,0,0,1,0,1,0,34,3
421,0,0,0,1,0,1,1,23,3
438,0,0,0,1,1,0,1,51,3
1552,0,0,0,1,0,1,1,38,3
457,0,0,0,1,1,0,1,23,3
737,0,0,0,1,0,1,1,29,3
288,0,0,0,1,0,1,1,23,3
758,0,0,0,1,0,1,1,35,3
456,0,0,0,1,1,0,1,26,3
669,0,0,0,1,1,0,1,21,3
186,0,0,0,1,1,0,1,25,3
504,0,0,0,1,1,0,1,28,3
362,0,0,0,1,1,0,1,26,3
1621,0,0,0,1,1,0,1,30,3
934,0,0,0,1,0,1,1,25,3
261,0,0,0,1,1,0,1,27,3
509,0,0,0,1,1,0,1,36,3
810,0,0,0,1,1,0,1,29,3
705,0,0,0,1,1,0,1,32,3
605,0,0,0,1,1,0,1,27,3
2006,0,0,0,1,1,0,1,22,3
576,0,0,0,1,1,0,1,33,3
728,0,0,0,1,0,1,0,25,3
333,0,0,0,1,1,0,0,34,3
405,0,0,0,1,1,0,1,25,3
1668,0,0,0,1,0,1,1,24,3
193,0,0,0,1,0,1,0,36,3
409,0,0,0,1,1,0,0,53,3
1011,0,0,0,1,0,1,1,27,3
343,0,0,0,1,1,0,1,19,3
171,0,0,0,1,1,0,1,23,3
459,0,0,0,1,0,1,0,28,3
86,0,0,0,1,1,0,1,35,3
436,0,0,0,1,1,0,0,35,3
425,0,0,0,1,1,0,1,22,3
543,0,0,0,1,1,0,1,23,3
593,0,0,0,1,1,0,0,24,3
504,0,0,0,1,0,1,1,36,3
1140,0,0,0,1,0,1,0,25,3
1521,0,0,0,1,1,0,1,34,3
654,0,0,0,1,0,1,1,26,3
987,0,0,0,1,1,0,1,25,3
402,0,0,0,1,0,1,1,33,3
381,0,0,0,1,1,0,0,38,3
992,0,0,0,1,0,1,1,27,3
338,0,0,0,1,0,1,1,24,3
299,0,0,0,1,1,0,1,23,3
588,0,0,0,1,1,0,1,29,3
745,0,0,0,1,1,0,1,35,3
452,0,0,0,1,1,0,0,25,3
1332,0,0,0,1,1,0,1,25,3
417,0,0,0,1,0,1,1,25,3
329,0,0,0,1,0,1,1,28,3
574,0,0,0,1,1,0,1,24,3
532,0,0,0,1,0,1,0,25,3
268,0,0,0,1,0,1,1,29,3
322,0,0,0,1,0,1,0,28,3
508,0,0,0,1,1,0,1,56,3
552,0,0,0,1,1,0,1,23,3
617,0,0,0,1,1,0,1,30,3
227,0,0,0,1,1,0,1,30,3
747,0,0,0,1,1,0,1,21,3
394,0,0,0,1,1,0,1,29,3
1431,0,0,0,1,0,1,1,33,3
1261,0,0,0,1,1,0,1,21,3
562,0,0,0,1,1,0,1,31,3
324,0,0,0,1,0,1,1,26,3
1291,0,0,0,1,0,1,1,22,3
306,0,0,0,1,1,0,1,27,3
720,0,0,0,1,1,0,1,40,3
226,0,0,0,1,1,0,1,21,3
392,0,0,0,1,1,0,0,27,3
318,0,0,0,1,1,0,1,20,3
1176,0,0,0,1,1,0,1,52,3
121,0,0,0,1,0,1,1,28,3
653,0,0,0,1,1,0,1,31,3
693,0,0,0,1,0,1,0,22,3
1091,0,0,0,1,1,0,1,21,3
330,0,0,0,1,1,0,1,20,3
33,0,0,0,1,1,0,1,27,3
276,0,0,0,1,0,1,1,28,3
486,0,0,0,1,1,0,0,30,3
225,0,0,0,1,1,0,1,26,3
473,0,0,0,1,0,1,1,30,3
26,0,0,0,1,0,1,1,28,3
240,0,0,0,1,1,0,1,50,3
1013,0,0,0,1,1,0,1,22,3
1308,0,0,0,1,0,1,1,22,3
533,0,0,0,1,1,0,1,26,3
987,0,0,0,1,0,1,1,31,3
881,0,0,0,1,1,0,0,32,3
918,0,0,0,1,1,0,1,31,3
545,0,0,0,1,0,1,0,31,3
726,0,0,0,1,0,1,1,40,3
349,0,0,0,1,1,0,1,29,3
546,0,0,0,1,0,1,1,24,3
1187,0,0,0,1,1,0,1,34,3
720,0,0,0,1,1,0,1,29,3
475,0,0,0,1,1,0,1,30,3
1114,0,0,0,1,0,1,1,21,3
239,0,0,0,1,0,1,1,34,3
728,0,0,0,1,1,0,1,25,3
503,0,0,0,1,0,1,1,55,3
324,0,0,0,1,0,1,1,26,3
589,0,0,0,1,1,0,1,19,3
782,0,0,0,1,1,0,0,35,3
549,0,0,0,1,1,0,1,29,3
328,0,0,0,1,1,0,1,30,3
967,0,0,0,1,1,0,1,25,3
1581,0,0,0,1,0,1,1,25,3
647,0,0,0,1,1,0,1,23,3
858,0,0,0,1,0,1,1,28,3
152,0,0,0,1,1,0,0,28,3
348,0,0,0,1,0,1,1,27,3
937,0,0,0,1,0,1,1,35,3
392,0,0,0,1,0,1,1,36,3
546,0,0,0,1,1,0,1,36,3
1195,0,0,0,1,1,0,1,26,3
384,0,0,0,1,0,1,0,39,3
553,0,0,0,1,0,1,1,24,3
1126,0,0,0,1,0,1,1,29,3
7,0,0,0,1,1,0,1,23,3
30730,0,0,0,1,1,0,1,40,3
1128,0,0,0,1,0,1,1,28,3
265,0,0,0,1,1,0,0,31,3
781,0,0,0,1,1,0,1,30,3
503,0,0,0,1,1,0,1,28,3
359,0,0,0,1,0,1,1,35,3
544,0,0,0,1,1,0,1,26,3
767,0,0,0,1,1,0,1,27,3
253,0,0,0,1,1,0,1,19,3
593,0,0,0,1,1,0,1,29,3
199,0,0,0,1,0,1,1,31,3
1535,0,0,0,1,0,1,1,36,3
4536,0,0,0,1,1,0,1,28,3
338,0,0,0,1,0,1,0,23,3
322,0,0,0,1,1,0,0,24,3
840,0,0,0,1,0,1,1,31,3
388,0,0,0,1,0,1,1,25,3
351,0,0,0,1,1,0,1,25,3
1037,0,0,0,1,0,1,1,24,3
348,0,0,0,1,1,0,1,40,3
1649,0,0,0,1,1,0,1,21,3
555,0,0,0,1,1,0,1,48,3
251,0,0,0,1,0,1,1,34,3
1101,0,0,0,1,1,0,0,38,3
541,0,0,0,1,0,1,1,36,3
426,0,0,0,1,1,0,1,36,3
478,0,0,0,1,0,1,0,34,3
256,0,0,0,1,1,0,1,25,3
91,0,0,0,1,1,0,1,24,3
433,0,0,0,1,0,1,1,25,3
421,0,0,0,1,0,1,0,22,3
709,0,0,0,1,1,0,1,28,3
272,0,0,0,1,1,0,1,36,3
1119,0,0,0,1,1,0,1,26,3
640,0,0,0,1,1,0,1,35,3
769,0,0,0,1,1,0,1,36,3
343,0,0,0,1,1,0,1,50,3
38,0,0,0,1,0,1,1,21,3
200,0,0,0,1,0,1,1,25,3
589,0,0,0,1,0,1,1,24,3
766,0,0,0,1,1,0,0,31,3
628,0,0,0,1,1,0,1,23,3
615,0,0,0,1,0,1,0,27,3
702,0,0,0,1,1,0,1,30,3
1532,0,0,0,1,1,0,1,24,3
706,0,0,0,1,1,0,0,35,3
2322,0,0,0,1,0,1,1,24,3
1879,0,0,0,1,0,1,1,26,3
1129,0,0,0,1,0,1,0,39,3
239,0,0,0,1,1,0,1,23,3
1896,0,0,0,1,1,0,0,24,3
596,0,0,0,1,1,0,1,36,3
511,0,0,0,1,1,0,1,26,3
332,0,0,0,1,0,1,1,25,3
364,0,0,0,1,0,1,1,33,3
645,0,0,0,1,1,0,0,21,3
310,0,0,0,1,0,1,1,21,3
1448,0,0,0,1,1,0,0,37,3
610,0,0,0,1,1,0,1,38,3
1462,0,0,0,1,0,1,1,23,3
620,0,0,0,1,0,1,1,21,3
326,0,0,0,1,1,0,1,23,3
461,0,0,0,1,1,0,1,33,3
1443,0,0,0,1,1,0,1,26,3
783,0,0,0,1,1,0,1,20,3
1172,0,0,0,1,1,0,1,29,3
645,0,0,0,1,1,0,1,59,3
573,0,0,0,1,0,1,1,26,3
7,0,0,0,1,1,0,1,31,3
813,0,0,0,1,1,0,1,22,3
543,0,0,0,1,0,1,1,23,3
548,0,0,0,1,1,0,0,27,3
236,0,0,0,1,1,0,1,23,3
167,0,0,0,1,1,0,1,26,3
526,0,0,0,1,1,0,0,23,3
703,0,0,0,1,0,1,1,66,3
248,0,0,0,1,0,1,1,30,3
396,0,0,0,1,0,1,1,22,3
1161,0,0,0,1,0,1,1,25,3
591,0,0,0,1,1,0,1,25,3
673,0,0,0,1,1,0,0,42,3
1392,0,0,0,1,0,1,0,29,3
606,0,0,0,1,1,0,1,21,3
264,0,0,0,1,0,1,1,19,3
680,0,0,0,1,0,1,1,28,3
551,0,0,0,1,1,0,1,38,3
968,0,0,0,1,0,1,1,24,3
505,0,0,0,1,1,0,0,24,3
1052,0,0,0,1,1,0,1,45,3
917,0,0,0,1,1,0,1,36,3
605,0,0,0,1,1,0,1,22,3
480,0,0,0,1,0,1,1,30,3
929,0,0,0,1,1,0,0,26,3
451,0,0,0,1,1,0,1,42,3
172,0,0,0,1,0,1,1,21,3
763,0,0,0,1,1,0,1,55,3
477,0,0,0,1,1,0,0,27,3
1012,0,0,0,1,1,0,1,28,3
625,0,0,0,1,1,0,1,22,3
1184,0,0,0,1,0,1,1,25,3
13,0,0,0,1,0,1,1,23,3
372,0,0,0,1,1,0,1,29,3
567,0,0,0,1,0,1,1,22,3
211,0,0,0,1,0,1,1,39,3
1255,0,0,0,1,0,1,1,29,3
436,0,0,0,1,0,1,0,21,3
347,0,0,0,1,0,1,1,37,3
317,0,0,0,1,1,0,1,31,3
634,0,0,0,1,1,0,1,27,3
178,0,0,0,1,1,0,1,26,3
356,0,0,0,1,0,1,0,26,3
374,0,0,0,1,0,1,1,23,3
976,0,0,0,1,0,1,1,30,3
369,0,0,0,1,0,1,1,22,3
322,0,0,0,1,0,1,0,19,3
1396,0,0,0,1,0,1,1,27,3
40,0,0,0,1,0,1,1,32,3
427,0,0,0,1,0,1,1,38,3
432,0,0,0,1,0,1,1,29,3
557,0,0,0,1,1,0,1,51,3
1105,0,0,0,1,1,0,1,23,3
420,0,0,0,1,1,0,1,55,3
539,0,0,0,1,0,1,1,28,3
1087,0,0,0,1,0,1,1,25,3
762,0,0,0,1,1,0,0,22,3
274,0,0,0,1,0,1,1,31,3
365,0,0,0,1,1,0,1,22,3
168,0,0,0,1,1,0,1,23,3
225,0,0,0,1,1,0,0,29,3
1158,0,0,0,1,0,1,1,29,3
337,0,0,0,1,1,0,0,23,3
176,0,0,0,1,1,0,0,21,3
581,0,0,0,1,0,1,1,25,3
1046,0,0,0,1,1,0,0,32,3
548,0,0,0,1,1,0,1,48,3
380,0,0,0,1,1,0,1,24,3
208,0,0,0,1,1,0,1,31,3
241,0,0,0,1,0,1,1,31,3
4047,0,0,0,1,1,0,0,29,3
578,0,0,0,1,0,1,1,30,3
408,0,0,0,1,1,0,1,23,3
241,0,0,0,1,1,0,1,30,3
1420,0,0,0,1,1,0,1,26,3
1075,0,0,0,1,1,0,1,27,3
969,0,0,0,1,0,1,0,28,3
326,0,0,0,1,1,0,1,35,3
682,0,0,0,1,0,1,1,55,3
841,0,0,0,1,1,0,0,32,3
422,0,0,0,1,1,0,0,26,3
894,0,0,0,1,0,1,1,28,3
350,0,0,0,1,1,0,0,30,3
887,0,0,0,1,1,0,0,26,3
394,0,0,0,1,0,1,1,28,3
369,0,0,0,1,0,1,1,27,3
891,0,0,0,1,1,0,0,30,3
524,0,0,0,1,1,0,1,35,3
147,0,0,0,1,0,1,1,20,3
1131,0,0,0,1,0,1,1,22,3
429,0,0,0,1,1,0,1,56,3
371,0,0,0,1,0,1,1,25,3
595,0,0,0,1,1,0,1,56,3
2732,0,0,0,1,1,0,1,29,3
1245,0,0,0,1,1,0,1,25,3
322,0,0,0,1,1,0,1,34,3
1941,0,0,0,1,0,1,1,21,3
125,0,0,0,1,1,0,1,25,3
587,0,0,0,1,1,0,0,26,3
303,0,0,0,1,0,1,0,28,3
728,0,0,0,1,1,0,1,40,3
499,0,0,0,1,1,0,1,24,3
255,0,0,0,1,0,1,1,24,3
535,0,0,0,1,0,1,1,44,3
407,0,0,0,1,0,1,1,33,3
380,0,0,0,1,1,0,1,54,3
569,0,0,0,1,1,0,0,33,3
539,0,0,0,1,1,0,1,57,3
351,0,0,0,1,0,1,1,31,3
959,0,0,0,1,1,0,1,22,3
197,0,0,0,1,0,1,1,30,3
646,0,0,0,1,1,0,1,38,3
311,0,0,0,1,1,0,1,33,3
454,0,0,0,1,1,0,1,27,3
293,0,0,0,1,1,0,1,28,3
292,0,0,0,1,1,0,1,26,3
696,0,0,0,1,1,0,1,27,3
415,0,0,0,1,1,0,1,20,3
515,0,0,0,1,0,1,1,25,3
303,0,0,0,1,0,1,0,27,3
196,0,0,0,1,1,0,1,23,3
1721,0,0,0,1,1,0,1,34,3
496,0,0,0,1,0,1,1,37,3
2917,0,0,0,1,1,0,1,36,3
822,0,0,0,1,1,0,0,36,3
676,0,0,0,1,1,0,1,29,3
250,0,0,0,1,0,1,1,24,3
338,0,0,0,1,1,0,1,21,3
389,0,0,0,1,1,0,1,27,3
841,0,0,0,1,0,1,0,25,3
1127,0,0,0,1,0,1,1,35,3
791,0,0,0,1,0,1,1,32,3
516,0,0,0,1,1,0,0,24,3
779,0,0,0,1,1,0,1,23,3
472,0,0,0,1,0,1,1,24,3
1181,0,0,0,1,0,1,1,46,3
308,0,0,0,1,0,1,0,30,3
495,0,0,0,1,0,1,1,26,3
307,0,0,0,1,1,0,1,20,3
385,0,0,0,1,0,1,0,39,3
333,0,0,0,1,1,0,1,24,3
347,0,0,0,1,0,1,1,23,3
675,0,0,0,1,0,1,1,29,3
701,0,0,0,1,0,1,1,41,3
133,0,0,0,1,1,0,1,24,3
264,0,0,0,1,1,0,1,20,3
1275,0,0,0,1,0,1,1,28,3
356,0,0,0,1,0,1,0,21,3
760,0,0,0,1,1,0,1,27,3
565,0,0,0,1,1,0,1,29,3
395,0,0,0,1,1,0,1,19,3
971,0,0,0,1,1,0,0,23,3
573,0,0,0,1,0,1,1,35,3
148,0,0,0,1,1,0,1,22,3
682,0,0,0,1,0,1,1,25,3
1045,0,0,0,1,0,1,1,29,3
677,0,0,0,1,0,1,1,55,3
741,0,0,0,1,1,0,0,31,3
553,0,0,0,1,0,1,1,25,3
336,0,0,0,1,1,0,0,27,3
324,0,0,0,1,0,1,1,23,3
1732,0,0,0,1,1,0,1,21,3
421,0,0,0,1,0,1,1,21,3
548,0,0,0,1,0,1,1,27,3
449,0,0,0,1,0,1,1,27,3
593,0,0,0,1,0,1,0,21,3
304,0,0,0,1,1,0,1,30,3
1071,0,0,0,1,1,0,1,22,3
973,0,0,0,1,0,1,1,27,3
809,0,0,0,1,1,0,1,26,3
502,0,0,0,1,0,1,1,24,3
246,0,0,0,1,0,1,1,39,3
2585,0,0,0,1,1,0,1,27,3
1609,0,0,0,1,0,1,1,28,3
1566,0,0,0,1,1,0,1,25,3
952,0,0,0,1,1,0,1,26,3
496,0,0,0,1,1,0,1,30,3
633,0,0,0,1,1,0,0,34,3
421,0,0,0,1,1,0,1,46,3
333,0,0,0,1,0,1,1,27,3
723,0,0,0,1,0,1,1,28,3
482,0,0,0,1,0,1,1,28,3
615,0,0,0,1,1,0,1,29,3
264,0,0,0,1,0,1,1,26,3
471,0,0,0,1,1,0,1,19,3
3262,0,0,0,1,1,0,1,28,3
1219,0,0,0,1,0,1,0,30,3
672,0,0,0,1,0,1,1,21,3
1506,0,0,0,1,1,0,0,28,3
329,0,0,0,1,1,0,1,26,3
468,0,0,0,1,1,0,1,35,3
686,0,0,0,1,0,1,1,30,3
1347,0,0,0,1,0,1,1,28,3
266,0,0,0,1,0,1,1,41,3
337,0,0,0,1,1,0,1,34,3
1329,0,0,0,1,1,0,1,25,3
634,0,0,0,1,1,0,0,30,3
563,0,0,0,1,1,0,0,37,3
1148,0,0,0,1,0,1,0,24,3
650,0,0,0,1,1,0,1,38,3
979,0,0,0,1,1,0,0,35,3
466,0,0,0,1,0,1,1,27,3
566,0,0,0,1,0,1,1,26,3
490,0,0,0,1,1,0,0,26,3
895,0,0,0,1,0,1,1,26,3
1064,0,0,0,1,1,0,1,22,3
515,0,0,0,1,0,1,1,33,3
575,0,0,0,1,0,1,0,28,3
516,0,0,0,1,1,0,1,29,3
953,0,0,0,1,0,1,1,27,3
525,0,0,0,1,1,0,1,21,3
154,0,0,0,1,0,1,1,27,3
253,0,0,0,1,1,0,1,27,3
532,0,0,0,1,1,0,1,33,3
307,0,0,0,1,1,0,0,30,3
861,0,0,0,1,1,0,1,36,3
323,0,0,0,1,1,0,1,20,3
393,0,0,0,1,1,0,1,54,3
674,0,0,0,1,1,0,1,29,3
1016,0,0,0,1,1,0,1,23,3
517,0,0,0,1,0,1,1,26,3
214,0,0,0,1,0,1,1,29,3
224,0,0,0,1,1,0,1,33,3
769,0,0,0,1,1,0,1,29,3
334,0,0,0,1,1,0,0,27,3
437,0,0,0,1,1,0,1,25,3
1224,0,0,0,1,1,0,1,28,3
806,1,0,0,0,1,0,0,30,7
1020,1,0,0,0,1,0,0,30,7
291,1,0,0,0,1,0,0,27,7
716,1,0,0,0,1,0,0,28,7
323,1,0,0,0,1,0,0,26,7
1112,1,0,0,0,1,0,0,54,7
674,1,0,0,0,1,0,0,26,7
254,1,0,0,0,1,0,0,24,7
851,1,0,0,0,1,0,0,31,7
334,1,0,0,0,1,0,0,32,7
121,1,0,0,0,1,0,0,47,7
1992,1,0,0,0,1,0,0,58,7
353,1,0,0,0,1,0,0,27,7
253,1,0,0,0,1,0,0,26,7
323,1,0,0,0,1,0,0,29,7
1478,1,0,0,0,1,0,0,27,7
405,1,0,0,0,1,0,0,40,7
1084,1,0,0,0,1,0,0,30,7
496,1,0,0,0,1,0,0,49,7
331,1,0,0,0,1,0,0,47,7
1273,1,0,0,0,1,0,0,30,7
446,1,0,0,0,1,0,0,47,7
1716,1,0,0,0,1,0,0,34,7
293,1,0,0,0,1,0,0,46,7
1162,1,0,0,0,1,0,0,20,7
708,1,0,0,0,1,0,0,24,7
1105,1,0,0,0,1,0,0,31,7
886,1,0,0,0,1,0,0,24,7
829,1,0,0,0,1,0,0,27,7
567,1,0,0,0,1,0,0,28,7
2121,1,0,0,0,1,0,0,23,7
1188,1,0,0,0,1,0,0,29,7
733,1,0,0,0,1,0,0,35,7
254,1,0,0,0,1,0,0,38,7
828,1,0,0,0,1,0,0,48,7
835,1,0,0,0,1,0,0,31,7
552,1,0,0,0,1,0,0,38,7
594,1,0,0,0,1,0,0,44,7
857,1,0,0,0,1,0,0,45,7
585,1,0,0,0,1,0,0,36,7
395,1,0,0,0,1,0,0,42,7
273,1,0,0,0,1,0,0,54,7
870,1,0,0,0,1,0,0,31,7
1415,1,0,0,0,1,0,0,27,7
792,1,0,0,0,1,0,0,49,7
685,1,0,0,0,1,0,0,50,7
1526,1,0,0,0,1,0,0,33,7
218,1,0,0,0,1,0,0,27,7
1071,1,0,0,0,1,0,0,50,7
796,1,0,0,0,1,0,0,50,7
992,1,0,0,0,1,0,0,29,7
844,1,0,0,0,1,0,0,29,7
1431,1,0,0,0,1,0,0,31,7
596,1,0,0,0,1,0,0,34,7
93,1,0,0,0,1,0,0,34,7
1360,1,0,0,0,1,0,0,44,7
147,1,0,0,0,1,0,0,24,7
963,1,0,0,0,1,0,0,39,7
550,1,0,0,0,1,0,0,45,7
344,1,0,0,0,1,0,0,43,7
858,1,0,0,0,1,0,0,24,7
109,1,0,0,0,1,0,0,27,7
774,1,0,0,0,1,0,0,60,7
797,1,0,0,0,1,0,0,35,7
923,1,0,0,0,1,0,0,26,7
674,1,0,0,0,1,0,0,39,7
583,1,0,0,0,1,0,0,44,7
905,1,0,0,0,1,0,0,32,7
427,1,0,0,0,1,0,0,45,7
219,1,0,0,0,1,0,0,34,7
632,1,0,0,0,1,0,0,58,7
433,1,0,0,0,1,0,0,20,7
717,1,0,0,0,1,0,0,28,7
206,1,0,0,0,1,0,0,23,7
308,1,0,0,0,1,0,0,37,7
576,1,0,0,0,1,0,0,26,7
813,1,0,0,0,1,0,0,30,7
247,1,0,0,0,1,0,0,30,7
489,1,0,0,0,1,0,0,43,7
470,1,0,0,0,1,0,0,30,7
420,1,0,0,0,1,0,0,27,7
305,1,0,0,0,1,0,0,29,7
280,1,0,0,0,1,0,0,29,7
7163,1,0,0,0,1,0,0,42,7
1167,1,0,0,0,1,0,0,23,7
1008,1,0,0,0,1,0,0,29,7
904,1,0,0,0,1,0,0,22,7
745,1,0,0,0,1,0,0,26,7
801,1,0,0,0,1,0,0,27,7
302,1,0,0,0,1,0,0,23,7
298,1,0,0,0,1,0,0,25,7
741,1,0,0,0,1,0,0,34,7
586,1,0,0,0,1,0,0,60,7
693,1,0,0,0,1,0,0,20,7
142,1,0,0,0,1,0,0,31,7
373,1,0,0,0,1,0,0,23,7
301,1,0,0,0,1,0,0,25,7
472,1,0,0,0,1,0,0,48,7
1059,1,0,0,0,1,0,0,54,7
746,1,0,0,0,1,0,0,25,7
319,1,0,0,0,1,0,0,22,7
1518,1,0,0,0,1,0,0,39,7
46,1,0,0,0,1,0,0,55,7
502,1,0,0,0,1,0,0,23,7
872,1,0,0,0,1,0,0,37,7
397,1,0,0,0,1,0,0,27,7
633,1,0,0,0,1,0,0,27,7
505,1,0,0,0,1,0,0,25,7
978,1,0,0,0,1,0,0,33,7
416,1,0,0,0,1,0,0,28,7
303,1,0,0,0,1,0,0,50,7
855,1,0,0,0,1,0,0,23,7
558,1,0,0,0,1,0,0,29,7
284,1,0,0,0,1,0,0,31,7
202,1,0,0,0,1,0,0,27,7
755,1,0,0,0,1,0,0,26,7
212,1,0,0,0,1,0,0,27,7
760,1,0,0,0,1,0,0,29,7
514,1,0,0,0,1,0,0,57,7
499,1,0,0,0,1,0,0,26,7
607,1,0,0,0,1,0,0,35,7
1527,1,0,0,0,1,0,0,30,7
283,1,0,0,0,1,0,0,34,7
1260,1,0,0,0,1,0,0,39,7
830,1,0,0,0,1,0,0,25,7
1987,1,0,0,0,1,0,0,47,7
833,1,0,0,0,1,0,0,60,7
3,1,0,0,0,1,0,0,30,7
828,1,0,0,0,1,0,0,26,7
392,1,0,0,0,1,0,0,27,7
640,1,0,0,0,1,0,0,31,7
594,1,0,0,0,1,0,0,31,7
432,1,0,0,0,1,0,0,32,7
250,1,0,0,0,1,0,0,27,7
1491,1,0,0,0,1,0,0,41,7
491,1,0,0,0,1,0,0,43,7
892,1,0,0,0,1,0,0,31,7
253,1,0,0,0,1,0,0,22,7
846,1,0,0,0,1,0,0,24,7
399,1,0,0,0,1,0,0,36,7
437,1,0,0,0,1,0,0,56,7
327,1,0,0,0,1,0,0,44,7
127,1,0,0,0,1,0,0,25,7
230,1,0,0,0,1,0,0,29,7
492,1,0,0,0,1,0,0,58,7
1170,1,0,0,0,1,0,0,34,7
419,1,0,0,0,1,0,0,42,7
379,1,0,0,0,1,0,0,27,7
787,1,0,0,0,1,0,0,41,7
2631,1,0,0,0,1,0,0,50,7
587,1,0,0,0,1,0,0,25,7
972,1,0,0,0,1,0,0,32,7
992,1,0,0,0,1,0,0,60,7
646,1,0,0,0,1,0,0,47,7
511,1,0,0,0,1,0,0,20,7
527,1,0,0,0,1,0,0,31,7
256,1,0,0,0,1,0,0,45,7
308,1,0,0,0,1,0,0,23,7
341,1,0,0,0,1,0,0,29,7
598,1,0,0,0,1,0,0,47,7
1083,1,0,0,0,1,0,0,56,7
427,1,0,0,0,1,0,0,34,7
407,1,0,0,0,1,0,0,30,7
714,1,0,0,0,1,0,0,28,7
1497,1,0,0,0,1,0,0,26,7
695,1,0,0,0,1,0,0,42,7
416,1,0,0,0,1,0,0,56,7
286,1,0,0,0,1,0,0,27,7
445,1,0,0,0,1,0,0,45,7
575,1,0,0,0,1,0,0,27,7
260,1,0,0,0,1,0,0,55,7
743,1,0,0,0,1,0,0,26,7
991,1,0,0,0,1,0,0,41,7
1341,1,0,0,0,1,0,0,39,7
304,1,0,0,0,1,0,0,35,7
666,1,0,0,0,1,0,0,47,7
293,1,0,0,0,1,0,0,58,7
1379,1,0,0,0,1,0,0,23,7
579,1,0,0,0,1,0,0,32,7
629,1,0,0,0,1,0,0,40,7
842,1,0,0,0,1,0,0,48,7
1019,1,0,0,0,1,0,0,17,7
17,1,0,0,0,1,0,0,34,7
763,1,0,0,0,1,0,0,32,7
303,1,0,0,0,1,0,0,54,7
514,1,0,0,0,1,0,0,30,7
590,1,0,0,0,1,0,0,31,7
600,1,0,0,0,1,0,0,24,7
787,1,0,0,0,1,0,0,22,7
913,1,0,0,0,1,0,0,35,7
489,1,0,0,0,1,0,0,60,7
1291,1,0,0,0,1,0,0,27,7
423,1,0,0,0,1,0,0,45,7
263,1,0,0,0,1,0,0,26,7
574,1,0,0,0,1,0,0,57,7
493,1,0,0,0,1,0,0,27,7
303,1,0,0,0,1,0,0,29,7
288,1,0,0,0,1,0,0,54,7
422,1,0,0,0,1,0,0,54,7
433,1,0,0,0,1,0,0,25,7
1308,1,0,0,0,1,0,0,30,7
941,1,0,0,0,1,0,0,50,7
1413,1,0,0,0,1,0,0,26,7
431,1,0,0,0,1,0,0,58,7
607,1,0,0,0,1,0,0,53,7
232,1,0,0,0,1,0,0,55,7
1015,1,0,0,0,1,0,0,23,7
2393,1,0,0,0,1,0,0,47,7
1258,1,0,0,0,1,0,0,23,7
274,1,0,0,0,1,0,0,35,7
512,1,0,0,0,1,0,0,23,7
761,1,0,0,0,1,0,0,35,7
1744,1,0,0,0,1,0,0,26,7
339,1,0,0,0,1,0,0,24,7
743,1,0,0,0,1,0,0,47,7
185,1,0,0,0,1,0,0,28,7
709,1,0,0,0,1,0,0,25,7
296,1,0,0,0,1,0,0,47,7
368,1,0,0,0,1,0,0,45,7
307,1,0,0,0,1,0,0,38,7
482,1,0,0,0,1,0,0,34,7
885,1,0,0,0,1,0,0,52,7
533,1,0,0,0,1,0,0,31,7
341,1,0,0,0,1,0,0,43,7
1013,1,0,0,0,1,0,0,27,7
258,1,0,0,0,1,0,0,33,7
625,1,0,0,0,1,0,0,24,7
502,1,0,0,0,1,0,0,20,7
951,1,0,0,0,1,0,0,25,7
734,1,0,0,0,1,0,0,41,7
845,1,0,0,0,1,0,0,25,7
394,1,0,0,0,1,0,0,63,7
330,1,0,0,0,1,0,0,33,7
708,1,0,0,0,1,0,0,26,7
420,1,0,0,0,1,0,0,32,7
1113,1,0,0,0,1,0,0,28,7
688,1,0,0,0,1,0,0,27,7
137,1,0,0,0,1,0,0,24,7
516,1,0,0,0,1,0,0,32,7
697,1,0,0,0,1,0,0,37,7
222,1,0,0,0,1,0,0,23,7
411,1,0,0,0,1,0,0,22,7
1162,1,0,0,0,1,0,0,27,7
415,1,0,0,0,1,0,0,38,7
431,1,0,0,0,1,0,0,54,7
870,1,0,0,0,1,0,0,25,7
291,1,0,0,0,1,0,0,54,7
505,1,0,0,0,1,0,0,40,7
1153,1,0,0,0,1,0,0,39,7
150,1,0,0,0,1,0,0,38,7
407,1,0,0,0,1,0,0,25,7
550,1,0,0,0,1,0,0,47,7
1311,1,0,0,0,1,0,0,35,7
313,1,0,0,0,1,0,0,54,7
517,1,0,0,0,1,0,0,27,7
471,1,0,0,0,1,0,0,34,7
461,1,0,0,0,1,0,0,58,7
575,1,0,0,0,1,0,0,32,7
327,1,0,0,0,1,0,0,29,7
266,1,0,0,0,1,0,0,27,7
496,1,0,0,0,1,0,0,39,7
932,1,0,0,0,1,0,0,33,7
281,1,0,0,0,1,0,0,35,7
742,1,0,0,0,1,0,0,35,7
954,1,0,0,0,1,0,0,35,7
307,1,0,0,0,1,0,0,28,7
299,1,0,0,0,1,0,0,36,7
339,1,0,0,0,1,0,0,35,7
649,1,0,0,0,1,0,0,24,7
300,1,0,0,0,1,0,0,27,7
309,1,0,0,0,1,0,0,40,7
1298,1,0,0,0,1,0,0,23,7
331,1,0,0,0,1,0,0,35,7
557,1,0,0,0,1,0,0,23,7
240,1,0,0,0,1,0,0,43,7
421,1,0,0,0,1,0,0,57,7
982,1,0,0,0,1,0,0,25,7
279,1,0,0,0,1,0,0,47,7
960,1,0,0,0,1,0,0,46,7
1130,1,0,0,0,1,0,0,29,7
1381,1,0,0,0,1,0,0,27,7
588,1,0,0,0,1,0,0,39,7
594,1,0,0,0,1,0,0,34,7
666,1,0,0,0,1,0,0,23,7
602,1,0,0,0,1,0,0,42,7
442,1,0,0,0,1,0,0,35,7
428,1,0,0,0,1,0,0,24,7
532,1,0,0,0,1,0,0,46,7
1444,1,0,0,0,1,0,0,55,7
203,1,0,0,0,1,0,0,45,7
843,1,0,0,0,1,0,0,21,7
671,1,0,0,0,1,0,0,29,7
593,1,0,0,0,1,0,0,38,7
368,1,0,0,0,1,0,0,63,7
514,1,0,0,0,1,0,0,30,7
1031,1,0,0,0,1,0,0,35,7
631,1,0,0,0,1,0,0,35,7
466,1,0,0,0,1,0,0,45,7
422,1,0,0,0,1,0,0,24,7
485,1,0,0,0,1,0,0,22,7
862,1,0,0,0,1,0,0,50,7
363,1,0,0,0,1,0,0,34,7
452,1,0,0,0,1,0,0,63,7
957,1,0,0,0,1,0,0,24,7
825,1,0,0,0,1,0,0,60,7
409,1,0,0,0,1,0,0,25,7
598,1,0,0,0,1,0,0,47,7
324,1,0,0,0,1,0,0,48,7
644,1,0,0,0,1,0,0,38,7
3705,1,0,0,0,1,0,0,56,7
495,1,0,0,0,1,0,0,30,7
307,1,0,0,0,1,0,0,30,7
263,1,0,0,0,1,0,0,41,7
870,1,0,0,0,1,0,0,24,7
344,1,0,0,0,1,0,0,63,7
1097,1,0,0,0,1,0,0,25,7
1488,1,0,0,0,1,0,0,49,7
91,1,0,0,0,1,0,0,31,7
1897,1,0,0,0,1,0,0,58,7
382,1,0,0,0,1,0,0,35,7
698,1,0,0,0,1,0,0,36,7
1661,1,0,0,0,1,0,0,37,7
527,1,0,0,0,1,0,0,29,7
831,1,0,0,0,1,0,0,42,7
421,1,0,0,0,1,0,0,32,7
255,1,0,0,0,1,0,0,35,7
302,1,0,0,0,1,0,0,38,7
513,1,0,0,0,1,0,0,36,7
19339,1,0,0,0,1,0,0,58,7
1107,1,0,0,0,1,0,0,31,7
466,1,0,0,0,1,0,0,32,7
1519,1,0,0,0,1,0,0,59,7
398,1,0,0,0,1,0,0,40,7
1302,1,0,0,0,1,0,0,31,7
459,1,0,0,0,1,0,0,40,7
474,1,0,0,0,1,0,0,30,7
1220,1,0,0,0,1,0,0,27,7
533,1,0,0,0,1,0,0,38,7
738,1,0,0,0,1,0,0,30,7
531,1,0,0,0,1,0,0,48,7
396,1,0,0,0,1,0,0,40,7
898,1,0,0,0,1,0,0,25,7
1032,1,0,0,0,1,0,0,20,7
441,1,0,0,0,1,0,0,27,7
722,1,0,0,0,1,0,0,23,7
1092,1,0,0,0,1,0,0,34,7
513,1,0,0,0,1,0,0,26,7
302,1,0,0,0,1,0,0,23,7
1462,1,0,0,0,1,0,0,47,7
376,1,0,0,0,1,0,0,32,7
1446,1,0,0,0,1,0,0,31,7
618,1,0,0,0,1,0,0,38,7
217,1,0,0,0,1,0,0,35,7
270,1,0,0,0,1,0,0,35,7
1091,1,0,0,0,1,0,0,27,7
427,1,0,0,0,1,0,0,45,7
1057,1,0,0,0,1,0,0,29,7
5430,1,0,0,0,1,0,0,42,7
373,1,0,0,0,1,0,0,32,7
1303,1,0,0,0,1,0,0,36,7
823,1,0,0,0,1,0,0,29,7
451,1,0,0,0,1,0,0,38,7
807,1,0,0,0,1,0,0,35,7
418,1,0,0,0,1,0,0,28,7
825,1,0,0,0,1,0,0,41,7
604,1,0,0,0,1,0,0,47,7
661,1,0,0,0,1,0,0,51,7
282,1,0,0,0,1,0,0,47,7
1221,1,0,0,0,1,0,0,47,7
2110,1,0,0,0,1,0,0,24,7
736,1,0,0,0,1,0,0,32,7
833,1,0,0,0,1,0,0,35,7
1083,1,0,0,0,1,0,0,30,7
413,1,0,0,0,1,0,0,24,7
471,1,0,0,0,1,0,0,33,7
438,1,0,0,0,1,0,0,27,7
339,1,0,0,0,1,0,0,27,7
1147,1,0,0,0,1,0,0,23,7
596,1,0,0,0,1,0,0,37,7
187,1,0,0,0,1,0,0,63,7
266,1,0,0,0,1,0,0,43,7
3278,1,0,0,0,1,0,0,29,7
743,1,0,0,0,1,0,0,27,7
1200,1,0,0,0,1,0,0,25,7
619,1,0,0,0,1,0,0,53,7
707,1,0,0,0,1,0,0,48,7
364,1,0,0,0,1,0,0,25,7
453,1,0,0,0,1,0,0,24,7
347,1,0,0,0,1,0,0,55,7
623,1,0,0,0,1,0,0,36,7
669,1,0,0,0,1,0,0,36,7
672,1,0,0,0,1,0,0,35,7
260,1,0,0,0,1,0,0,51,7
359,1,0,0,0,1,0,0,21,7
806,1,0,0,0,1,0,0,34,7
480,1,0,0,0,1,0,0,30,7
258,1,0,0,0,1,0,0,28,7
837,1,0,0,0,1,0,0,24,7
1109,1,0,0,0,1,0,0,35,7
624,1,0,0,0,1,0,0,22,7
663,1,0,0,0,1,0,0,30,7
210,1,0,0,0,1,0,0,35,7
559,1,0,0,0,1,0,0,33,7
462,1,0,0,0,1,0,0,62,7
679,1,0,0,0,1,0,0,43,7
787,1,0,0,0,1,0,0,32,7
363,1,0,0,0,1,0,0,21,7
409,1,0,0,0,1,0,0,64,7
744,1,0,0,0,1,0,0,28,7
256,1,0,0,0,1,0,0,25,7
981,1,0,0,0,1,0,0,30,7
934,1,0,0,0,1,0,0,17,7
703,1,0,0,0,1,0,0,35,7
1437,1,0,0,0,1,0,0,35,7
499,1,0,0,0,1,0,0,38,7
106,1,0,0,0,1,0,0,35,7
1034,1,0,0,0,1,0,0,50,7
429,1,0,0,0,1,0,0,41,7
1412,1,0,0,0,1,0,0,39,7
712,1,0,0,0,1,0,0,43,7
388,1,0,0,0,1,0,0,41,7
234,1,0,0,0,1,0,0,45,7
905,1,0,0,0,1,0,0,26,7
25,1,0,0,0,1,0,0,55,7
1015,1,0,0,0,1,0,0,40,7
214,1,0,0,0,1,0,0,25,7
609,1,0,0,0,1,0,0,29,7
870,1,0,0,0,1,0,0,26,7
429,1,0,0,0,1,0,0,28,7
1445,1,0,0,0,1,0,0,28,7
432,1,0,0,0,1,0,0,35,7
5302,1,0,0,0,1,0,0,42,7
838,1,0,0,0,1,0,0,17,7
233,1,0,0,0,1,0,0,24,7
306,1,0,0,0,1,0,0,54,7
420,1,0,0,0,1,0,0,32,7
718,1,0,0,0,1,0,0,35,7
718,1,0,0,0,1,0,0,40,7
450,1,0,0,0,1,0,0,32,7
1157,1,0,0,0,1,0,0,28,7
1829,1,0,0,0,1,0,0,29,7
517,1,0,0,0,1,0,0,29,7
1005,1,0,0,0,1,0,0,59,7
1132,1,0,0,0,1,0,0,40,7
478,1,0,0,0,1,0,0,34,7
366,1,0,0,0,1,0,0,29,7
204,1,0,0,0,1,0,0,25,7
215,1,0,0,0,1,0,0,28,7
11,1,0,0,0,1,0,0,27,7
805,1,0,0,0,1,0,0,29,7
432,1,0,0,0,1,0,0,37,7
664,1,0,0,0,1,0,0,53,7
566,1,0,0,0,1,0,0,31,7
304,1,0,0,0,1,0,0,54,7
789,1,0,0,0,1,0,0,32,7
552,1,0,0,0,1,0,0,55,7
576,1,0,0,0,1,0,0,25,7
723,1,0,0,0,1,0,0,25,7
1242,1,0,0,0,1,0,0,26,7
995,1,0,0,0,1,0,0,26,7
811,1,0,0,0,1,0,0,60,7
288,1,0,0,0,1,0,0,26,7
589,1,0,0,0,1,0,0,27,7
380,1,0,0,0,1,0,0,43,7
1035,1,0,0,0,1,0,0,25,7
575,1,0,0,0,1,0,0,50,7
68,1,0,0,0,1,0,0,26,7
412,1,0,0,0,1,0,0,28,7
564,1,0,0,0,1,0,0,38,7
737,1,0,0,0,1,0,0,22,7
327,1,0,0,0,1,0,0,35,7
273,1,0,0,0,1,0,0,22,7
864,1,0,0,0,1,0,0,51,7
817,1,0,0,0,1,0,0,43,7
328,1,0,0,0,1,0,0,27,7
617,1,0,0,0,1,0,0,24,7
475,1,0,0,0,1,0,0,59,7
634,1,0,0,0,1,0,0,37,7
453,1,0,0,0,1,0,0,21,7
4727,1,0,0,0,1,0,0,42,7
403,1,0,0,0,1,0,0,45,7
115,1,0,0,0,1,0,0,46,7
321,1,0,0,0,1,0,0,32,7
313,1,0,0,0,1,0,0,46,7
1372,1,0,0,0,1,0,0,45,7
435,1,0,0,0,1,0,0,24,7
417,1,0,0,0,1,0,0,38,7
528,1,0,0,0,1,0,0,25,7
1397,1,0,0,0,1,0,0,27,7
656,1,0,0,0,1,0,0,23,7
1635,1,0,0,0,1,0,0,54,7
308,1,0,0,0,1,0,0,24,7
644,1,0,0,0,1,0,0,34,7
365,1,0,0,0,1,0,0,48,7
686,1,0,0,0,1,0,0,41,7
292,1,0,0,0,1,0,0,33,7
540,1,0,0,0,1,0,0,25,7
462,1,0,0,0,1,0,0,32,7
330,1,0,0,0,1,0,0,35,7
517,1,0,0,0,1,0,0,41,7
1057,1,0,0,0,1,0,0,26,7
531,1,0,0,0,1,0,0,51,7
902,1,0,0,0,1,0,0,26,7
838,1,0,0,0,1,0,0,49,7
446,1,0,0,0,1,0,0,39,7
559,1,0,0,0,1,0,0,45,7
844,1,0,0,0,1,0,0,56,7
835,1,0,0,0,1,0,0,26,7
418,1,0,0,0,1,0,0,37,7
727,1,0,0,0,1,0,0,34,7
902,1,0,0,0,1,0,0,33,7
534,1,0,0,0,1,0,0,26,7
438,1,0,0,0,1,0,0,42,7
336,1,0,0,0,1,0,0,22,7
107,1,0,0,0,1,0,0,35,7
760,1,0,0,0,1,0,0,32,7
897,1,0,0,0,1,0,0,27,7
871,1,0,0,0,1,0,0,30,7
237,1,0,0,0,1,0,0,38,7
1178,1,0,0,0,1,0,0,56,7
1147,1,0,0,0,1,0,0,51,7
276,1,0,0,0,1,0,0,46,7
1406,1,0,0,0,1,0,0,36,7
131,1,0,0,0,1,0,0,36,7
1310,1,0,0,0,1,0,0,45,7
1467,1,0,0,0,1,0,0,47,7
1753,1,0,0,0,1,0,0,39,7
465,1,0,0,0,1,0,0,55,7
1098,1,0,0,0,1,0,0,36,7
417,1,0,0,0,1,0,0,29,7
244,1,0,0,0,1,0,0,27,7
337,1,0,0,0,1,0,0,32,7
34,1,0,0,0,1,0,0,28,7
316,1,0,0,0,1,0,0,39,7
1312,1,0,0,0,1,0,0,35,7
486,1,0,0,0,1,0,0,21,7
1634,1,0,0,0,1,0,0,51,7
401,1,0,0,0,1,0,0,23,7
160,1,0,0,0,1,0,0,38,7
757,1,0,0,0,1,0,0,54,7
919,1,0,0,0,1,0,0,46,7
303,1,0,0,0,1,0,0,27,7
506,1,0,0,0,1,0,0,45,7
463,1,0,0,0,1,0,0,45,7
556,1,0,0,0,1,0,0,26,7
410,1,0,0,0,1,0,0,32,7
1705,1,0,0,0,1,0,0,30,7
282,1,0,0,0,1,0,0,24,7
547,1,0,0,0,1,0,0,44,7
898,1,0,0,0,1,0,0,28,7
540,1,0,0,0,1,0,0,41,7
516,1,0,0,0,1,0,0,54,7
287,1,0,0,0,1,0,0,27,7
797,1,0,0,0,1,0,0,20,7
568,1,0,0,0,1,0,0,56,7
1063,1,0,0,0,1,0,0,33,7
311,1,0,0,0,1,0,0,48,7
455,1,0,0,0,1,0,0,25,7
948,1,0,0,0,1,0,0,26,7
565,1,0,0,0,1,0,0,25,7
257,1,0,0,0,1,0,0,58,7
639,1,0,0,0,1,0,0,26,7
1067,1,0,0,0,1,0,0,32,7
1071,1,0,0,0,1,0,0,44,7
614,1,0,0,0,1,0,0,34,7
543,1,0,0,0,1,0,0,31,7
1530,1,0,0,0,1,0,0,51,7
526,1,0,0,0,1,0,0,32,7
1118,1,0,0,0,1,0,0,42,7
541,1,0,0,0,1,0,0,35,7
533,1,0,0,0,1,0,0,35,7
861,1,0,0,0,1,0,0,29,7
205,1,0,0,0,1,0,0,38,7
1232,1,0,0,0,1,0,0,26,7
797,1,0,0,0,1,0,0,27,7
1733,1,0,0,0,1,0,0,20,7
420,1,0,0,0,1,0,0,48,7
593,1,0,0,0,1,0,0,44,7
210,1,0,0,0,1,0,0,63,7
1533,1,0,0,0,1,0,0,29,7
851,1,0,0,0,1,0,0,27,7
1478,1,0,0,0,1,0,0,30,7
281,1,0,0,0,1,0,0,28,7
358,1,0,0,0,1,0,0,32,7
312,1,0,0,0,1,0,0,21,7
616,1,0,0,0,1,0,0,24,7
307,1,0,0,0,1,0,0,55,7
1004,1,0,0,0,1,0,0,29,7
1285,1,0,0,0,1,0,0,34,7
434,1,0,0,0,1,0,0,24,7
447,1,0,0,0,1,0,0,24,7
955,1,0,0,0,1,0,0,44,7
353,1,0,0,0,1,0,0,60,7
1263,1,0,0,0,1,0,0,25,7
442,1,0,0,0,1,0,0,21,7
750,1,0,0,0,1,0,0,48,7
515,1,0,0,0,1,0,0,29,7
471,1,0,0,0,1,0,0,47,7
928,1,0,0,0,1,0,0,28,7
1413,1,0,0,0,1,0,0,26,7
251,1,0,0,0,1,0,0,45,7
360,1,0,0,0,1,0,0,23,7
1025,1,0,0,0,1,0,0,47,7
1240,1,0,0,0,1,0,0,39,7
2043,1,0,0,0,1,0,0,44,7
609,1,0,0,0,1,0,0,36,7
1443,1,0,0,0,1,0,0,28,7
445,1,0,0,0,1,0,0,23,7
1609,1,0,0,0,1,0,0,31,7
737,1,0,0,0,1,0,0,26,7
410,1,0,0,0,1,0,0,32,7
778,1,0,0,0,1,0,0,25,7
942,1,0,0,0,1,0,0,60,7
857,1,0,0,0,1,0,0,29,7
772,1,0,0,0,1,0,0,60,7
379,1,0,0,0,1,0,0,25,7
1552,1,0,0,0,1,0,0,61,7
414,1,0,0,0,1,0,0,30,7
975,1,0,0,0,1,0,0,33,7
468,1,0,0,0,1,0,0,24,7
1179,1,0,0,0,1,0,0,51,7
977,1,0,0,0,1,0,0,22,7
513,1,0,0,0,1,0,0,32,7
597,1,0,0,0,1,0,0,42,7
825,1,0,0,0,1,0,0,60,7
521,1,0,0,0,1,0,0,32,7
477,1,0,0,0,1,0,0,23,7
231,1,0,0,0,1,0,0,21,7
507,1,0,0,0,1,0,0,25,7
481,1,0,0,0,1,0,0,41,7
23,1,0,0,0,1,0,0,28,7
699,1,0,0,0,1,0,0,49,7
1194,1,0,0,0,1,0,0,29,7
506,1,0,0,0,1,0,0,46,7
241,1,0,0,0,1,0,0,54,7
533,1,0,0,0,1,0,0,24,7
350,1,0,0,0,1,0,0,27,7
665,1,0,0,0,1,0,0,44,7
393,1,0,0,0,1,0,0,24,7
326,1,0,0,0,1,0,0,55,7
632,1,0,0,0,1,0,0,29,7
552,1,0,0,0,1,0,0,51,7
680,1,0,0,0,1,0,0,23,7
437,1,0,0,0,1,0,0,65,7
674,1,0,0,0,1,0,0,28,7
508,1,0,0,0,1,0,0,27,7
315,1,0,0,0,1,0,0,22,7
1136,1,0,0,0,1,0,0,35,7
1147,1,0,0,0,1,0,0,25,7
570,1,0,0,0,1,0,0,38,7
387,1,0,0,0,1,0,0,42,7
414,1,0,0,0,1,0,0,31,7
462,1,0,0,0,1,0,0,27,7
318,1,0,0,0,1,0,0,24,7
728,1,0,0,0,1,0,0,32,7
500,1,0,0,0,1,0,0,23,7
169,1,0,0,0,1,0,0,44,7
448,1,0,0,0,1,0,0,54,7
364,1,0,0,0,1,0,0,22,7
275,1,0,0,0,1,0,0,24,7
1369,1,0,0,0,1,0,0,31,7
906,1,0,0,0,1,0,0,51,7
338,1,0,0,0,1,0,0,25,7
317,1,0,0,0,1,0,0,20,7
1000,1,0,0,0,1,0,0,35,7
378,1,0,0,0,1,0,0,27,7
243,1,0,0,0,1,0,0,34,7
979,1,0,0,0,1,0,0,50,7
505,1,0,0,0,1,0,0,25,7
307,1,0,0,0,1,0,0,35,7
466,1,0,0,0,1,0,0,34,7
345,1,0,0,0,1,0,0,44,7
297,1,0,0,0,1,0,0,35,7
270,1,0,0,0,1,0,0,58,7
879,1,0,0,0,1,0,0,32,7
586,1,0,0,0,1,0,0,36,7
481,1,0,0,0,1,0,0,47,7
846,1,0,0,0,1,0,0,26,7
1091,1,0,0,0,1,0,0,25,7
876,1,0,0,0,1,0,0,35,7
379,1,0,0,0,1,0,0,54,7
234,1,0,0,0,1,0,0,25,7
382,1,0,0,0,1,0,0,35,7
1204,1,0,0,0,1,0,0,39,7
402,1,0,0,0,1,0,0,54,7
447,1,0,0,0,1,0,0,51,7
326,1,0,0,0,1,0,0,54,7
250,1,0,0,0,1,0,0,34,7
1123,1,0,0,0,1,0,0,27,7
345,1,0,0,0,1,0,0,23,7
885,1,0,0,0,1,0,0,35,7
234,1,0,0,0,1,0,0,28,7
239,1,0,0,0,1,0,0,29,7
1046,1,0,0,0,1,0,0,27,7
791,1,0,0,0,1,0,0,24,7
664,1,0,0,0,1,0,0,51,7
857,1,0,0,0,1,0,0,31,7
641,1,0,0,0,1,0,0,32,7
978,1,0,0,0,1,0,0,33,7
914,1,0,0,0,1,0,0,24,7
538,1,0,0,0,1,0,0,32,7
478,1,0,0,0,1,0,0,39,7
643,1,0,0,0,1,0,0,35,7
1437,1,0,0,0,1,0,0,41,7
1112,1,0,0,0,1,0,0,30,7
901,1,0,0,0,1,0,0,24,7
1470,1,0,0,0,1,0,0,24,7
1372,1,0,0,0,1,0,0,45,7
338,1,0,0,0,1,0,0,43,7
510,1,0,0,0,1,0,0,47,7
469,1,0,0,0,1,0,0,49,7
731,1,0,0,0,1,0,0,39,7
457,1,0,0,0,1,0,0,31,7
517,1,0,0,0,1,0,0,29,7
346,1,0,0,0,1,0,0,21,7
429,1,0,0,0,1,0,0,29,7
485,1,0,0,0,1,0,0,52,7
1262,1,0,0,0,1,0,0,31,7
405,1,0,0,0,1,0,0,47,7
398,1,0,0,0,1,0,0,32,7
1201,1,0,0,0,1,0,0,24,7
484,1,0,0,0,1,0,0,58,7
1575,1,0,0,0,1,0,0,35,7
810,1,0,0,0,1,0,0,23,7
1029,1,0,0,0,1,0,0,30,7
325,1,0,0,0,1,0,0,46,7
927,1,0,0,0,1,0,0,26,7
515,1,0,0,0,1,0,0,26,7
857,1,0,0,0,1,0,0,51,7
1659,1,0,0,0,1,0,0,51,7
1246,1,0,0,0,1,0,0,27,7
648,1,0,0,0,1,0,0,26,7
359,1,0,0,0,1,0,0,29,7
1912,1,0,0,0,1,0,0,33,7
638,1,0,0,0,1,0,0,27,7
433,1,0,0,0,1,0,0,30,7
1134,1,0,0,0,1,0,0,30,7
966,1,0,0,0,1,0,0,56,7
549,1,0,0,0,1,0,0,29,7
794,1,0,0,0,1,0,0,31,7
612,1,0,0,0,1,0,0,20,7
651,1,0,0,0,1,0,0,27,7
676,1,0,0,0,1,0,0,28,7
1023,1,0,0,0,1,0,0,37,7
541,1,0,0,0,1,0,0,25,7
891,1,0,0,0,1,0,0,32,7
358,1,0,0,0,1,0,0,45,7
501,1,0,0,0,1,0,0,32,7
362,1,0,0,0,1,0,0,29,7
871,1,0,0,0,1,0,0,35,7
1024,1,0,0,0,1,0,0,37,7
391,1,0,0,0,1,0,0,43,7
1137,1,0,0,0,1,0,0,55,7
421,1,0,0,0,1,0,0,30,7
613,1,0,0,0,1,0,0,54,7
533,1,0,0,0,1,0,0,33,7
504,1,0,0,0,1,0,0,51,7
1069,1,0,0,0,1,0,0,53,7
415,1,0,0,0,1,0,0,63,7
2433,1,0,0,0,1,0,0,28,7
386,1,0,0,0,1,0,0,21,7
414,1,0,0,0,1,0,0,27,7
1036,1,0,0,0,1,0,0,33,7
705,1,0,0,0,1,0,0,46,7
580,1,0,0,0,1,0,0,28,7
159,1,0,0,0,1,0,0,32,7
477,1,0,0,0,1,0,0,24,7
1758,1,0,0,0,1,0,0,39,7
627,1,0,0,0,1,0,0,27,7
51,1,0,0,0,1,0,0,31,7
778,1,0,0,0,1,0,0,32,7
662,1,0,0,0,1,0,0,47,7
686,1,0,0,0,1,0,0,38,7
520,1,0,0,0,1,0,0,24,7
734,1,0,0,0,1,0,0,28,7
278,1,0,0,0,1,0,0,25,7
337,1,0,0,0,1,0,0,26,7
442,1,0,0,0,1,0,0,50,7
367,1,0,0,0,1,0,0,29,7
761,1,0,0,0,1,0,0,29,7
407,1,0,0,0,1,0,0,32,7
333,1,0,0,0,1,0,0,29,7
671,1,0,0,0,1,0,0,39,7
372,1,0,0,0,1,0,0,43,7
342,1,0,0,0,1,0,0,33,7
332,1,0,0,0,1,0,0,35,7
783,1,0,0,0,1,0,0,44,7
767,1,0,0,0,1,0,0,20,7
612,1,0,0,0,1,0,0,27,7
195,1,0,0,0,1,0,0,27,7
541,1,0,0,0,1,0,0,28,7
588,1,0,0,0,1,0,0,33,7
318,1,0,0,0,1,0,0,55,7
1067,1,0,0,0,1,0,0,29,7
547,1,0,0,0,1,0,0,44,7
658,1,0,0,0,1,0,0,23,7
632,1,0,0,0,1,0,0,27,7
1202,1,0,0,0,1,0,0,27,7
688,1,0,0,0,1,0,0,36,7
1036,1,0,0,0,1,0,0,27,7
222,1,0,0,0,1,0,0,28,7
79,1,0,0,0,1,0,0,29,7
773,1,0,0,0,1,0,0,25,7
319,1,0,0,0,1,0,0,30,7
742,1,0,0,0,1,0,0,34,7
1818,1,0,0,0,1,0,0,27,7
70,1,0,0,0,1,0,0,36,7
386,1,0,0,0,1,0,0,39,7
565,1,0,0,0,1,0,0,32,7
395,1,0,0,0,1,0,0,34,7
178,1,0,0,0,1,0,0,38,7
1083,1,0,0,0,1,0,0,30,7
354,1,0,0,0,1,0,0,35,7
220,1,0,0,0,1,0,0,28,7
1060,1,0,0,0,1,0,0,29,7
493,1,0,0,0,1,0,0,29,7
431,1,0,0,0,1,0,0,36,7
753,1,0,0,0,1,0,0,25,7
254,1,0,0,0,1,0,0,43,7
802,1,0,0,0,1,0,0,37,7
953,1,0,0,0,1,0,0,24,7
751,1,0,0,0,1,0,0,23,7
285,1,0,0,0,1,0,0,51,7
960,1,0,0,0,1,0,0,25,7
761,1,0,0,0,1,0,0,24,7
971,1,0,0,0,1,0,0,33,7
622,1,0,0,0,1,0,0,53,7
379,1,0,0,0,1,0,0,26,7
374,1,0,0,0,1,0,0,46,7
542,1,0,0,0,1,0,0,49,7
1185,1,0,0,0,1,0,0,44,7
991,1,0,0,0,1,0,0,25,7
1021,1,0,0,0,1,0,0,27,7
267,1,0,0,0,1,0,0,29,7
418,1,0,0,0,1,0,0,32,7
1251,1,0,0,0,1,0,0,23,7
572,1,0,0,0,1,0,0,28,7
235,1,0,0,0,1,0,0,34,7
969,1,0,0,0,1,0,0,26,7
189,1,0,0,0,1,0,0,26,7
505,1,0,0,0,1,0,0,38,7
935,1,0,0,0,1,0,0,32,7
728,1,0,0,0,1,0,0,47,7
452,1,0,0,0,1,0,0,27,7
681,1,0,0,0,1,0,0,24,7
316,1,0,0,0,1,0,0,35,7
350,1,0,0,0,1,0,0,55,7
692,1,0,0,0,1,0,0,23,7
479,1,0,0,0,1,0,0,39,7
989,1,0,0,0,1,0,0,29,7
528,1,0,0,0,1,0,0,32,7
410,1,0,0,0,1,0,0,28,7
656,1,0,0,0,1,0,0,26,7
229,1,0,0,0,1,0,0,37,7
630,1,0,0,0,1,0,0,39,7
632,1,0,0,0,1,0,0,24,7
1243,1,0,0,0,1,0,0,27,7
1036,1,0,0,0,1,0,0,42,7
3314,1,0,0,0,1,0,0,48,7
345,1,0,0,0,1,0,0,21,7
352,1,0,0,0,1,0,0,46,7
190,1,0,0,0,1,0,0,38,7
273,1,0,0,0,1,0,0,28,7
363,1,0,0,0,1,0,0,40,7
495,1,0,0,0,1,0,0,39,7
319,1,0,0,0,1,0,0,29,7
691,1,0,0,0,1,0,0,34,7
217,1,0,0,0,1,0,0,25,7
306,1,0,0,0,1,0,0,24,7
1564,1,0,0,0,1,0,0,26,7
484,1,0,0,0,1,0,0,30,7
845,1,0,0,0,1,0,0,28,7
342,1,0,0,0,1,0,0,35,7
1289,1,0,0,0,1,0,0,31,7
314,1,0,0,0,1,0,0,32,7
1428,1,0,0,0,1,0,0,47,7
300,1,0,0,0,1,0,0,54,7
579,1,0,0,0,1,0,0,22,7
848,1,0,0,0,1,0,0,35,7
609,1,0,0,0,1,0,0,29,7
3611,1,0,0,0,1,0,0,49,7
244,1,0,0,0,1,0,0,58,7
978,1,0,0,0,1,0,0,43,7
270,1,0,0,0,1,0,0,35,7
545,1,0,0,0,1,0,0,26,7
1135,1,0,0,0,1,0,0,53,7
332,1,0,0,0,1,0,0,35,7
698,1,0,0,0,1,0,0,52,7
695,1,0,0,0,1,0,0,38,7
284,1,0,0,0,1,0,0,23,7
298,1,0,0,0,1,0,0,35,7
554,1,0,0,0,1,0,0,38,7
373,1,0,0,0,1,0,0,58,7
980,1,0,0,0,1,0,0,50,7
843,1,0,0,0,1,0,0,34,7
351,1,0,0,0,1,0,0,46,7
18,1,0,0,0,1,0,0,38,7
1454,1,0,0,0,1,0,0,28,7
455,1,0,0,0,1,0,0,50,7
436,1,0,0,0,1,0,0,32,7
630,1,0,0,0,1,0,0,41,7
487,1,0,0,0,1,0,0,30,7
807,1,0,0,0,1,0,0,36,7
806,1,0,0,0,1,0,0,24,7
369,1,0,0,0,1,0,0,38,7
372,1,0,0,0,1,0,0,39,7
355,1,0,0,0,1,0,0,47,7
647,1,0,0,0,1,0,0,50,7
753,1,0,0,0,1,0,0,55,7
789,1,0,0,0,1,0,0,29,7
911,1,0,0,0,1,0,0,32,7
280,1,0,0,0,1,0,0,30,7
903,1,0,0,0,1,0,0,35,7
329,1,0,0,0,1,0,0,47,7
390,1,0,0,0,1,0,0,29,7
782,1,0,0,0,1,0,0,25,7
734,1,0,0,0,1,0,0,29,7
682,1,0,0,0,1,0,0,23,7
173,1,0,0,0,1,0,0,19,7
1380,1,0,0,0,1,0,0,23,7
1214,1,0,0,0,1,0,0,24,7
615,1,0,0,0,1,0,0,21,7
454,1,0,0,0,1,0,0,57,7
1393,1,0,0,0,1,0,0,55,7
403,1,0,0,0,1,0,0,33,7
476,1,0,0,0,1,0,0,42,7
421,1,0,0,0,1,0,0,24,7
1272,1,0,0,0,1,0,0,36,7
599,1,0,0,0,1,0,0,46,7
564,1,0,0,0,1,0,0,57,7
347,1,0,0,0,1,0,0,45,7
859,1,0,0,0,1,0,0,42,7
1221,1,0,0,0,1,0,0,31,7
416,1,0,0,0,1,0,0,23,7
2276,1,0,0,0,1,0,0,49,7
1636,1,0,0,0,1,0,0,44,7
500,1,0,0,0,1,0,0,39,7
1173,1,0,0,0,1,0,0,26,7
375,1,0,0,0,1,0,0,24,7
823,1,0,0,0,1,0,0,52,7
738,1,0,0,0,1,0,0,24,7
423,1,0,0,0,1,0,0,21,7
413,1,0,0,0,1,0,0,30,7
829,1,0,0,0,1,0,0,29,7
1067,1,0,0,0,1,0,0,58,7
652,1,0,0,0,1,0,0,35,7
667,1,0,0,0,1,0,0,27,7
366,1,0,0,0,1,0,0,30,7
702,1,0,0,0,1,0,0,24,7
321,1,0,0,0,1,0,0,29,7
1336,1,0,0,0,1,0,0,28,7
562,1,0,0,0,1,0,0,34,7
278,1,0,0,0,1,0,0,33,7
277,1,0,0,0,1,0,0,32,7
895,1,0,0,0,1,0,0,50,7
596,1,0,0,0,1,0,0,25,7
538,1,0,0,0,1,0,0,31,7
641,1,0,0,0,1,0,0,42,7
244,1,0,0,0,1,0,0,26,7
738,1,0,0,0,1,0,0,34,7
1053,1,0,0,0,1,0,0,30,7
1290,1,0,0,0,1,0,0,27,7
1514,1,0,0,0,1,0,0,47,7
660,1,0,0,0,1,0,0,29,7
421,1,0,0,0,1,0,0,30,7
490,1,0,0,0,1,0,0,52,7
423,1,0,0,0,1,0,0,32,7
469,1,0,0,0,1,0,0,55,7
397,1,0,0,0,1,0,0,41,7
831,1,0,0,0,1,0,0,24,7
716,1,0,0,0,1,0,0,29,7
1292,1,0,0,0,1,0,0,27,7
356,1,0,0,0,1,0,0,24,7
1043,1,0,0,0,1,0,0,42,7
924,1,0,0,0,1,0,0,32,7
52,1,0,0,0,1,0,0,55,7
848,1,0,0,0,1,0,0,49,7
316,1,0,0,0,1,0,0,34,7
475,1,0,0,0,1,0,0,20,7
433,1,0,0,0,1,0,0,31,7
222,1,0,0,0,1,0,0,51,7
620,1,0,0,0,1,0,0,48,7
547,1,0,0,0,1,0,0,38,7
285,1,0,0,0,1,0,0,30,7
1127,1,0,0,0,1,0,0,30,7
489,1,0,0,0,1,0,0,39,7
203,1,0,0,0,1,0,0,28,7
242,1,0,0,0,1,0,0,43,7
214,1,0,0,0,1,0,0,47,7
429,1,0,0,0,1,0,0,58,7
710,1,0,0,0,1,0,0,27,7
1349,1,0,0,0,1,0,0,42,7
532,1,0,0,0,1,0,0,56,7
701,1,0,0,0,1,0,0,26,7
187,1,0,0,0,1,0,0,24,7
727,1,0,0,0,1,0,0,37,7
618,1,0,0,0,1,0,0,35,7
658,1,0,0,0,1,0,0,32,7
456,1,0,0,0,1,0,0,29,7
714,1,0,0,0,1,0,0,39,7
774,1,0,0,0,1,0,0,20,7
734,1,0,0,0,1,0,0,26,7
674,1,0,0,0,1,0,0,41,7
716,1,0,0,0,1,0,0,35,7
771,1,0,0,0,1,0,0,24,7
602,1,0,0,0,1,0,0,47,7
914,1,0,0,0,1,0,0,35,7
133,1,0,0,0,1,0,0,27,7
976,1,0,0,0,1,0,0,32,7
266,1,0,0,0,1,0,0,54,7
975,1,0,0,0,1,0,0,33,7
420,1,0,0,0,1,0,0,48,7
848,1,0,0,0,1,0,0,27,7
838,1,0,0,0,1,0,0,30,7
260,1,0,0,0,1,0,0,30,7
1085,1,0,0,0,1,0,0,50,7
480,1,0,0,0,1,0,0,38,7
229,1,0,0,0,1,0,0,29,7
462,1,0,0,0,1,0,0,34,7
662,1,0,0,0,1,0,0,47,7
380,1,0,0,0,1,0,0,24,7
358,1,0,0,0,1,0,0,57,7
305,1,0,0,0,1,0,0,25,7
918,1,0,0,0,1,0,0,42,7
1112,1,0,0,0,1,0,0,27,7
734,1,0,0,0,1,0,0,27,7
377,1,0,0,0,1,0,0,39,7
479,1,0,0,0,1,0,0,23,7
303,1,0,0,0,1,0,0,24,7
725,1,0,0,0,1,0,0,34,7
650,1,0,0,0,1,0,0,23,7
422,1,0,0,0,1,0,0,56,7
2097,1,0,0,0,1,0,0,42,7
771,1,0,0,0,1,0,0,24,7
633,1,0,0,0,1,0,0,32,7
391,1,0,0,0,1,0,0,31,7
1030,1,0,0,0,1,0,0,56,7
516,1,0,0,0,1,0,0,48,7
1046,1,0,0,0,1,0,0,55,7
294,1,0,0,0,1,0,0,35,7
1587,1,0,0,0,1,0,0,30,7
775,1,0,0,0,1,0,0,60,7
879,1,0,0,0,1,0,0,35,7
686,1,0,0,0,1,0,0,24,7
761,1,0,0,0,1,0,0,35,7
652,1,0,0,0,1,0,0,21,7
597,1,0,0,0,1,0,0,29,7
213,1,0,0,0,1,0,0,50,7
751,1,0,0,0,1,0,0,53,7
1063,1,0,0,0,1,0,0,32,7
1473,1,0,0,0,1,0,0,39,7
952,1,0,0,0,1,0,0,33,7
440,1,0,0,0,1,0,0,24,7
379,1,0,0,0,1,0,0,37,7
638,1,0,0,0,1,0,0,48,7
414,1,0,0,0,1,0,0,45,7
469,1,0,0,0,1,0,0,26,7
831,1,0,0,0,1,0,0,41,7
943,1,0,0,0,1,0,0,32,7
660,1,0,0,0,1,0,0,42,7
512,1,0,0,0,1,0,0,46,7
121,1,0,0,0,1,0,0,26,7
717,1,0,0,0,1,0,0,48,7
1276,1,0,0,0,1,0,0,23,7
306,1,0,0,0,1,0,0,35,7
477,1,0,0,0,1,0,0,50,7
331,1,0,0,0,1,0,0,53,7
584,1,0,0,0,1,0,0,27,7
316,1,0,0,0,1,0,0,51,7
349,1,0,0,0,1,0,0,46,7
656,1,0,0,0,1,0,0,36,7
556,1,0,0,0,1,0,0,35,7
1067,1,0,0,0,1,0,0,32,7
467,1,0,0,0,1,0,0,38,7
381,1,0,0,0,1,0,0,57,7
512,1,0,0,0,1,0,0,32,7
391,1,0,0,0,1,0,0,30,7
1034,1,0,0,0,1,0,0,29,7
769,1,0,0,0,1,0,0,36,7
1737,1,0,0,0,1,0,0,35,7
289,1,0,0,0,1,0,0,35,7
1873,1,0,0,0,1,0,0,49,7
456,1,0,0,0,1,0,0,25,7
837,1,0,0,0,1,0,0,29,7
1476,1,0,0,0,1,0,0,45,7
245,1,0,0,0,1,0,0,27,7
264,1,0,0,0,1,0,0,34,7
2011,1,0,0,0,1,0,0,20,7
565,1,0,0,0,1,0,0,49,7
291,1,0,0,0,1,0,0,27,7
591,1,0,0,0,1,0,0,27,7
855,1,0,0,0,1,0,0,28,7
465,1,0,0,0,1,0,0,30,7
465,1,0,0,0,1,0,0,30,7
265,1,0,0,0,1,0,0,38,7
902,1,0,0,0,1,0,0,37,7
794,1,0,0,0,1,0,0,35,7
815,1,0,0,0,1,0,0,25,7
393,1,0,0,0,1,0,0,25,7
333,1,0,0,0,1,0,0,29,7
336,1,0,0,0,1,0,0,35,7
650,1,0,0,0,1,0,0,47,7
871,1,0,0,0,1,0,0,29,7
682,1,0,0,0,1,0,0,29,7
2309,1,0,0,0,1,0,0,49,7
1191,1,0,0,0,1,0,0,23,7
470,1,0,0,0,1,0,0,24,7
1014,1,0,0,0,1,0,0,50,7
760,1,0,0,0,1,0,0,29,7
336,1,0,0,0,1,0,0,26,7
786,1,0,0,0,1,0,0,24,7
892,1,0,0,0,1,0,0,30,7
455,1,0,0,0,1,0,0,42,7
968,1,0,0,0,1,0,0,46,7
1346,1,0,0,0,1,0,0,31,7
466,1,0,0,0,1,0,0,33,7
1559,1,0,0,0,1,0,0,54,7
729,1,0,0,0,1,0,0,51,7
1009,1,0,0,0,1,0,0,30,7
1108,1,0,0,0,1,0,0,23,7
656,1,0,0,0,1,0,0,57,7
337,1,0,0,0,1,0,0,35,7
191,1,0,0,0,1,0,0,55,7
476,1,0,0,0,1,0,0,37,7
725,1,0,0,0,1,0,0,37,7
777,1,0,0,0,1,0,0,34,7
603,1,0,0,0,1,0,0,39,7
1380,1,0,0,0,1,0,0,42,7
282,1,0,0,0,1,0,0,26,7
401,1,0,0,0,1,0,0,54,7
314,1,0,0,0,1,0,0,33,7
421,1,0,0,0,1,0,0,21,7
379,1,0,0,0,1,0,0,48,7
1611,1,0,0,0,1,0,0,31,7
207,1,0,0,0,1,0,0,23,7
57,1,0,0,0,1,0,0,52,7
439,1,0,0,0,1,0,0,34,7
723,1,0,0,0,1,0,0,36,7
1352,1,0,0,0,1,0,0,49,7
1169,1,0,0,0,1,0,0,33,7
554,1,0,0,0,1,0,0,44,7
500,1,0,0,0,1,0,0,27,7
303,1,0,0,0,1,0,0,46,7
411,1,0,0,0,1,0,0,28,7
187,1,0,0,0,1,0,0,25,7
689,1,0,0,0,1,0,0,40,7
239,1,0,0,0,1,0,0,58,7
274,1,0,0,0,1,0,0,32,7
1322,1,0,0,0,1,0,0,44,7
493,1,0,0,0,1,0,0,44,7
190,1,0,0,0,1,0,0,35,7
475,1,0,0,0,1,0,0,52,7
256,1,0,0,0,1,0,0,54,7
326,1,0,0,0,1,0,0,29,7
1201,1,0,0,0,1,0,0,46,7
606,1,0,0,0,1,0,0,35,7
505,1,0,0,0,1,0,0,41,7
494,1,0,0,0,1,0,0,44,7
391,1,0,0,0,1,0,0,34,7
590,1,0,0,0,1,0,0,36,7
930,1,0,0,0,1,0,0,37,7
274,1,0,0,0,1,0,0,30,7
957,1,0,0,0,1,0,0,50,7
1332,1,0,0,0,1,0,0,34,7
314,1,0,0,0,1,0,0,51,7
443,1,0,0,0,1,0,0,27,7
535,1,0,0,0,1,0,0,28,7
1295,1,0,0,0,1,0,0,28,7
539,1,0,0,0,1,0,0,45,7
929,1,0,0,0,1,0,0,30,7
474,1,0,0,0,1,0,0,30,7
800,1,0,0,0,1,0,0,26,7
855,1,0,0,0,1,0,0,29,7
748,1,0,0,0,1,0,0,29,7
395,1,0,0,0,1,0,0,28,7
581,1,0,0,0,1,0,0,33,7
362,1,0,0,0,1,0,0,29,7
868,1,0,0,0,1,0,0,30,7
1097,1,0,0,0,1,0,0,46,7
1276,1,0,0,0,1,0,0,34,7
1389,1,0,0,0,1,0,0,31,7
291,1,0,0,0,1,0,0,28,7
14,1,0,0,0,1,0,0,35,7
273,1,0,0,0,1,0,0,29,7
130,1,0,0,0,1,0,0,31,7
1592,1,0,0,0,1,0,0,31,7
837,1,0,0,0,1,0,0,43,7
555,1,0,0,0,1,0,0,26,7
802,1,0,0,0,1,0,0,35,7
204,1,0,0,0,1,0,0,25,7
636,1,0,0,0,1,0,0,60,7
601,1,0,0,0,1,0,0,28,7
402,1,0,0,0,1,0,0,28,7
324,1,0,0,0,1,0,0,22,7
586,1,0,0,0,1,0,0,24,7
342,1,0,0,0,1,0,0,33,7
691,1,0,0,0,1,0,0,24,7
414,1,0,0,0,1,0,0,42,7
464,1,0,0,0,1,0,0,35,7
807,1,0,0,0,1,0,0,34,7
836,1,0,0,0,1,0,0,28,7
916,1,0,0,0,1,0,0,40,7
896,1,0,0,0,1,0,0,56,7
351,1,0,0,0,1,0,0,37,7
1307,1,0,0,0,1,0,0,30,7
978,1,0,0,0,1,0,0,37,7
1030,1,0,0,0,1,0,0,30,7
713,1,0,0,0,1,0,0,58,7
504,1,0,0,0,1,0,0,57,7
553,1,0,0,0,1,0,0,25,7
330,1,0,0,0,1,0,0,60,7
292,1,0,0,0,1,0,0,33,7
541,1,0,0,0,1,0,0,32,7
481,1,0,0,0,1,0,0,39,7
1350,1,0,0,0,1,0,0,27,7
1025,1,0,0,0,1,0,0,23,7
527,1,0,0,0,1,0,0,27,7
1096,1,0,0,0,1,0,0,36,7
1582,1,0,0,0,1,0,0,44,7
735,1,0,0,0,1,0,0,34,7
849,1,0,0,0,1,0,0,38,7
1080,1,0,0,0,1,0,0,33,7
264,1,0,0,0,1,0,0,54,7
482,1,0,0,0,1,0,0,47,7
1756,1,0,0,0,1,0,0,28,7
480,1,0,0,0,1,0,0,35,7
687,1,0,0,0,1,0,0,51,7
261,1,0,0,0,1,0,0,24,7
1256,1,0,0,0,1,0,0,28,7
399,1,0,0,0,1,0,0,43,7
695,1,0,0,0,1,0,0,45,7
267,1,0,0,0,1,0,0,43,7
380,1,0,0,0,1,0,0,29,7
299,1,0,0,0,1,0,0,37,7
620,1,0,0,0,1,0,0,23,7
900,1,0,0,0,1,0,0,24,7
484,1,0,0,0,1,0,0,36,7
406,1,0,0,0,1,0,0,24,7
1695,1,0,0,0,1,0,0,54,7
399,1,0,0,0,1,0,0,42,7
496,1,0,0,0,1,0,0,54,7
818,1,0,0,0,1,0,0,20,7
586,1,0,0,0,1,0,0,22,7
1046,1,0,0,0,1,0,0,28,7
7,1,0,0,0,1,0,0,28,7
874,1,0,0,0,1,0,0,40,7
627,1,0,0,0,1,0,0,49,7
2040,1,0,0,0,1,0,0,41,7
515,1,0,0,0,1,0,0,27,7
1511,1,0,0,0,1,0,0,49,7
867,1,0,0,0,1,0,0,39,7
598,1,0,0,0,1,0,0,36,7
1069,1,0,0,0,1,0,0,29,7
395,1,0,0,0,1,0,0,29,7
1014,1,0,0,0,1,0,0,24,7
490,1,0,0,0,1,0,0,27,7
171,1,0,0,0,1,0,0,55,7
936,1,0,0,0,1,0,0,56,7
671,1,0,0,0,1,0,0,57,7
407,1,0,0,0,1,0,0,47,7
252,1,0,0,0,1,0,0,26,7
818,1,0,0,0,1,0,0,24,7
464,1,0,0,0,1,0,0,28,7
323,1,0,0,0,1,0,0,24,7
373,1,0,0,0,1,0,0,42,7
889,1,0,0,0,1,0,0,34,7
4128,1,0,0,0,1,0,0,65,7
177,1,0,0,0,1,0,0,38,7
377,1,0,0,0,1,0,0,21,7
537,1,0,0,0,1,0,0,38,7
181,1,0,0,0,1,0,0,23,7
266,1,0,0,0,1,0,0,58,7
560,1,0,0,0,1,0,0,35,7
1288,1,0,0,0,1,0,0,25,7
403,1,0,0,0,1,0,0,29,7
532,1,0,0,0,1,0,0,52,7
718,1,0,0,0,1,0,0,32,7
758,1,0,0,0,1,0,0,47,7
510,1,0,0,0,1,0,0,29,7
757,1,0,0,0,1,0,0,51,7
937,1,0,0,0,1,0,0,32,7
545,1,0,0,0,1,0,0,30,7
1281,1,0,0,0,1,0,0,30,7
1378,1,0,0,0,1,0,0,51,7
360,1,0,0,0,1,0,0,27,7
1360,1,0,0,0,1,0,0,34,7
390,1,0,0,0,1,0,0,45,7
781,1,0,0,0,1,0,0,30,7
687,1,0,0,0,1,0,0,48,7
529,1,0,0,0,1,0,0,41,7
332,1,0,0,0,1,0,0,26,7
260,1,0,0,0,1,0,0,20,7
339,1,0,0,0,1,0,0,43,7
444,1,0,0,0,1,0,0,47,7
367,1,0,0,0,1,0,0,64,7
890,1,0,0,0,1,0,0,32,7
1237,1,0,0,0,1,0,0,42,7
800,1,0,0,0,1,0,0,25,7
1679,1,0,0,0,1,0,0,55,7
731,1,0,0,0,1,0,0,52,7
173,1,0,0,0,1,0,0,22,7
1581,1,0,0,0,1,0,0,31,7
699,1,0,0,0,1,0,0,47,7
1485,1,0,0,0,1,0,0,45,7
792,1,0,0,0,1,0,0,40,7
406,1,0,0,0,1,0,0,43,7
469,1,0,0,0,1,0,0,44,7
735,1,0,0,0,1,0,0,47,7
584,1,0,0,0,1,0,0,40,7
663,1,0,0,0,1,0,0,24,7
710,1,0,0,0,1,0,0,31,7
401,1,0,0,0,1,0,0,30,7
697,1,0,0,0,1,0,0,27,7
517,1,0,0,0,1,0,0,41,7
1385,1,0,0,0,1,0,0,33,7
348,1,0,0,0,1,0,0,28,7
647,1,0,0,0,1,0,0,25,7
1113,1,0,0,0,1,0,0,23,7
830,1,0,0,0,1,0,0,25,7
341,1,0,0,0,1,0,0,48,7
252,1,0,0,0,1,0,0,41,7
1354,1,0,0,0,1,0,0,27,7
199,1,0,0,0,1,0,0,35,7
905,1,0,0,0,1,0,0,24,7
670,1,0,0,0,1,0,0,25,7
1196,1,0,0,0,1,0,0,27,7
949,1,0,0,0,1,0,0,52,7
530,1,0,0,0,1,0,0,27,7
730,1,0,0,0,1,0,0,25,7
457,1,0,0,0,1,0,0,42,7
365,1,0,0,0,1,0,0,29,7
132,1,0,0,0,1,0,0,63,7
1499,1,0,0,0,1,0,0,55,7
393,1,0,0,0,1,0,0,63,7
1058,1,0,0,0,1,0,0,29,7
616,1,0,0,0,1,0,0,34,7
754,1,0,0,0,1,0,0,28,7
998,1,0,0,0,1,0,0,27,7
368,1,0,0,0,1,0,0,45,7
605,1,0,0,0,1,0,0,25,7
377,1,0,0,0,1,0,0,45,7
923,1,0,0,0,1,0,0,57,7
597,1,0,0,0,1,0,0,52,7
737,1,0,0,0,1,0,0,35,7
392,1,0,0,0,1,0,0,58,7
649,1,0,0,0,1,0,0,29,7
813,1,0,0,0,1,0,0,53,7
667,1,0,0,0,1,0,0,21,7
693,1,0,0,0,1,0,0,25,7
692,1,0,0,0,1,0,0,37,7
3,1,0,0,0,1,0,0,28,7
839,1,0,0,0,1,0,0,31,7
904,1,0,0,0,1,0,0,24,7
418,1,0,0,0,1,0,0,24,7
155,1,0,0,0,1,0,0,27,7
1036,1,0,0,0,1,0,0,55,7
955,1,0,0,0,1,0,0,29,7
1254,1,0,0,0,1,0,0,23,7
112,1,0,0,0,1,0,0,46,7
396,1,0,0,0,1,0,0,21,7
288,1,0,0,0,1,0,0,29,7
898,1,0,0,0,1,0,0,50,7
2161,1,0,0,0,1,0,0,46,7
895,1,0,0,0,1,0,0,24,7
1208,1,0,0,0,1,0,0,47,7
609,1,0,0,0,1,0,0,23,7
840,1,0,0,0,1,0,0,24,7
620,1,0,0,0,1,0,0,33,7
414,1,0,0,0,1,0,0,25,7
656,1,0,0,0,1,0,0,37,7
813,1,0,0,0,1,0,0,34,7
942,1,0,0,0,1,0,0,27,7
509,1,0,0,0,1,0,0,39,7
1317,1,0,0,0,1,0,0,47,7
454,1,0,0,0,1,0,0,22,7
769,1,0,0,0,1,0,0,36,7
483,1,0,0,0,1,0,0,47,7
1707,1,0,0,0,1,0,0,44,7
1494,1,0,0,0,1,0,0,35,7
526,1,0,0,0,1,0,0,24,7
1949,1,0,0,0,1,0,0,28,7
1189,1,0,0,0,1,0,0,32,7
354,1,0,0,0,1,0,0,54,7
552,1,0,0,0,1,0,0,34,7
506,1,0,0,0,1,0,0,57,7
1810,1,0,0,0,1,0,0,60,7
964,1,0,0,0,1,0,0,37,7
933,1,0,0,0,1,0,0,33,7
383,1,0,0,0,1,0,0,23,7
701,1,0,0,0,1,0,0,47,7
398,1,0,0,0,1,0,0,34,7
733,1,0,0,0,1,0,0,22,7
626,1,0,0,0,1,0,0,46,7
1032,1,0,0,0,1,0,0,30,7
705,1,0,0,0,1,0,0,28,7
613,1,0,0,0,1,0,0,25,7
688,1,0,0,0,1,0,0,32,7
1030,1,0,0,0,1,0,0,31,7
759,1,0,0,0,1,0,0,52,7
557,1,0,0,0,1,0,0,28,7
540,1,0,0,0,1,0,0,36,7
967,1,0,0,0,1,0,0,50,7
368,1,0,0,0,1,0,0,25,7
383,1,0,0,0,1,0,0,48,7
595,1,0,0,0,1,0,0,27,7
1316,1,0,0,0,1,0,0,23,7
372,1,0,0,0,1,0,0,31,7
1037,1,0,0,0,1,0,0,23,7
740,1,0,0,0,1,0,0,17,7
428,1,0,0,0,1,0,0,32,7
370,1,0,0,0,1,0,0,63,7
1435,1,0,0,0,1,0,0,32,7
1762,1,0,0,0,1,0,0,33,7
501,1,0,0,0,1,0,0,34,7
390,1,0,0,0,1,0,0,42,7
801,1,0,0,0,1,0,0,52,7
539,1,0,0,0,1,0,0,32,7
198,1,0,0,0,1,0,0,28,7
192,1,0,0,0,1,0,0,26,7
843,1,0,0,0,1,0,0,24,7
227,1,0,0,0,1,0,0,54,7
469,1,0,0,0,1,0,0,24,7
636,1,0,0,0,1,0,0,37,7
854,1,0,0,0,1,0,0,24,7
188,1,0,0,0,1,0,0,38,7
409,1,0,0,0,1,0,0,34,7
391,1,0,0,0,1,0,0,50,7
204,1,0,0,0,1,0,0,34,7
614,1,0,0,0,1,0,0,36,7
523,1,0,0,0,1,0,0,31,7
588,1,0,0,0,1,0,0,51,7
1334,1,0,0,0,1,0,0,25,7
1029,1,0,0,0,1,0,0,47,7
347,1,0,0,0,1,0,0,26,7
331,1,0,0,0,1,0,0,35,7
350,1,0,0,0,1,0,0,30,7
1026,1,0,0,0,1,0,0,25,7
1570,1,0,0,0,1,0,0,26,7
250,1,0,0,0,1,0,0,35,7
448,1,0,0,0,1,0,0,30,7
510,1,0,0,0,1,0,0,29,7
681,1,0,0,0,1,0,0,35,7
290,1,0,0,0,1,0,0,38,7
939,1,0,0,0,1,0,0,52,7
233,1,0,0,0,1,0,0,28,7
1562,1,0,0,0,1,0,0,55,7
666,1,0,0,0,1,0,0,57,7
1100,1,0,0,0,1,0,0,26,7
554,1,0,0,0,1,0,0,27,7
472,1,0,0,0,1,0,0,48,7
1156,1,0,0,0,1,0,0,30,7
890,1,0,0,0,1,0,0,27,7
853,1,0,0,0,1,0,0,29,7
428,1,0,0,0,1,0,0,30,7
214,1,0,0,0,1,0,0,34,7
1403,1,0,0,0,1,0,0,24,7
310,1,0,0,0,1,0,0,38,7
249,1,0,0,0,1,0,0,43,7
1247,1,0,0,0,1,0,0,35,7
1131,1,0,0,0,1,0,0,56,7
1027,1,0,0,0,1,0,0,30,7
5405,1,0,0,0,1,0,0,58,7
776,1,0,0,0,1,0,0,30,7
214,1,0,0,0,1,0,0,25,7
939,1,0,0,0,1,0,0,32,7
619,1,0,0,0,1,0,0,29,7
476,1,0,0,0,1,0,0,25,7
392,1,0,0,0,1,0,0,32,7
586,1,0,0,0,1,0,0,35,7
956,1,0,0,0,1,0,0,29,7
311,1,0,0,0,1,0,0,37,7
1291,1,0,0,0,1,0,0,43,7
344,1,0,0,0,1,0,0,27,7
672,1,0,0,0,1,0,0,30,7
793,1,0,0,0,1,0,0,26,7
286,1,0,0,0,1,0,0,54,7
218,1,0,0,0,1,0,0,31,7
182,1,0,0,0,1,0,0,19,7
772,1,0,0,0,1,0,0,23,7
319,1,0,0,0,1,0,0,30,7
1163,1,0,0,0,1,0,0,38,7
528,1,0,0,0,1,0,0,29,7
545,1,0,0,0,1,0,0,47,7
354,1,0,0,0,1,0,0,30,7
536,1,0,0,0,1,0,0,34,7
547,1,0,0,0,1,0,0,25,7
319,1,0,0,0,1,0,0,54,7
878,1,0,0,0,1,0,0,57,7
1108,1,0,0,0,1,0,0,56,7
199,1,0,0,0,1,0,0,55,7
323,1,0,0,0,1,0,0,43,7
783,1,0,0,0,1,0,0,27,7
497,1,0,0,0,1,0,0,28,7
384,1,0,0,0,1,0,0,21,7
510,1,0,0,0,1,0,0,47,7
811,1,0,0,0,1,0,0,29,7
654,1,0,0,0,1,0,0,37,7
637,1,0,0,0,1,0,0,42,7
392,1,0,0,0,1,0,0,42,7
426,1,0,0,0,1,0,0,56,7
714,0,1,0,0,1,0,0,44,6
344,0,1,0,0,1,0,1,43,6
1008,0,1,0,0,1,0,1,58,6
356,0,1,0,0,1,0,1,52,6
779,0,1,0,0,1,0,1,54,6
841,0,1,0,0,1,0,1,43,6
328,0,1,0,0,1,0,1,53,6
260,0,1,0,0,1,0,1,39,6
397,0,1,0,0,1,0,1,50,6
688,0,1,0,0,1,0,1,47,6
343,0,1,0,0,1,0,1,44,6
395,0,1,0,0,1,0,1,53,6
312,0,1,0,0,1,0,1,41,6
505,0,1,0,0,1,0,1,52,6
493,0,1,0,0,1,0,1,39,6
490,0,1,0,0,1,0,1,50,6
917,0,1,0,0,1,0,1,45,6
1461,0,1,0,0,1,0,1,64,6
973,0,1,0,0,1,0,1,42,6
312,0,1,0,0,1,0,1,59,6
546,0,1,0,0,1,0,1,45,6
687,0,1,0,0,1,0,0,65,6
351,0,1,0,0,1,0,1,42,6
18,0,1,0,0,1,0,0,47,6
429,0,1,0,0,1,0,1,52,6
317,0,1,0,0,1,0,1,61,6
686,0,1,0,0,1,0,1,52,6
461,0,1,0,0,1,0,1,41,6
724,0,1,0,0,1,0,1,56,6
644,0,1,0,0,1,0,1,40,6
1095,0,1,0,0,1,0,1,43,6
544,0,1,0,0,1,0,1,40,6
488,0,1,0,0,1,0,0,45,6
1344,0,1,0,0,1,0,1,55,6
745,0,1,0,0,1,0,0,50,6
309,0,1,0,0,1,0,1,52,6
746,0,1,0,0,1,0,1,61,6
747,0,1,0,0,1,0,0,47,6
490,0,1,0,0,1,0,0,53,6
497,0,1,0,0,1,0,1,50,6
357,0,1,0,0,1,0,1,44,6
785,0,1,0,0,1,0,1,58,6
880,0,1,0,0,1,0,0,57,6
573,0,1,0,0,1,0,0,49,6
1062,0,1,0,0,1,0,1,41,6
133,0,1,0,0,1,0,1,61,6
262,0,1,0,0,1,0,1,47,6
897,0,1,0,0,1,0,1,40,6
508,0,1,0,0,1,0,1,43,6
883,0,1,0,0,1,0,1,57,6
826,0,1,0,0,1,0,1,43,6
399,0,1,0,0,1,0,1,51,6
1099,0,1,0,0,1,0,0,47,6
1396,0,1,0,0,1,0,0,53,6
276,0,1,0,0,1,0,1,44,6
634,0,1,0,0,1,0,1,41,6
511,0,1,0,0,1,0,1,47,6
678,0,1,0,0,1,0,1,44,6
542,0,1,0,0,1,0,0,60,6
457,0,1,0,0,1,0,0,52,6
729,0,1,0,0,1,0,0,47,6
30385,0,1,0,0,1,0,1,57,6
254,0,1,0,0,1,0,1,46,6
781,0,1,0,0,1,0,1,65,6
263,0,1,0,0,1,0,1,46,6
287,0,1,0,0,1,0,0,44,6
818,0,1,0,0,1,0,1,62,6
409,0,1,0,0,1,0,0,50,6
1146,0,1,0,0,1,0,1,46,6
449,0,1,0,0,1,0,0,58,6
597,0,1,0,0,1,0,1,39,6
664,0,1,0,0,1,0,1,55,6
275,0,1,0,0,1,0,1,47,6
263,0,1,0,0,1,0,1,39,6
317,0,1,0,0,1,0,1,48,6
273,0,1,0,0,1,0,1,45,6
677,0,1,0,0,1,0,0,48,6
575,0,1,0,0,1,0,1,57,6
647,0,1,0,0,1,0,1,59,6
526,0,1,0,0,1,0,1,51,6
1098,0,1,0,0,1,0,1,46,6
233,0,1,0,0,1,0,1,52,6
606,0,1,0,0,1,0,1,60,6
577,0,1,0,0,1,0,1,52,6
230,0,1,0,0,1,0,1,60,6
609,0,1,0,0,1,0,1,59,6
258,0,1,0,0,1,0,1,49,6
316,0,1,0,0,1,0,1,51,6
583,0,1,0,0,1,0,1,50,6
884,0,1,0,0,1,0,0,48,6
844,0,1,0,0,1,0,1,39,6
371,0,1,0,0,1,0,1,41,6
427,0,1,0,0,1,0,0,47,6
832,0,1,0,0,1,0,0,49,6
448,0,1,0,0,1,0,1,60,6
250,0,1,0,0,1,0,1,53,6
189,0,1,0,0,1,0,0,47,6
208,0,1,0,0,1,0,1,51,6
231,0,1,0,0,1,0,1,51,6
178,0,1,0,0,1,0,1,54,6
1489,0,1,0,0,1,0,1,42,6
623,0,1,0,0,1,0,1,58,6
220,0,1,0,0,1,0,1,46,6
297,0,1,0,0,1,0,1,45,6
532,0,1,0,0,1,0,1,42,6
553,0,1,0,0,1,0,1,41,6
91,0,1,0,0,1,0,1,39,6
849,0,1,0,0,1,0,1,46,6
478,0,1,0,0,1,0,1,45,6
201,0,1,0,0,1,0,1,44,6
677,0,1,0,0,1,0,1,41,6
397,0,1,0,0,1,0,0,48,6
284,0,1,0,0,1,0,1,47,6
859,0,1,0,0,1,0,1,49,6
1402,0,1,0,0,1,0,1,46,6
674,0,1,0,0,1,0,1,50,6
295,0,1,0,0,1,0,1,54,6
337,0,1,0,0,1,0,1,47,6
562,0,1,0,0,1,0,1,44,6
536,0,1,0,0,1,0,1,43,6
686,0,1,0,0,1,0,1,45,6
1079,0,1,0,0,1,0,0,43,6
277,0,1,0,0,1,0,1,45,6
139,0,1,0,0,1,0,1,46,6
414,0,1,0,0,1,0,1,44,6
1487,0,1,0,0,1,0,1,46,6
372,0,1,0,0,1,0,1,51,6
1198,0,1,0,0,1,0,1,59,6
379,0,1,0,0,1,0,1,43,6
437,0,1,0,0,1,0,1,42,6
1105,0,1,0,0,1,0,1,53,6
960,0,1,0,0,1,0,0,60,6
300,0,1,0,0,1,0,1,46,6
303,0,1,0,0,1,0,1,49,6
268,0,1,0,0,1,0,1,46,6
372,0,1,0,0,1,0,1,43,6
2190,0,1,0,0,1,0,1,45,6
635,0,1,0,0,1,0,1,47,6
574,0,1,0,0,1,0,1,48,6
294,0,1,0,0,1,0,1,48,6
1046,0,1,0,0,1,0,1,40,6
743,0,1,0,0,1,0,1,41,6
753,0,1,0,0,1,0,1,44,6
529,0,1,0,0,1,0,1,42,6
1055,0,1,0,0,1,0,1,43,6
555,0,1,0,0,1,0,1,44,6
559,0,1,0,0,1,0,1,42,6
357,0,1,0,0,1,0,1,42,6
200,0,1,0,0,1,0,1,46,6
590,0,1,0,0,1,0,1,47,6
1401,0,1,0,0,1,0,1,49,6
289,0,1,0,0,1,0,1,41,6
387,0,1,0,0,1,0,1,52,6
596,0,1,0,0,1,0,1,43,6
756,0,1,0,0,1,0,1,41,6
788,0,1,0,0,1,0,1,61,6
993,0,1,0,0,1,0,1,57,6
385,0,1,0,0,1,0,1,51,6
1046,0,1,0,0,1,0,0,56,6
648,0,1,0,0,1,0,1,50,6
993,0,1,0,0,1,0,1,54,6
169,0,1,0,0,1,0,1,46,6
525,0,1,0,0,1,0,0,45,6
581,0,1,0,0,1,0,1,51,6
755,0,1,0,0,1,0,1,65,6
612,0,1,0,0,1,0,1,42,6
394,0,1,0,0,1,0,1,53,6
904,0,1,0,0,1,0,1,44,6
280,0,1,0,0,1,0,0,45,6
920,0,1,0,0,1,0,1,60,6
372,0,1,0,0,1,0,1,47,6
904,0,1,0,0,1,0,1,39,6
421,0,1,0,0,1,0,1,43,6
176,0,1,0,0,1,0,1,46,6
652,0,1,0,0,1,0,1,51,6
435,0,1,0,0,1,0,1,64,6
336,0,1,0,0,1,0,0,59,6
593,0,1,0,0,1,0,1,43,6
324,0,1,0,0,1,0,1,59,6
476,0,1,0,0,1,0,1,59,6
737,0,1,0,0,1,0,0,51,6
506,0,1,0,0,1,0,1,55,6
274,0,1,0,0,1,0,1,50,6
455,0,1,0,0,1,0,1,46,6
430,0,1,0,0,1,0,1,44,6
142,0,1,0,0,1,0,1,46,6
170,0,1,0,0,1,0,1,41,6
425,0,1,0,0,1,0,1,44,6
264,0,1,0,0,1,0,1,42,6
1005,0,1,0,0,1,0,1,41,6
1344,0,1,0,0,1,0,1,51,6
344,0,1,0,0,1,0,1,42,6
369,0,1,0,0,1,0,1,59,6
1694,0,1,0,0,1,0,0,52,6
436,0,1,0,0,1,0,1,49,6
488,0,1,0,0,1,0,1,49,6
1547,0,1,0,0,1,0,1,65,6
319,0,1,0,0,1,0,1,53,6
468,0,1,0,0,1,0,1,41,6
1247,0,1,0,0,1,0,1,61,6
1158,0,1,0,0,1,0,1,48,6
433,0,1,0,0,1,0,0,46,6
323,0,1,0,0,1,0,1,61,6
348,0,1,0,0,1,0,1,54,6
360,0,1,0,0,1,0,1,45,6
254,0,1,0,0,1,0,1,48,6
644,0,1,0,0,1,0,1,41,6
832,0,1,0,0,1,0,1,63,6
252,0,1,0,0,1,0,1,44,6
352,0,1,0,0,1,0,1,53,6
571,0,1,0,0,1,0,0,54,6
451,0,1,0,0,1,0,1,50,6
454,0,1,0,0,1,0,0,53,6
971,0,1,0,0,1,0,1,45,6
510,0,1,0,0,1,0,1,62,6
179,0,1,0,0,1,0,1,39,6
317,0,1,0,0,1,0,1,58,6
299,0,1,0,0,1,0,1,50,6
703,0,1,0,0,1,0,1,50,6
16,0,1,0,0,1,0,1,49,6
281,0,1,0,0,1,0,1,51,6
266,0,1,0,0,1,0,1,43,6
878,0,1,0,0,1,0,0,50,6
1039,0,1,0,0,1,0,1,49,6
885,0,1,0,0,1,0,1,39,6
176,0,1,0,0,1,0,1,39,6
290,0,1,0,0,1,0,1,42,6
703,0,1,0,0,1,0,1,61,6
1056,0,1,0,0,1,0,1,59,6
253,0,1,0,0,1,0,1,41,6
435,0,1,0,0,1,0,1,55,6
168,0,1,0,0,1,0,1,49,6
427,0,1,0,0,1,0,1,59,6
428,0,1,0,0,1,0,1,40,6
635,0,1,0,0,1,0,1,58,6
537,0,1,0,0,1,0,0,47,6
493,0,1,0,0,1,0,1,41,6
780,0,1,0,0,1,0,0,50,6
300,0,1,0,0,1,0,0,55,6
491,0,1,0,0,1,0,1,42,6
1059,0,1,0,0,1,0,1,62,6
630,0,1,0,0,1,0,0,56,6
267,0,1,0,0,1,0,0,44,6
180,0,1,0,0,1,0,1,55,6
221,0,1,0,0,1,0,1,48,6
411,0,1,0,0,1,0,1,43,6
885,0,1,0,0,1,0,0,52,6
336,0,1,0,0,1,0,1,57,6
678,0,1,0,0,1,0,0,52,6
664,0,1,0,0,1,0,1,42,6
1070,0,1,0,0,1,0,1,58,6
727,0,1,0,0,1,0,0,52,6
294,0,1,0,0,1,0,1,46,6
1495,0,1,0,0,1,0,1,44,6
971,0,1,0,0,1,0,1,49,6
205,0,1,0,0,1,0,1,62,6
1423,0,1,0,0,1,0,1,63,6
161,0,1,0,0,1,0,0,46,6
1223,0,1,0,0,1,0,1,52,6
231,0,1,0,0,1,0,1,61,6
172,0,1,0,0,1,0,1,41,6
391,0,1,0,0,1,0,1,40,6
373,0,1,0,0,1,0,1,42,6
189,0,1,0,0,1,0,1,49,6
750,0,1,0,0,1,0,1,49,6
289,0,1,0,0,1,0,1,49,6
705,0,1,0,0,1,0,0,53,6
391,0,1,0,0,1,0,1,41,6
1122,0,1,0,0,1,0,1,52,6
513,0,1,0,0,1,0,1,45,6
385,0,1,0,0,1,0,1,49,6
532,0,1,0,0,1,0,0,46,6
531,0,1,0,0,1,0,0,48,6
375,0,1,0,0,1,0,1,52,6
640,0,1,0,0,1,0,1,40,6
370,0,1,0,0,1,0,1,44,6
1685,0,1,0,0,1,0,1,43,6
601,0,1,0,0,1,0,1,40,6
260,0,1,0,0,1,0,1,39,6
489,0,1,0,0,1,0,1,39,6
563,0,1,0,0,1,0,1,52,6
967,0,1,0,0,1,0,1,65,6
147,0,1,0,0,1,0,1,61,6
268,0,1,0,0,1,0,1,50,6
485,0,1,0,0,1,0,0,44,6
797,0,1,0,0,1,0,1,39,6
472,0,1,0,0,1,0,1,50,6
391,0,1,0,0,1,0,1,53,6
1137,0,1,0,0,1,0,1,52,6
364,0,1,0,0,1,0,0,48,6
525,0,1,0,0,1,0,1,50,6
384,0,1,0,0,1,0,1,42,6
341,0,1,0,0,1,0,1,49,6
973,0,1,0,0,1,0,1,50,6
598,0,1,0,0,1,0,1,45,6
282,0,1,0,0,1,0,1,42,6
1458,0,1,0,0,1,0,1,45,6
1355,0,1,0,0,1,0,1,46,6
469,0,1,0,0,1,0,1,64,6
690,0,1,0,0,1,0,1,42,6
484,0,1,0,0,1,0,1,42,6
480,0,1,0,0,1,0,1,42,6
18,0,1,0,0,1,0,0,49,6
231,0,1,0,0,1,0,1,51,6
539,0,1,0,0,1,0,0,57,6
599,0,1,0,0,1,0,1,55,6
230,0,1,0,0,1,0,1,62,6
782,0,1,0,0,1,0,1,46,6
506,0,1,0,0,1,0,1,42,6
781,0,1,0,0,1,0,0,50,6
259,0,1,0,0,1,0,1,41,6
708,0,1,0,0,1,0,1,45,6
332,0,1,0,0,1,0,1,46,6
1579,0,1,0,0,1,0,1,45,6
327,0,1,0,0,1,0,0,50,6
699,0,1,0,0,1,0,0,46,6
240,0,1,0,0,1,0,0,46,6
148,0,1,0,0,1,0,1,42,6
573,0,1,0,0,1,0,1,56,6
1024,0,1,0,0,1,0,1,47,6
1122,0,1,0,0,1,0,0,44,6
1134,0,1,0,0,1,0,1,48,6
754,0,1,0,0,1,0,1,48,6
310,0,1,0,0,1,0,1,42,6
589,0,1,0,0,1,0,1,41,6
355,0,1,0,0,1,0,1,50,6
485,0,1,0,0,1,0,1,41,6
1731,0,1,0,0,1,0,0,45,6
421,0,1,0,0,1,0,1,55,6
1182,0,1,0,0,1,0,1,40,6
242,0,1,0,0,1,0,1,52,6
4233,0,1,0,0,1,0,1,60,6
699,0,1,0,0,1,0,1,41,6
733,0,1,0,0,1,0,1,40,6
948,0,1,0,0,1,0,1,51,6
376,0,1,0,0,1,0,1,43,6
712,0,1,0,0,1,0,1,55,6
643,0,1,0,0,1,0,1,52,6
770,0,1,0,0,1,0,1,60,6
131,0,1,0,0,1,0,1,53,6
1430,0,1,0,0,1,0,1,53,6
314,0,1,0,0,1,0,1,60,6
487,0,1,0,0,1,0,1,49,6
437,0,1,0,0,1,0,1,53,6
307,0,1,0,0,1,0,1,44,6
757,0,1,0,0,1,0,1,55,6
309,0,1,0,0,1,0,1,52,6
832,0,1,0,0,1,0,0,57,6
506,0,1,0,0,1,0,1,45,6
328,0,1,0,0,1,0,1,41,6
881,0,1,0,0,1,0,1,42,6
298,0,1,0,0,1,0,0,55,6
376,0,1,0,0,1,0,1,70,6
755,0,1,0,0,1,0,1,56,6
452,0,1,0,0,1,0,0,57,6
554,0,1,0,0,1,0,1,60,6
482,0,1,0,0,1,0,1,48,6
338,0,1,0,0,1,0,1,50,6
612,0,1,0,0,1,0,0,58,6
1165,0,1,0,0,1,0,1,52,6
386,0,1,0,0,1,0,1,44,6
1247,0,1,0,0,1,0,1,51,6
1551,0,1,0,0,1,0,1,42,6
296,0,1,0,0,1,0,1,49,6
674,0,1,0,0,1,0,1,49,6
431,0,1,0,0,1,0,0,59,6
512,0,1,0,0,1,0,1,45,6
1154,0,1,0,0,1,0,1,58,6
276,0,1,0,0,1,0,1,41,6
1221,0,1,0,0,1,0,1,53,6
1532,0,1,0,0,1,0,1,39,6
769,0,1,0,0,1,0,1,40,6
685,0,1,0,0,1,0,0,44,6
332,0,1,0,0,1,0,1,45,6
393,0,1,0,0,1,0,1,50,6
429,0,1,0,0,1,0,1,62,6
843,0,1,0,0,1,0,1,58,6
351,0,1,0,0,1,0,1,51,6
779,0,1,0,0,1,0,1,51,6
302,0,1,0,0,1,0,0,43,6
504,0,1,0,0,1,0,0,54,6
974,0,1,0,0,1,0,1,46,6
657,0,1,0,0,1,0,1,48,6
264,0,1,0,0,1,0,0,47,6
410,0,1,0,0,1,0,1,44,6
833,0,1,0,0,1,0,1,58,6
496,0,1,0,0,1,0,1,42,6
520,0,1,0,0,1,0,1,63,6
1024,0,1,0,0,1,0,0,57,6
274,0,1,0,0,1,0,1,46,6
409,0,1,0,0,1,0,1,46,6
623,0,1,0,0,1,0,1,48,6
1309,0,1,0,0,1,0,1,55,6
997,0,1,0,0,1,0,1,57,6
511,0,1,0,0,1,0,1,41,6
494,0,1,0,0,1,0,1,41,6
445,0,1,0,0,1,0,1,45,6
2917,0,1,0,0,1,0,1,68,6
308,0,1,0,0,1,0,1,46,6
429,0,1,0,0,1,0,1,41,6
594,0,1,0,0,1,0,0,53,6
1335,0,1,0,0,1,0,1,62,6
33,0,1,0,0,1,0,1,60,6
202,0,1,0,0,1,0,1,50,6
547,0,1,0,0,1,0,1,43,6
1173,0,1,0,0,1,0,1,66,6
1162,0,1,0,0,1,0,0,51,6
452,0,1,0,0,1,0,0,47,6
917,0,1,0,0,1,0,1,47,6
329,0,1,0,0,1,0,1,44,6
292,0,1,0,0,1,0,0,55,6
664,0,1,0,0,1,0,1,50,6
1201,0,1,0,0,1,0,1,65,6
474,0,1,0,0,1,0,1,49,6
179,0,1,0,0,1,0,1,46,6
503,0,1,0,0,1,0,1,57,6
738,0,1,0,0,1,0,1,48,6
259,0,1,0,0,1,0,1,51,6
2239,0,1,0,0,1,0,1,39,6
267,0,1,0,0,1,0,1,42,6
116,0,1,0,0,1,0,1,46,6
386,0,1,0,0,1,0,0,52,6
287,0,1,0,0,1,0,1,51,6
555,0,1,0,0,1,0,1,42,6
1479,0,1,0,0,1,0,1,64,6
1066,0,1,0,0,1,0,1,41,6
827,0,1,0,0,1,0,1,50,6
143,0,1,0,0,1,0,1,49,6
5059,0,1,0,0,1,0,1,63,6
213,0,1,0,0,1,0,1,41,6
632,0,1,0,0,1,0,1,50,6
446,0,1,0,0,1,0,1,48,6
914,0,1,0,0,1,0,1,55,6
244,0,1,0,0,1,0,0,57,6
434,0,1,0,0,1,0,1,52,6
290,0,1,0,0,1,0,1,65,6
996,0,1,0,0,1,0,1,44,6
525,0,1,0,0,1,0,1,42,6
677,0,1,0,0,1,0,1,58,6
612,0,1,0,0,1,0,0,44,6
266,0,1,0,0,1,0,1,55,6
278,0,1,0,0,1,0,1,50,6
1702,0,1,0,0,1,0,1,56,6
319,0,1,0,0,1,0,1,49,6
479,0,1,0,0,1,0,1,42,6
651,0,1,0,0,1,0,0,52,6
331,0,1,0,0,1,0,0,58,6
286,0,1,0,0,1,0,1,48,6
409,0,1,0,0,1,0,1,52,6
644,0,1,0,0,1,0,1,52,6
311,0,1,0,0,1,0,1,60,6
248,0,1,0,0,1,0,1,45,6
1544,0,1,0,0,1,0,0,49,6
398,0,1,0,0,1,0,1,53,6
411,0,1,0,0,1,0,1,40,6
243,0,1,0,0,1,0,1,39,6
340,0,1,0,0,1,0,1,57,6
1125,0,1,0,0,1,0,1,42,6
591,0,1,0,0,1,0,1,40,6
878,0,1,0,0,1,0,1,50,6
273,0,1,0,0,1,0,1,47,6
420,0,1,0,0,1,0,1,44,6
603,0,1,0,0,1,0,1,45,6
1276,0,1,0,0,1,0,1,48,6
241,0,1,0,0,1,0,1,40,6
274,0,1,0,0,1,0,1,61,6
253,0,1,0,0,1,0,1,47,6
244,0,1,0,0,1,0,1,44,6
192,0,1,0,0,1,0,1,41,6
349,0,1,0,0,1,0,1,46,6
703,0,1,0,0,1,0,0,46,6
333,0,1,0,0,1,0,0,55,6
623,0,1,0,0,1,0,1,49,6
829,0,1,0,0,1,0,0,48,6
400,0,1,0,0,1,0,1,42,6
222,0,1,0,0,1,0,1,50,6
478,0,1,0,0,1,0,1,41,6
1152,0,1,0,0,1,0,1,41,6
450,0,1,0,0,1,0,1,56,6
163,0,1,0,0,1,0,1,62,6
233,0,1,0,0,1,0,0,47,6
1142,0,1,0,0,1,0,1,55,6
619,0,1,0,0,1,0,0,47,6
476,0,1,0,0,1,0,1,40,6
515,0,1,0,0,1,0,1,39,6
1282,0,1,0,0,1,0,1,46,6
613,0,1,0,0,1,0,1,46,6
548,0,1,0,0,1,0,1,63,6
869,0,1,0,0,1,0,0,48,6
538,0,1,0,0,1,0,1,57,6
146,0,1,0,0,1,0,1,42,6
472,0,1,0,0,1,0,1,61,6
834,0,1,0,0,1,0,1,55,6
643,0,1,0,0,1,0,0,53,6
232,0,1,0,0,1,0,1,42,6
199,0,1,0,0,1,0,1,44,6
65,0,1,0,0,1,0,0,44,6
569,0,1,0,0,1,0,0,44,6
666,0,1,0,0,1,0,1,46,6
401,0,1,0,0,1,0,1,41,6
633,0,1,0,0,1,0,1,46,6
747,0,1,0,0,1,0,1,39,6
203,0,1,0,0,1,0,1,40,6
337,0,1,0,0,1,0,1,42,6
486,0,1,0,0,1,0,1,43,6
340,0,1,0,0,1,0,1,62,6
853,0,1,0,0,1,0,1,41,6
599,0,1,0,0,1,0,1,46,6
642,0,1,0,0,1,0,1,41,6
192,0,1,0,0,1,0,1,41,6
407,0,1,0,0,1,0,1,46,6
515,0,1,0,0,1,0,1,39,6
823,0,1,0,0,1,0,1,54,6
375,0,1,0,0,1,0,1,41,6
805,0,1,0,0,1,0,1,47,6
177,0,1,0,0,1,0,1,46,6
486,0,1,0,0,1,0,1,48,6
910,0,1,0,0,1,0,1,48,6
1126,0,1,0,0,1,0,1,53,6
1275,0,1,0,0,1,0,1,53,6
416,0,1,0,0,1,0,1,44,6
637,0,1,0,0,1,0,1,59,6
883,0,1,0,0,1,0,1,43,6
233,0,1,0,0,1,0,1,53,6
885,0,1,0,0,1,0,1,39,6
614,0,1,0,0,1,0,0,54,6
3247,0,1,0,0,1,0,0,55,6
438,0,1,0,0,1,0,1,54,6
618,0,1,0,0,1,0,1,44,6
225,0,1,0,0,1,0,1,46,6
532,0,1,0,0,1,0,1,39,6
293,0,1,0,0,1,0,1,44,6
206,0,1,0,0,1,0,1,41,6
690,0,1,0,0,1,0,1,45,6
384,0,1,0,0,1,0,1,56,6
368,0,1,0,0,1,0,1,40,6
657,0,1,0,0,1,0,1,43,6
1495,0,1,0,0,1,0,1,57,6
143,0,1,0,0,1,0,1,60,6
497,0,1,0,0,1,0,1,53,6
240,0,1,0,0,1,0,1,47,6
342,0,1,0,0,1,0,1,61,6
418,0,1,0,0,1,0,0,52,6
152,0,1,0,0,1,0,1,61,6
813,0,1,0,0,1,0,0,53,6
655,0,1,0,0,1,0,1,48,6
1702,0,1,0,0,1,0,1,45,6
350,0,1,0,0,1,0,0,45,6
201,0,1,0,0,1,0,1,46,6
629,0,1,0,0,1,0,1,65,6
492,0,1,0,0,1,0,1,41,6
311,0,1,0,0,1,0,0,53,6
1292,0,1,0,0,1,0,1,53,6
327,0,1,0,0,1,0,1,42,6
547,0,1,0,0,1,0,1,59,6
506,0,1,0,0,1,0,0,47,6
387,0,1,0,0,1,0,1,44,6
764,0,1,0,0,1,0,1,40,6
584,0,1,0,0,1,0,1,46,6
239,0,1,0,0,1,0,1,54,6
686,0,1,0,0,1,0,1,44,6
1459,0,1,0,0,1,0,1,53,6
672,0,1,0,0,1,0,1,49,6
515,0,1,0,0,1,0,1,42,6
126,0,1,0,0,1,0,1,53,6
478,0,1,0,0,1,0,1,51,6
770,0,1,0,0,1,0,1,44,6
602,0,1,0,0,1,0,1,58,6
137,0,1,0,0,1,0,1,56,6
941,0,1,0,0,1,0,1,58,6
297,0,1,0,0,1,0,1,46,6
607,0,1,0,0,1,0,1,58,6
1122,0,1,0,0,1,0,1,41,6
1051,0,1,0,0,1,0,1,42,6
783,0,1,0,0,1,0,1,62,6
511,0,1,0,0,1,0,1,45,6
1618,0,1,0,0,1,0,1,45,6
766,0,1,0,0,1,0,0,54,6
754,0,1,0,0,1,0,1,43,6
505,0,1,0,0,1,0,1,48,6
461,0,1,0,0,1,0,0,63,6
348,0,1,0,0,1,0,1,52,6
1050,0,1,0,0,1,0,1,41,6
247,0,1,0,0,1,0,1,41,6
607,0,1,0,0,1,0,1,51,6
732,0,1,0,0,1,0,1,44,6
430,0,1,0,0,1,0,1,49,6
275,0,1,0,0,1,0,1,42,6
532,0,1,0,0,1,0,1,62,6
551,0,1,0,0,1,0,1,66,6
6250,0,1,0,0,1,0,0,43,6
125,0,1,0,0,1,0,1,41,6
351,0,1,0,0,1,0,1,40,6
1646,0,1,0,0,1,0,0,51,6
912,0,1,0,0,1,0,1,62,6
454,0,1,0,0,1,0,1,44,6
506,0,1,0,0,1,0,1,41,6
519,0,1,0,0,1,0,1,47,6
355,0,1,0,0,1,0,0,52,6
1233,0,1,0,0,1,0,1,46,6
209,0,1,0,0,1,0,1,42,6
518,0,1,0,0,1,0,1,55,6
572,0,1,0,0,1,0,1,49,6
848,0,1,0,0,1,0,1,42,6
719,0,1,0,0,1,0,0,47,6
584,0,1,0,0,1,0,0,56,6
587,0,1,0,0,1,0,0,49,6
411,0,1,0,0,1,0,1,40,6
1096,0,1,0,0,1,0,1,47,6
218,0,1,0,0,1,0,1,46,6
491,0,1,0,0,1,0,0,50,6
1149,0,1,0,0,1,0,1,41,6
1130,0,1,0,0,1,0,0,47,6
1155,0,1,0,0,1,0,1,55,6
591,0,1,0,0,1,0,1,48,6
247,0,1,0,0,1,0,1,44,6
494,0,1,0,0,1,0,0,53,6
1019,0,1,0,0,1,0,0,51,6
470,0,1,0,0,1,0,1,54,6
371,0,1,0,0,1,0,0,54,6
451,0,1,0,0,1,0,1,54,6
212,0,1,0,0,1,0,1,46,6
1030,0,1,0,0,1,0,1,54,6
737,0,1,0,0,1,0,1,40,6
1224,0,1,0,0,1,0,1,45,6
1134,0,1,0,0,1,0,0,72,6
295,0,1,0,0,1,0,1,45,6
259,0,1,0,0,1,0,0,49,6
165,0,1,0,0,1,0,0,45,6
103,0,1,0,0,1,0,1,49,6
1764,0,1,0,0,1,0,0,46,6
822,0,1,0,0,1,0,1,60,6
916,0,1,0,0,1,0,1,44,6
924,0,1,0,0,1,0,1,55,6
489,0,1,0,0,1,0,1,44,6
322,0,1,0,0,1,0,1,57,6
850,0,1,0,0,1,0,0,47,6
434,0,1,0,0,1,0,1,42,6
510,0,1,0,0,1,0,1,64,6
313,0,1,0,0,1,0,1,43,6
563,0,1,0,0,1,0,1,39,6
581,0,1,0,0,1,0,1,56,6
683,0,1,0,0,1,0,0,47,6
358,0,1,0,0,1,0,1,43,6
529,0,1,0,0,1,0,1,48,6
419,0,1,0,0,1,0,1,44,6
1274,0,1,0,0,1,0,1,56,6
367,0,1,0,0,1,0,0,53,6
534,0,1,0,0,1,0,1,55,6
259,0,1,0,0,1,0,1,40,6
1344,0,1,0,0,1,0,1,44,6
734,0,1,0,0,1,0,1,58,6
246,0,1,0,0,1,0,1,47,6
1115,0,1,0,0,1,0,1,62,6
626,0,1,0,0,1,0,1,61,6
173,0,1,0,0,1,0,1,47,6
855,0,1,0,0,1,0,0,60,6
1188,0,1,0,0,1,0,1,42,6
449,0,1,0,0,1,0,1,58,6
385,0,1,0,0,1,0,1,43,6
539,0,1,0,0,1,0,1,45,6
1405,0,1,0,0,1,0,1,64,6
255,0,1,0,0,1,0,1,50,6
858,0,1,0,0,1,0,0,53,6
292,0,1,0,0,1,0,1,45,6
1231,0,1,0,0,1,0,1,58,6
408,0,1,0,0,1,0,1,52,6
730,0,1,0,0,1,0,0,53,6
117,0,1,0,0,1,0,1,44,6
593,0,1,0,0,1,0,1,63,6
586,0,1,0,0,1,0,1,43,6
1171,0,1,0,0,1,0,1,59,6
693,0,1,0,0,1,0,1,50,6
191,0,1,0,0,1,0,1,49,6
383,0,1,0,0,1,0,1,43,6
241,0,1,0,0,1,0,0,43,6
349,0,1,0,0,1,0,0,53,6
525,0,1,0,0,1,0,1,42,6
454,0,1,0,0,1,0,1,42,6
343,0,1,0,0,1,0,1,61,6
553,0,1,0,0,1,0,1,54,6
771,0,1,0,0,1,0,1,44,6
1162,0,1,0,0,1,0,1,47,6
648,0,1,0,0,1,0,0,57,6
196,0,1,0,0,1,0,1,52,6
360,0,1,0,0,1,0,1,50,6
916,0,1,0,0,1,0,0,53,6
574,0,1,0,0,1,0,1,41,6
771,0,1,0,0,1,0,1,57,6
1170,0,1,0,0,1,0,1,39,6
236,0,1,0,0,1,0,1,42,6
453,0,1,0,0,1,0,1,51,6
468,0,1,0,0,1,0,1,50,6
812,0,1,0,0,1,0,0,61,6
616,0,1,0,0,1,0,1,57,6
1381,0,1,0,0,1,0,1,46,6
570,0,1,0,0,1,0,1,41,6
425,0,1,0,0,1,0,1,54,6
556,0,1,0,0,1,0,0,45,6
328,0,1,0,0,1,0,1,45,6
550,0,1,0,0,1,0,1,40,6
455,0,1,0,0,1,0,1,53,6
521,0,1,0,0,1,0,1,57,6
311,0,1,0,0,1,0,1,46,6
430,0,1,0,0,1,0,1,42,6
405,0,1,0,0,1,0,1,49,6
1398,0,1,0,0,1,0,1,44,6
425,0,1,0,0,1,0,1,59,6
436,0,1,0,0,1,0,1,40,6
517,0,1,0,0,1,0,1,59,6
995,0,1,0,0,1,0,0,55,6
618,0,1,0,0,1,0,1,52,6
933,0,1,0,0,1,0,1,41,6
1402,0,1,0,0,1,0,1,51,6
968,0,1,0,0,1,0,1,58,6
682,0,1,0,0,1,0,1,59,6
796,0,1,0,0,1,0,1,45,6
1163,0,1,0,0,1,0,0,43,6
979,0,1,0,0,1,0,0,60,6
394,0,1,0,0,1,0,1,40,6
592,0,1,0,0,1,0,1,46,6
516,0,1,0,0,1,0,1,40,6
366,0,1,0,0,1,0,1,51,6
633,0,1,0,0,1,0,1,40,6
315,0,1,0,0,1,0,1,42,6
518,0,1,0,0,1,0,1,41,6
696,0,1,0,0,1,0,1,47,6
521,0,1,0,0,1,0,1,50,6
604,0,1,0,0,1,0,1,52,6
672,0,1,0,0,1,0,1,45,6
462,0,1,0,0,1,0,1,39,6
695,0,1,0,0,1,0,1,46,6
26,0,1,0,0,1,0,1,46,6
573,0,1,0,0,1,0,1,54,6
911,0,1,0,0,1,0,1,46,6
1544,0,1,0,0,1,0,1,54,6
377,0,1,0,0,1,0,1,62,6
529,0,1,0,0,1,0,1,43,6
2457,0,1,0,0,1,0,1,45,6
536,0,1,0,0,1,0,0,49,6
967,0,1,0,0,1,0,1,39,6
473,0,1,0,0,1,0,0,56,6
284,0,1,0,0,1,0,1,46,6
693,0,1,0,0,1,0,0,61,6
281,0,1,0,0,1,0,0,63,6
382,0,1,0,0,1,0,1,47,6
372,0,1,0,0,1,0,1,49,6
655,0,1,0,0,1,0,1,56,6
1162,0,1,0,0,1,0,1,59,6
1069,0,1,0,0,1,0,1,50,6
386,0,1,0,0,1,0,1,39,6
766,0,1,0,0,1,0,0,49,6
814,0,1,0,0,1,0,1,49,6
487,0,1,0,0,1,0,0,52,6
496,0,1,0,0,1,0,1,45,6
376,0,1,0,0,1,0,1,42,6
585,0,1,0,0,1,0,1,54,6
1046,0,1,0,0,1,0,1,40,6
418,0,1,0,0,1,0,1,46,6
340,0,1,0,0,1,0,0,51,6
1380,0,1,0,0,1,0,1,64,6
402,0,1,0,0,1,0,1,41,6
464,0,1,0,0,1,0,1,50,6
534,0,1,0,0,1,0,1,55,6
936,0,1,0,0,1,0,1,62,6
221,0,1,0,0,1,0,1,46,6
63,0,1,0,0,1,0,1,62,6
126,0,1,0,0,1,0,1,53,6
493,0,1,0,0,1,0,1,44,6
741,0,1,0,0,1,0,1,65,6
355,0,1,0,0,1,0,1,47,6
265,0,1,0,0,1,0,1,46,6
12,0,1,0,0,1,0,1,50,6
431,0,1,0,0,1,0,1,48,6
593,0,1,0,0,1,0,1,44,6
297,0,1,0,0,1,0,1,46,6
4151,0,1,0,0,1,0,1,48,6
723,0,1,0,0,1,0,1,57,6
332,0,1,0,0,1,0,1,42,6
1042,0,1,0,0,1,0,1,50,6
300,0,1,0,0,1,0,1,42,6
379,0,1,0,0,1,0,1,53,6
473,0,1,0,0,1,0,1,45,6
339,0,1,0,0,1,0,1,57,6
418,0,1,0,0,1,0,1,58,6
943,0,1,0,0,1,0,1,51,6
961,0,1,0,0,1,0,1,42,6
607,0,1,0,0,1,0,1,46,6
1052,0,1,0,0,1,0,1,62,6
334,0,1,0,0,1,0,1,41,6
1033,0,1,0,0,1,0,1,51,6
206,0,1,0,0,1,0,1,52,6
328,0,1,0,0,1,0,1,39,6
483,0,1,0,0,1,0,1,50,6
286,0,1,0,0,1,0,1,42,6
1574,0,1,0,0,1,0,1,53,6
338,0,1,0,0,1,0,1,41,6
1026,0,1,0,0,1,0,1,67,6
706,0,1,0,0,1,0,1,44,6
263,0,1,0,0,1,0,1,41,6
612,0,1,0,0,1,0,1,42,6
1880,0,1,0,0,1,0,1,48,6
329,0,1,0,0,1,0,1,58,6
935,0,1,0,0,1,0,1,59,6
609,0,1,0,0,1,0,1,54,6
274,0,1,0,0,1,0,1,50,6
1010,0,1,0,0,1,0,1,52,6
298,0,1,0,0,1,0,1,43,6
497,0,1,0,0,1,0,0,59,6
814,0,1,0,0,1,0,1,41,6
658,0,1,0,0,1,0,1,48,6
564,0,1,0,0,1,0,1,49,6
272,0,1,0,0,1,0,0,45,6
1593,0,1,0,0,1,0,1,53,6
593,0,1,0,0,1,0,0,53,6
805,0,1,0,0,1,0,1,42,6
3231,0,1,0,0,1,0,1,44,6
362,0,1,0,0,1,0,1,52,6
357,0,1,0,0,1,0,1,52,6
504,0,1,0,0,1,0,1,41,6
433,0,1,0,0,1,0,1,49,6
353,0,1,0,0,1,0,1,41,6
191,0,1,0,0,1,0,1,40,6
1341,0,1,0,0,1,0,1,53,6
824,0,1,0,0,1,0,1,50,6
616,0,1,0,0,1,0,1,44,6
661,0,1,0,0,1,0,1,54,6
212,0,1,0,0,1,0,1,40,6
902,0,1,0,0,1,0,1,43,6
427,0,1,0,0,1,0,1,44,6
466,0,1,0,0,1,0,0,50,6
516,0,1,0,0,1,0,1,45,6
513,0,1,0,0,1,0,0,58,6
824,0,1,0,0,1,0,1,59,6
79,0,1,0,0,1,0,1,39,6
449,0,1,0,0,1,0,1,50,6
710,0,1,0,0,1,0,1,61,6
566,0,1,0,0,1,0,1,50,6
781,0,1,0,0,1,0,1,66,6
326,0,1,0,0,1,0,1,57,6
569,0,1,0,0,1,0,1,47,6
742,0,1,0,0,1,0,1,44,6
449,0,1,0,0,1,0,1,50,6
1264,0,1,0,0,1,0,1,55,6
3,0,1,0,0,1,0,1,45,6
1133,0,1,0,0,1,0,1,53,6
414,0,1,0,0,1,0,1,62,6
651,0,1,0,0,1,0,1,41,6
595,0,1,0,0,1,0,1,42,6
12,0,1,0,0,1,0,1,39,6
6,0,1,0,0,1,0,1,46,6
326,0,1,0,0,1,0,1,54,6
805,0,1,0,0,1,0,1,50,6
380,0,1,0,0,1,0,1,46,6
200,0,1,0,0,1,0,1,42,6
284,0,1,0,0,1,0,0,57,6
1199,0,1,0,0,1,0,1,61,6
45,0,1,0,0,1,0,1,57,6
303,0,1,0,0,1,0,1,41,6
284,0,1,0,0,1,0,1,47,6
481,0,1,0,0,1,0,1,49,6
483,0,1,0,0,1,0,1,47,6
421,0,1,0,0,1,0,1,50,6
269,0,1,0,0,1,0,1,41,6
736,0,1,0,0,1,0,1,56,6
287,0,1,0,0,1,0,1,42,6
860,0,1,0,0,1,0,1,40,6
448,0,1,0,0,1,0,0,46,6
582,0,1,0,0,1,0,1,44,6
494,0,1,0,0,1,0,1,40,6
183,0,1,0,0,1,0,1,39,6
288,0,1,0,0,1,0,1,56,6
1355,0,1,0,0,1,0,1,46,6
474,0,1,0,0,1,0,1,62,6
545,0,1,0,0,1,0,0,55,6
1821,0,1,0,0,1,0,1,48,6
398,0,1,0,0,1,0,1,46,6
260,0,1,0,0,1,0,1,44,6
728,0,1,0,0,1,0,1,55,6
18,0,1,0,0,1,0,1,59,6
536,0,1,0,0,1,0,0,60,6
371,0,1,0,0,1,0,1,43,6
1409,0,1,0,0,1,0,0,56,6
1547,0,1,0,0,1,0,1,59,6
424,0,1,0,0,1,0,1,42,6
750,0,1,0,0,1,0,0,47,6
819,0,1,0,0,1,0,1,41,6
688,0,1,0,0,1,0,1,44,6
483,0,1,0,0,1,0,1,47,6
337,0,1,0,0,1,0,0,54,6
264,0,1,0,0,1,0,1,51,6
826,0,1,0,0,1,0,1,39,6
1375,0,1,0,0,1,0,1,64,6
1670,0,1,0,0,1,0,1,53,6
200,0,1,0,0,1,0,1,43,6
456,0,1,0,0,1,0,1,51,6
634,0,1,0,0,1,0,1,45,6
756,0,1,0,0,1,0,0,60,6
578,0,1,0,0,1,0,1,50,6
406,0,1,0,0,1,0,1,43,6
269,0,1,0,0,1,0,1,53,6
1302,0,1,0,0,1,0,0,56,6
352,0,1,0,0,1,0,0,54,6
702,0,1,0,0,1,0,1,47,6
344,0,1,0,0,1,0,1,51,6
833,0,1,0,0,1,0,0,45,6
450,0,1,0,0,1,0,0,60,6
810,0,1,0,0,1,0,1,45,6
554,0,1,0,0,1,0,1,41,6
505,0,1,0,0,1,0,1,41,6
357,0,1,0,0,1,0,1,42,6
401,0,1,0,0,1,0,1,42,6
560,0,1,0,0,1,0,1,42,6
440,0,1,0,0,1,0,0,51,6
470,0,1,0,0,1,0,1,56,6
453,0,1,0,0,1,0,1,39,6
447,0,1,0,0,1,0,1,54,6
524,0,1,0,0,1,0,1,59,6
943,0,1,0,0,1,0,1,53,6
366,0,1,0,0,1,0,1,46,6
215,0,1,0,0,1,0,1,53,6
250,0,1,0,0,1,0,1,53,6
355,0,1,0,0,1,0,1,40,6
373,0,1,0,0,1,0,1,50,6
437,0,1,0,0,1,0,1,54,6
408,0,1,0,0,1,0,0,54,6
338,0,1,0,0,1,0,1,51,6
1091,0,1,0,0,1,0,1,45,6
975,0,1,0,0,1,0,1,56,6
511,0,1,0,0,1,0,1,59,6
308,0,1,0,0,1,0,1,46,6
650,0,1,0,0,1,0,0,51,6
671,0,1,0,0,1,0,1,49,6
428,0,1,0,0,1,0,1,50,6
321,0,1,0,0,1,0,1,49,6
786,0,1,0,0,1,0,1,62,6
812,0,1,0,0,1,0,1,60,6
617,0,1,0,0,1,0,1,41,6
630,0,1,0,0,1,0,1,39,6
510,0,1,0,0,1,0,1,45,6
224,0,1,0,0,1,0,1,52,6
342,0,1,0,0,1,0,1,51,6
213,0,1,0,0,1,0,1,44,6
297,0,1,0,0,1,0,1,39,6
313,0,1,0,0,1,0,1,42,6
546,0,1,0,0,1,0,1,39,6
478,0,1,0,0,1,0,1,49,6
1364,0,1,0,0,1,0,1,66,6
1480,0,1,0,0,1,0,1,64,6
422,0,1,0,0,1,0,1,59,6
474,0,1,0,0,1,0,1,54,6
587,0,1,0,0,1,0,0,47,6
967,0,1,0,0,1,0,1,41,6
1023,0,1,0,0,1,0,0,49,6
312,0,1,0,0,1,0,1,43,6
17,0,1,0,0,1,0,0,56,6
922,0,1,0,0,1,0,0,45,6
950,0,1,0,0,1,0,0,62,6
280,0,1,0,0,1,0,1,48,6
531,0,1,0,0,1,0,1,55,6
405,0,1,0,0,1,0,1,41,6
702,0,1,0,0,1,0,1,41,6
301,0,1,0,0,1,0,1,49,6
369,0,1,0,0,1,0,1,48,6
245,0,1,0,0,1,0,1,53,6
1307,0,1,0,0,1,0,1,58,6
634,0,1,0,0,1,0,0,47,6
129,0,1,0,0,1,0,1,52,6
254,0,1,0,0,1,0,1,54,6
736,0,1,0,0,1,0,1,48,6
272,0,1,0,0,1,0,1,54,6
707,0,1,0,0,1,0,1,42,6
515,0,1,0,0,1,0,1,42,6
683,0,1,0,0,1,0,1,50,6
1137,0,1,0,0,1,0,1,56,6
506,0,1,0,0,1,0,1,44,6
634,0,1,0,0,1,0,0,45,6
436,0,1,0,0,1,0,1,62,6
529,0,1,0,0,1,0,0,52,6
1206,0,1,0,0,1,0,1,53,6
945,0,1,0,0,1,0,1,42,6
1009,0,1,0,0,1,0,1,47,6
927,0,1,0,0,1,0,1,42,6
990,0,1,0,0,1,0,1,46,6
285,0,1,0,0,1,0,1,44,6
209,0,1,0,0,1,0,1,42,6
818,0,1,0,0,1,0,1,56,6
590,0,1,0,0,1,0,1,58,6
202,0,1,0,0,1,0,1,44,6
2587,0,1,0,0,1,0,1,41,6
590,0,1,0,0,1,0,1,48,6
2151,0,1,0,0,1,0,0,49,6
889,0,1,0,0,1,0,1,42,6
695,0,1,0,0,1,0,1,55,6
1409,0,1,0,0,1,0,1,58,6
88,0,1,0,0,1,0,1,39,6
838,0,1,0,0,1,0,1,72,6
526,0,1,0,0,1,0,1,39,6
941,0,1,0,0,1,0,1,50,6
281,0,1,0,0,1,0,0,54,6
721,0,1,0,0,1,0,0,47,6
403,0,1,0,0,1,0,0,47,6
252,0,1,0,0,1,0,1,47,6
1251,0,1,0,0,1,0,1,56,6
660,0,1,0,0,1,0,1,41,6
398,0,1,0,0,1,0,1,57,6
635,0,1,0,0,1,0,1,45,6
1395,0,1,0,0,1,0,1,45,6
437,0,1,0,0,1,0,0,55,6
303,0,1,0,0,1,0,1,47,6
643,0,1,0,0,1,0,1,49,6
445,0,1,0,0,1,0,1,41,6
581,0,1,0,0,1,0,1,44,6
537,0,1,0,0,1,0,1,39,6
1250,0,1,0,0,1,0,0,51,6
194,0,1,0,0,1,0,1,42,6
721,0,1,0,0,1,0,1,68,6
169,0,1,0,0,1,0,1,43,6
300,0,1,0,0,1,0,1,45,6
556,0,1,0,0,1,0,1,43,6
535,0,1,0,0,1,0,1,42,6
1020,0,1,0,0,1,0,1,62,6
304,0,1,0,0,1,0,1,46,6
1000,0,1,0,0,1,0,1,67,6
818,0,1,0,0,1,0,1,42,6
396,0,1,0,0,1,0,1,50,6
289,0,1,0,0,1,0,1,53,6
406,0,1,0,0,1,0,1,50,6
1042,0,1,0,0,1,0,0,43,6
591,0,1,0,0,1,0,1,59,6
775,0,1,0,0,1,0,1,66,6
264,0,1,0,0,1,0,1,48,6
390,0,1,0,0,1,0,1,57,6
1204,0,1,0,0,1,0,1,48,6
711,0,1,0,0,1,0,1,52,6
364,0,1,0,0,1,0,0,45,6
581,0,1,0,0,1,0,1,42,6
731,0,1,0,0,1,0,0,55,6
522,0,1,0,0,1,0,1,47,6
293,0,1,0,0,1,0,1,56,6
288,0,1,0,0,1,0,1,42,6
937,0,1,0,0,1,0,1,59,6
363,0,1,0,0,1,0,1,53,6
283,0,1,0,0,1,0,1,50,6
66,0,1,0,0,1,0,1,49,6
342,0,1,0,0,1,0,1,52,6
1455,0,1,0,0,1,0,1,42,6
613,0,1,0,0,1,0,1,44,6
1982,0,1,0,0,1,0,1,55,6
917,0,1,0,0,1,0,1,51,6
316,0,1,0,0,1,0,1,41,6
488,0,1,0,0,1,0,0,43,6
1043,0,1,0,0,1,0,1,45,6
538,0,1,0,0,1,0,1,42,6
1500,0,1,0,0,1,0,1,66,6
506,0,1,0,0,1,0,1,45,6
1029,0,1,0,0,1,0,1,46,6
829,0,1,0,0,1,0,1,46,6
326,0,1,0,0,1,0,1,42,6
252,0,1,0,0,1,0,1,44,6
937,0,1,0,0,1,0,1,50,6
809,0,1,0,0,1,0,0,52,6
742,0,1,0,0,1,0,0,56,6
2235,0,1,0,0,1,0,0,49,6
687,0,1,0,0,1,0,1,62,6
1250,0,1,0,0,1,0,0,55,6
1125,0,1,0,0,1,0,1,46,6
311,0,1,0,0,1,0,1,58,6
90,0,1,0,0,1,0,1,39,6
308,0,1,0,0,1,0,1,41,6
334,0,1,0,0,1,0,1,45,6
266,0,1,0,0,1,0,0,53,6
518,0,1,0,0,1,0,1,49,6
684,0,1,0,0,1,0,1,52,6
397,0,1,0,0,1,0,1,42,6
238,0,1,0,0,1,0,1,59,6
696,0,1,0,0,1,0,1,44,6
453,0,1,0,0,1,0,1,52,6
602,0,1,0,0,1,0,1,59,6
211,0,1,0,0,1,0,1,43,6
436,0,1,0,0,1,0,1,46,6
285,0,1,0,0,1,0,1,53,6
453,0,1,0,0,1,0,1,59,6
980,0,1,0,0,1,0,1,43,6
368,0,1,0,0,1,0,0,49,6
385,0,1,0,0,1,0,1,58,6
262,0,1,0,0,1,0,1,59,6
176,0,1,0,0,1,0,1,40,6
365,0,1,0,0,1,0,1,59,6
485,0,1,0,0,1,0,0,50,6
1213,0,1,0,0,1,0,1,46,6
388,0,1,0,0,1,0,1,40,6
889,0,1,0,0,1,0,1,50,6
527,0,1,0,0,1,0,1,51,6
5626,0,1,0,0,1,0,1,57,6
818,0,1,0,0,1,0,1,48,6
505,0,1,0,0,1,0,1,39,6
193,0,1,0,0,1,0,1,45,6
145,0,1,0,0,1,0,1,53,6
593,0,1,0,0,1,0,1,63,6
101,0,1,0,0,1,0,1,44,6
747,0,1,0,0,1,0,1,46,6
814,0,1,0,0,1,0,1,40,6
430,0,1,0,0,1,0,1,41,6
453,0,1,0,0,1,0,1,41,6
703,0,1,0,0,1,0,1,48,6
2676,0,1,0,0,1,0,1,40,6
801,0,1,0,0,1,0,1,53,6
748,0,1,0,0,1,0,1,62,6
366,0,1,0,0,1,0,1,49,6
302,0,1,0,0,1,0,1,51,6
2176,0,1,0,0,1,0,1,62,6
604,0,1,0,0,1,0,0,53,6
714,0,1,0,0,1,0,1,41,6
426,0,1,0,0,1,0,1,41,6
1093,0,1,0,0,1,0,1,43,6
1940,0,1,0,0,1,0,0,49,6
1031,0,1,0,0,1,0,1,50,6
312,0,1,0,0,1,0,1,60,6
336,0,1,0,0,1,0,1,40,6
1070,0,1,0,0,1,0,1,62,6
739,0,1,0,0,1,0,1,39,6
377,0,1,0,0,1,0,1,39,6
1061,0,1,0,0,1,0,0,57,6
521,0,1,0,0,1,0,1,41,6
225,0,1,0,0,1,0,1,48,6
120,0,1,0,0,1,0,1,59,6
617,0,1,0,0,1,0,1,56,6
848,0,1,0,0,1,0,1,43,6
724,0,1,0,0,1,0,1,57,6
1262,0,1,0,0,1,0,1,55,6
267,0,1,0,0,1,0,1,41,6
1165,0,1,0,0,1,0,0,44,6
1674,0,1,0,0,1,0,0,48,6
578,0,1,0,0,1,0,1,52,6
600,0,1,0,0,1,0,1,42,6
245,0,1,0,0,1,0,1,54,6
777,0,1,0,0,1,0,1,39,6
538,0,1,0,0,1,0,1,49,6
369,0,1,0,0,1,0,0,59,6
1317,0,1,0,0,1,0,1,45,6
369,0,1,0,0,1,0,1,65,6
849,0,1,0,0,1,0,1,52,6
3482,0,1,0,0,1,0,1,54,6
268,0,1,0,0,1,0,1,46,6
930,0,1,0,0,1,0,1,43,6
442,0,1,0,0,1,0,1,51,6
377,0,1,0,0,1,0,1,50,6
457,0,1,0,0,1,0,1,52,6
521,0,1,0,0,1,0,1,42,6
404,0,1,0,0,1,0,1,41,6
293,0,1,0,0,1,0,1,44,6
426,0,1,0,0,1,0,1,50,6
602,0,1,0,0,1,0,1,62,6
677,0,1,0,0,1,0,1,57,6
374,0,1,0,0,1,0,1,50,6
412,0,1,0,0,1,0,1,51,6
434,0,1,0,0,1,0,1,46,6
1027,0,1,0,0,1,0,1,50,6
434,0,1,0,0,1,0,0,53,6
845,0,1,0,0,1,0,1,42,6
1412,0,1,0,0,1,0,0,48,6
1529,0,1,0,0,1,0,0,55,6
243,0,1,0,0,1,0,1,52,6
547,0,1,0,0,1,0,1,43,6
1825,0,1,0,0,1,0,1,47,6
622,0,1,0,0,1,0,1,40,6
778,0,1,0,0,1,0,0,60,6
402,0,1,0,0,1,0,1,43,6
718,0,1,0,0,1,0,1,43,6
1872,0,1,0,0,1,0,1,57,6
232,0,1,0,0,1,0,1,51,6
449,0,1,0,0,1,0,1,58,6
289,0,1,0,0,1,0,0,58,6
189,0,1,0,0,1,0,1,51,6
604,0,1,0,0,1,0,1,66,6
574,0,1,0,0,1,0,1,46,6
518,0,1,0,0,1,0,1,55,6
1596,0,1,0,0,1,0,1,52,6
324,0,1,0,0,1,0,1,44,6
261,0,1,0,0,1,0,1,49,6
314,0,1,0,0,1,0,0,45,6
198,0,1,0,0,1,0,1,60,6
564,0,1,0,0,1,0,1,49,6
374,0,1,0,0,1,0,1,41,6
433,0,1,0,0,1,0,0,57,6
686,0,1,0,0,1,0,1,51,6
579,0,1,0,0,1,0,1,44,6
558,0,1,0,0,1,0,0,47,6
561,0,1,0,0,1,0,1,54,6
374,0,1,0,0,1,0,1,40,6
416,0,1,0,0,1,0,1,41,6
335,0,1,0,0,1,0,1,54,6
800,0,1,0,0,1,0,1,39,6
466,0,1,0,0,1,0,0,43,6
219,0,1,0,0,1,0,1,50,6
698,0,1,0,0,1,0,1,52,6
532,0,1,0,0,1,0,1,42,6
649,0,1,0,0,1,0,1,40,6
465,0,1,0,0,1,0,1,42,6
241,0,1,0,0,1,0,1,48,6
509,0,1,0,0,1,0,1,62,6
504,0,1,0,0,1,0,1,40,6
926,0,1,0,0,1,0,1,62,6
85,0,1,0,0,1,0,1,46,6
694,0,1,0,0,1,0,1,39,6
766,0,1,0,0,1,0,1,41,6
497,0,1,0,0,1,0,1,41,6
621,0,1,0,0,1,0,1,42,6
661,0,1,0,0,1,0,1,43,6
297,0,1,0,0,1,0,1,64,6
1132,0,1,0,0,1,0,1,52,6
235,0,1,0,0,1,0,1,49,6
589,0,1,0,0,1,0,1,41,6
480,0,1,0,0,1,0,1,57,6
963,0,1,0,0,1,0,0,44,6
400,0,1,0,0,1,0,1,44,6
329,0,1,0,0,1,0,0,47,6
892,0,1,0,0,1,0,1,47,6
914,0,1,0,0,1,0,1,57,6
1468,0,1,0,0,1,0,0,49,6
330,0,1,0,0,1,0,1,41,6
1313,0,1,0,0,1,0,1,53,6
1710,0,1,0,0,1,0,1,42,6
2127,0,1,0,0,1,0,1,59,6
876,0,1,0,0,1,0,1,48,6
237,0,1,0,0,1,0,1,46,6
427,0,1,0,0,1,0,1,56,6
1352,0,1,0,0,1,0,1,53,6
565,0,1,0,0,1,0,0,45,6
537,0,1,0,0,1,0,1,70,6
441,0,1,0,0,1,0,1,52,6
752,0,1,0,0,1,0,1,39,6
407,0,1,0,0,1,0,0,56,6
977,0,1,0,0,1,0,1,44,6
390,0,1,0,0,1,0,1,44,6
565,0,1,0,0,1,0,1,46,6
281,0,1,0,0,1,0,1,52,6
1294,0,1,0,0,1,0,1,51,6
200,0,1,0,0,1,0,1,51,6
1735,0,1,0,0,1,0,1,51,6
1333,0,1,0,0,1,0,1,55,6
1521,0,1,0,0,1,0,1,65,6
1047,0,1,0,0,1,0,1,58,6
372,0,1,0,0,1,0,1,42,6
712,0,1,0,0,1,0,1,39,6
219,0,1,0,0,1,0,1,41,6
327,0,1,0,0,1,0,1,54,6
355,0,1,0,0,1,0,1,47,6
346,0,1,0,0,1,0,0,54,6
421,0,1,0,0,1,0,1,50,6
408,0,1,0,0,1,0,1,55,6
991,0,1,0,0,1,0,1,43,6
551,0,1,0,0,1,0,1,42,6
405,0,1,0,0,1,0,1,60,6
1104,0,1,0,0,1,0,0,51,6
503,0,1,0,0,1,0,1,39,6
230,0,1,0,0,1,0,1,58,6
706,0,1,0,0,1,0,1,52,6
1407,0,1,0,0,1,0,1,56,6
607,0,1,0,0,1,0,0,56,6
283,0,1,0,0,1,0,1,41,6
661,0,1,0,0,1,0,0,49,6
391,0,1,0,0,1,0,1,66,6
400,0,1,0,0,1,0,1,61,6
827,0,1,0,0,1,0,1,53,6
902,0,1,0,0,1,0,1,57,6
108,0,1,0,0,1,0,1,43,6
209,0,1,0,0,1,0,1,46,6
173,0,1,0,0,1,0,1,44,6
1066,0,1,0,0,1,0,0,52,6
820,0,1,0,0,1,0,1,47,6
768,0,1,0,0,1,0,1,43,6
295,0,1,0,0,1,0,1,47,6
314,0,1,0,0,1,0,1,39,6
752,0,1,0,0,1,0,1,60,6
449,0,1,0,0,1,0,0,54,6
219,0,1,0,0,1,0,1,44,6
258,0,1,0,0,1,0,1,48,6
547,0,1,0,0,1,0,1,47,6
1117,0,1,0,0,1,0,1,49,6
219,0,1,0,0,1,0,1,59,6
647,0,1,0,0,1,0,1,43,6
1098,0,1,0,0,1,0,1,53,6
449,0,1,0,0,1,0,0,58,6
490,0,1,0,0,1,0,1,42,6
1463,0,1,0,0,1,0,0,45,6
468,0,1,0,0,1,0,1,39,6
966,0,1,0,0,1,0,1,47,6
514,0,1,0,0,1,0,1,52,6
580,0,1,0,0,1,0,1,51,6
897,0,1,0,0,1,0,1,59,6
308,0,1,0,0,1,0,1,39,6
696,0,1,0,0,1,0,1,54,6
386,0,1,0,0,1,0,1,40,6
212,0,1,0,0,1,0,1,59,6
487,0,1,0,0,1,0,1,50,6
415,0,1,0,0,1,0,1,41,6
674,0,1,0,0,1,0,1,39,6
1084,0,1,0,0,1,0,1,65,6
187,0,1,0,0,1,0,1,51,6
695,0,1,0,0,1,0,1,52,6
946,0,1,0,0,1,0,1,56,6
901,0,1,0,0,1,0,1,54,6
824,0,1,0,0,1,0,1,62,6
211,0,1,0,0,1,0,1,46,6
1506,0,1,0,0,1,0,1,51,6
1733,0,1,0,0,1,0,1,45,6
453,0,1,0,0,1,0,1,40,6
115,0,1,0,0,1,0,1,50,6
490,0,1,0,0,1,0,0,54,6
632,0,1,0,0,1,0,0,44,6
1184,0,1,0,0,1,0,1,62,6
450,0,1,0,0,1,0,1,39,6
1354,0,1,0,0,1,0,1,56,6
545,0,1,0,0,1,0,1,45,6
253,0,1,0,0,1,0,1,54,6
243,0,1,0,0,1,0,1,46,6
691,0,1,0,0,1,0,1,53,6
277,0,1,0,0,1,0,1,52,6
1546,0,1,0,0,1,0,1,61,6
744,0,1,0,0,1,0,1,63,6
663,0,1,0,0,1,0,1,51,6
721,0,1,0,0,1,0,1,56,6
255,0,1,0,0,1,0,1,55,6
425,0,1,0,0,1,0,1,53,6
467,0,1,0,0,1,0,1,56,6
887,0,1,0,0,1,0,1,59,6
673,0,1,0,0,1,0,1,45,6
501,0,1,0,0,1,0,0,55,6
473,0,1,0,0,1,0,1,60,6
170,0,1,0,0,1,0,1,42,6
381,0,1,0,0,1,0,0,53,6
737,0,1,0,0,1,0,1,59,6
815,0,1,0,0,1,0,0,61,6
463,0,1,0,0,1,0,1,56,6
631,0,1,0,0,1,0,1,59,6
187,0,1,0,0,1,0,1,53,6
952,0,1,0,0,1,0,1,60,6
805,0,1,0,0,1,0,0,59,6
968,0,1,0,0,1,0,1,53,6
1282,0,1,0,0,1,0,1,55,6
222,0,1,0,0,1,0,1,53,6
223,0,1,0,0,1,0,1,39,6
1440,0,1,0,0,1,0,0,53,6
1269,0,1,0,0,1,0,1,47,6
1156,0,1,0,0,1,0,1,45,6
785,0,1,0,0,1,0,1,44,6
378,0,1,0,0,1,0,1,48,6
461,0,1,0,0,1,0,1,62,6
484,0,1,0,0,1,0,0,60,6
156,0,1,0,0,1,0,1,41,6
354,0,1,0,0,1,0,1,45,6
437,0,1,0,0,1,0,1,42,6
261,0,1,0,0,1,0,1,39,6
630,0,1,0,0,1,0,1,46,6
1462,0,1,0,0,1,0,1,63,6
1031,0,1,0,0,1,0,1,44,6
373,0,1,0,0,1,0,1,46,6
123,0,1,0,0,1,0,1,51,6
375,0,1,0,0,1,0,1,59,6
1107,0,1,0,0,1,0,1,54,6
486,0,1,0,0,1,0,1,40,6
1242,0,1,0,0,1,0,1,63,6
500,0,1,0,0,1,0,1,50,6
320,0,1,0,0,1,0,1,51,6
815,0,1,0,0,1,0,1,39,6
795,0,1,0,0,1,0,0,49,6
453,0,1,0,0,1,0,1,42,6
368,0,1,0,0,1,0,1,42,6
764,0,1,0,0,1,0,1,40,6
546,0,1,0,0,1,0,1,55,6
367,0,1,0,0,1,0,1,61,6
1167,0,1,0,0,1,0,0,49,6
1399,0,1,0,0,1,0,1,47,6
434,0,1,0,0,1,0,1,65,6
213,0,1,0,0,1,0,1,54,6
307,0,1,0,0,1,0,1,51,6
318,0,1,0,0,1,0,1,53,6
259,0,1,0,0,1,0,1,51,6
1189,0,1,0,0,1,0,1,50,6
394,0,1,0,0,1,0,1,42,6
787,0,1,0,0,1,0,1,53,6
562,0,1,0,0,1,0,0,45,6
310,0,1,0,0,1,0,1,42,6
443,0,1,0,0,1,0,1,51,6
309,0,1,0,0,1,0,1,53,6
742,0,1,0,0,1,0,1,67,6
619,0,1,0,0,1,0,0,48,6
182,0,1,0,0,1,0,1,45,6
733,0,1,0,0,1,0,1,43,6
726,0,1,0,0,1,0,1,42,6
305,0,1,0,0,1,0,1,54,6
305,0,1,0,0,1,0,1,52,6
852,0,1,0,0,1,0,1,50,6
1231,0,1,0,0,1,0,1,57,6
1712,0,1,0,0,1,0,0,57,6
1054,0,1,0,0,1,0,1,53,6
1605,0,1,0,0,1,0,0,58,6
559,0,1,0,0,1,0,1,49,6
522,0,1,0,0,1,0,1,62,6
1349,0,1,0,0,1,0,1,50,6
159,0,1,0,0,1,0,1,51,6
493,0,1,0,0,1,0,0,57,6
439,0,1,0,0,1,0,1,59,6
663,0,1,0,0,1,0,1,51,6
258,0,1,0,0,1,0,1,47,6
748,0,1,0,0,1,0,1,48,6
351,0,1,0,0,1,0,0,52,6
440,0,1,0,0,1,0,1,41,6
1309,0,1,0,0,1,0,1,43,6
260,0,1,0,0,1,0,1,46,6
1645,0,1,0,0,1,0,0,53,6
557,0,1,0,0,1,0,1,50,6
826,0,1,0,0,1,0,1,55,6
204,0,1,0,0,1,0,0,53,6
601,0,1,0,0,1,0,1,52,6
512,0,1,0,0,1,0,1,54,6
371,0,1,0,0,1,0,0,57,6
403,0,1,0,0,1,0,1,51,6
527,0,1,0,0,1,0,1,59,6
566,0,1,0,0,1,0,0,55,6
1357,0,1,0,0,1,0,0,53,6
235,0,1,0,0,1,0,1,62,6
386,0,1,0,0,1,0,1,41,6
531,0,1,0,0,1,0,1,59,6
443,0,1,0,0,1,0,1,41,6
212,0,1,0,0,1,0,0,46,6
585,0,1,0,0,1,0,0,48,6
648,0,1,0,0,1,0,1,39,6
182,0,1,0,0,1,0,1,51,6
237,0,1,0,0,1,0,1,48,6
350,0,1,0,0,1,0,1,41,6
783,0,1,0,0,1,0,1,39,6
215,0,1,0,0,1,0,1,44,6
514,0,1,0,0,1,0,1,49,6
607,0,1,0,0,1,0,0,47,6
879,0,1,0,0,1,0,1,39,6
551,0,1,0,0,1,0,1,45,6
729,0,1,0,0,1,0,1,48,6
413,0,1,0,0,1,0,1,51,6
494,0,1,0,0,1,0,1,40,6
596,0,1,0,0,1,0,1,59,6
333,0,1,0,0,1,0,1,43,6
737,0,1,0,0,1,0,1,39,6
264,0,1,0,0,1,0,1,59,6
333,0,1,0,0,1,0,1,56,6
484,0,1,0,0,1,0,1,50,6
450,0,1,0,0,1,0,1,59,6
120,0,1,0,0,1,0,1,44,6
828,0,1,0,0,1,0,1,45,6
540,0,1,0,0,1,0,1,62,6
258,0,1,0,0,1,0,0,44,6
269,0,1,0,0,1,0,1,41,6
885,0,1,0,0,1,0,1,41,6
1157,0,1,0,0,1,0,1,42,6
714,0,1,0,0,1,0,1,47,6
409,0,1,0,0,1,0,1,39,6
887,0,1,0,0,1,0,1,55,6
218,0,1,0,0,1,0,1,52,6
259,0,1,0,0,1,0,1,49,6
836,0,1,0,0,1,0,0,46,6
2530,0,1,0,0,1,0,1,58,6
400,0,1,0,0,1,0,1,44,6
530,0,1,0,0,1,0,1,52,6
277,0,1,0,0,1,0,1,47,6
1232,0,1,0,0,1,0,1,55,6
608,0,1,0,0,1,0,1,40,6
715,0,1,0,0,1,0,0,52,6
277,0,1,0,0,1,0,1,53,6
803,0,1,0,0,1,0,1,50,6
155,0,1,0,0,1,0,1,58,6
839,0,1,0,0,1,0,1,43,6
314,0,1,0,0,1,0,1,62,6
208,0,1,0,0,1,0,1,59,6
423,0,1,0,0,1,0,1,39,6
626,0,1,0,0,1,0,1,49,6
339,0,1,0,0,1,0,1,41,6
500,0,1,0,0,1,0,1,44,6
1193,0,1,0,0,1,0,1,46,6
715,0,1,0,0,1,0,1,48,6
243,0,1,0,0,1,0,1,45,6
425,0,1,0,0,1,0,0,52,6
563,0,1,0,0,1,0,1,46,6
1173,0,1,0,0,1,0,0,44,6
877,0,1,0,0,1,0,1,43,6
247,0,1,0,0,1,0,1,55,6
1000,0,1,0,0,1,0,1,51,6
446,0,1,0,0,1,0,1,41,6
680,0,1,0,0,1,0,1,39,6
461,0,1,0,0,1,0,1,52,6
294,0,1,0,0,1,0,1,44,6
591,0,1,0,0,1,0,1,44,6
1013,0,1,0,0,1,0,1,62,6
2300,0,1,0,0,1,0,1,48,6
321,0,1,0,0,1,0,1,61,6
182,0,1,0,0,1,0,1,47,6
381,0,1,0,0,1,0,1,42,6
745,0,1,0,0,1,0,0,60,6
733,0,1,0,0,1,0,1,54,6
288,1,0,0,0,1,0,1,25,9
569,1,0,0,0,1,0,1,34,9
800,1,0,0,0,1,0,1,28,9
737,1,0,0,0,1,0,1,25,9
531,1,0,0,0,1,0,1,47,9
532,1,0,0,0,1,0,1,55,9
162,1,0,0,0,1,0,1,29,9
487,1,0,0,0,1,0,1,38,9
472,1,0,0,0,1,0,1,50,9
852,1,0,0,0,1,0,1,27,9
177,1,0,0,0,1,0,1,28,9
577,1,0,0,0,1,0,1,44,9
354,1,0,0,0,1,0,1,37,9
422,1,0,0,0,1,0,1,34,9
377,1,0,0,0,1,0,1,37,9
417,1,0,0,0,1,0,1,62,9
938,1,0,0,0,1,0,1,45,9
758,1,0,0,0,1,0,1,45,9
385,1,0,0,0,1,0,1,51,9
224,1,0,0,0,1,0,1,27,9
367,1,0,0,0,1,0,1,53,9
894,1,0,0,0,1,0,1,37,9
1009,1,0,0,0,1,0,1,36,9
352,1,0,0,0,1,0,1,36,9
411,1,0,0,0,1,0,1,57,9
852,1,0,0,0,1,0,1,28,9
381,1,0,0,0,1,0,1,47,9
376,1,0,0,0,1,0,1,25,9
425,1,0,0,0,1,0,1,37,9
768,1,0,0,0,1,0,1,48,9
680,1,0,0,0,1,0,1,28,9
173,1,0,0,0,1,0,1,31,9
959,1,0,0,0,1,0,1,36,9
882,1,0,0,0,1,0,1,53,9
1421,1,0,0,0,1,0,1,30,9
672,1,0,0,0,1,0,1,29,9
425,1,0,0,0,1,0,1,41,9
464,1,0,0,0,1,0,1,29,9
269,1,0,0,0,1,0,1,42,9
1137,1,0,0,0,1,0,1,45,9
840,1,0,0,0,1,0,1,32,9
449,1,0,0,0,1,0,1,50,9
382,1,0,0,0,1,0,1,37,9
1517,1,0,0,0,1,0,1,29,9
1694,1,0,0,0,1,0,1,31,9
713,1,0,0,0,1,0,1,22,9
682,1,0,0,0,1,0,1,39,9
1302,1,0,0,0,1,0,1,48,9
475,1,0,0,0,1,0,1,29,9
1197,1,0,0,0,1,0,1,26,9
333,1,0,0,0,1,0,1,29,9
1508,1,0,0,0,1,0,1,27,9
1088,1,0,0,0,1,0,1,60,9
862,1,0,0,0,1,0,1,34,9
163,1,0,0,0,1,0,1,35,9
270,1,0,0,0,1,0,1,50,9
659,1,0,0,0,1,0,1,25,9
134,1,0,0,0,1,0,1,28,9
269,1,0,0,0,1,0,1,38,9
1214,1,0,0,0,1,0,1,28,9
400,1,0,0,0,1,0,1,26,9
397,1,0,0,0,1,0,1,26,9
1121,1,0,0,0,1,0,1,24,9
612,1,0,0,0,1,0,1,36,9
346,1,0,0,0,1,0,1,26,9
740,1,0,0,0,1,0,1,21,9
305,1,0,0,0,1,0,1,38,9
819,1,0,0,0,1,0,1,55,9
246,1,0,0,0,1,0,1,26,9
408,1,0,0,0,1,0,1,49,9
618,1,0,0,0,1,0,1,34,9
259,1,0,0,0,1,0,1,21,9
1319,1,0,0,0,1,0,1,28,9
565,1,0,0,0,1,0,1,33,9
510,1,0,0,0,1,0,1,24,9
497,1,0,0,0,1,0,1,37,9
1892,1,0,0,0,1,0,1,47,9
446,1,0,0,0,1,0,1,54,9
379,1,0,0,0,1,0,1,36,9
488,1,0,0,0,1,0,1,73,9
504,1,0,0,0,1,0,1,32,9
386,1,0,0,0,1,0,1,36,9
163,1,0,0,0,1,0,1,29,9
883,1,0,0,0,1,0,1,31,9
568,1,0,0,0,1,0,1,26,9
452,1,0,0,0,1,0,1,33,9
568,1,0,0,0,1,0,1,54,9
336,1,0,0,0,1,0,1,40,9
405,1,0,0,0,1,0,1,40,9
866,1,0,0,0,1,0,1,27,9
447,1,0,0,0,1,0,1,29,9
992,1,0,0,0,1,0,1,19,9
163,1,0,0,0,1,0,1,35,9
451,1,0,0,0,1,0,1,63,9
539,1,0,0,0,1,0,1,46,9
495,1,0,0,0,1,0,1,18,9
234,1,0,0,0,1,0,1,34,9
362,1,0,0,0,1,0,1,26,9
175,1,0,0,0,1,0,1,32,9
443,1,0,0,0,1,0,1,40,9
245,1,0,0,0,1,0,1,43,9
503,1,0,0,0,1,0,1,53,9
1362,1,0,0,0,1,0,1,32,9
423,1,0,0,0,1,0,1,59,9
1205,1,0,0,0,1,0,1,38,9
629,1,0,0,0,1,0,1,59,9
734,1,0,0,0,1,0,1,56,9
486,1,0,0,0,1,0,1,57,9
733,1,0,0,0,1,0,1,36,9
981,1,0,0,0,1,0,1,36,9
419,1,0,0,0,1,0,1,27,9
617,1,0,0,0,1,0,1,39,9
493,1,0,0,0,1,0,1,26,9
628,1,0,0,0,1,0,1,50,9
821,1,0,0,0,1,0,1,48,9
410,1,0,0,0,1,0,1,42,9
364,1,0,0,0,1,0,1,29,9
388,1,0,0,0,1,0,1,26,9
348,1,0,0,0,1,0,1,57,9
815,1,0,0,0,1,0,1,42,9
841,1,0,0,0,1,0,1,28,9
673,1,0,0,0,1,0,1,26,9
814,1,0,0,0,1,0,1,22,9
275,1,0,0,0,1,0,1,27,9
193,1,0,0,0,1,0,1,34,9
320,1,0,0,0,1,0,1,29,9
374,1,0,0,0,1,0,1,51,9
122,1,0,0,0,1,0,1,42,9
225,1,0,0,0,1,0,1,50,9
223,1,0,0,0,1,0,1,41,9
171,1,0,0,0,1,0,1,43,9
209,1,0,0,0,1,0,1,46,9
450,1,0,0,0,1,0,1,40,9
991,1,0,0,0,1,0,1,49,9
1363,1,0,0,0,1,0,1,63,9
983,1,0,0,0,1,0,1,51,9
353,1,0,0,0,1,0,1,28,9
230,1,0,0,0,1,0,1,25,9
440,1,0,0,0,1,0,1,48,9
424,1,0,0,0,1,0,1,27,9
989,1,0,0,0,1,0,1,32,9
701,1,0,0,0,1,0,1,32,9
354,1,0,0,0,1,0,1,30,9
420,1,0,0,0,1,0,1,51,9
581,1,0,0,0,1,0,1,44,9
363,1,0,0,0,1,0,1,27,9
1064,1,0,0,0,1,0,1,28,9
970,1,0,0,0,1,0,1,33,9
640,1,0,0,0,1,0,1,57,9
1607,1,0,0,0,1,0,1,35,9
783,1,0,0,0,1,0,1,25,9
1432,1,0,0,0,1,0,1,47,9
361,1,0,0,0,1,0,1,36,9
326,1,0,0,0,1,0,1,64,9
364,1,0,0,0,1,0,1,41,9
441,1,0,0,0,1,0,1,35,9
428,1,0,0,0,1,0,1,42,9
327,1,0,0,0,1,0,1,27,9
823,1,0,0,0,1,0,1,23,9
699,1,0,0,0,1,0,1,34,9
1201,1,0,0,0,1,0,1,29,9
275,1,0,0,0,1,0,1,24,9
303,1,0,0,0,1,0,1,39,9
635,1,0,0,0,1,0,1,47,9
325,1,0,0,0,1,0,1,58,9
753,1,0,0,0,1,0,1,44,9
435,1,0,0,0,1,0,1,39,9
377,1,0,0,0,1,0,1,45,9
341,1,0,0,0,1,0,1,44,9
356,1,0,0,0,1,0,1,24,9
202,1,0,0,0,1,0,1,59,9
569,1,0,0,0,1,0,1,29,9
409,1,0,0,0,1,0,1,42,9
150,1,0,0,0,1,0,1,23,9
276,1,0,0,0,1,0,1,42,9
490,1,0,0,0,1,0,1,26,9
392,1,0,0,0,1,0,1,38,9
940,1,0,0,0,1,0,1,38,9
796,1,0,0,0,1,0,1,30,9
776,1,0,0,0,1,0,1,40,9
501,1,0,0,0,1,0,1,38,9
1615,1,0,0,0,1,0,1,35,9
208,1,0,0,0,1,0,1,36,9
752,1,0,0,0,1,0,1,25,9
177,1,0,0,0,1,0,1,39,9
804,1,0,0,0,1,0,1,47,9
493,1,0,0,0,1,0,1,54,9
831,1,0,0,0,1,0,1,33,9
476,1,0,0,0,1,0,1,41,9
166,1,0,0,0,1,0,1,21,9
609,1,0,0,0,1,0,1,23,9
535,1,0,0,0,1,0,1,28,9
763,1,0,0,0,1,0,1,30,9
151,1,0,0,0,1,0,1,42,9
451,1,0,0,0,1,0,1,52,9
584,1,0,0,0,1,0,1,55,9
1165,1,0,0,0,1,0,1,24,9
365,1,0,0,0,1,0,1,28,9
313,1,0,0,0,1,0,1,48,9
323,1,0,0,0,1,0,1,36,9
150,1,0,0,0,1,0,1,22,9
299,1,0,0,0,1,0,1,26,9
1044,1,0,0,0,1,0,1,35,9
328,1,0,0,0,1,0,1,35,9
684,1,0,0,0,1,0,1,24,9
634,1,0,0,0,1,0,1,51,9
137,1,0,0,0,1,0,1,20,9
758,1,0,0,0,1,0,1,34,9
392,1,0,0,0,1,0,1,57,9
315,1,0,0,0,1,0,1,40,9
885,1,0,0,0,1,0,1,43,9
511,1,0,0,0,1,0,1,57,9
476,1,0,0,0,1,0,1,47,9
207,1,0,0,0,1,0,1,21,9
389,1,0,0,0,1,0,1,26,9
249,1,0,0,0,1,0,1,42,9
908,1,0,0,0,1,0,1,29,9
487,1,0,0,0,1,0,1,26,9
465,1,0,0,0,1,0,1,23,9
224,1,0,0,0,1,0,1,34,9
701,1,0,0,0,1,0,1,26,9
349,1,0,0,0,1,0,1,23,9
563,1,0,0,0,1,0,1,59,9
789,1,0,0,0,1,0,1,50,9
293,1,0,0,0,1,0,1,48,9
347,1,0,0,0,1,0,1,26,9
793,1,0,0,0,1,0,1,25,9
1081,1,0,0,0,1,0,1,62,9
801,1,0,0,0,1,0,1,42,9
505,1,0,0,0,1,0,1,32,9
625,1,0,0,0,1,0,1,41,9
489,1,0,0,0,1,0,1,26,9
400,1,0,0,0,1,0,1,29,9
1295,1,0,0,0,1,0,1,27,9
312,1,0,0,0,1,0,1,35,9
708,1,0,0,0,1,0,1,39,9
1022,1,0,0,0,1,0,1,54,9
656,1,0,0,0,1,0,1,29,9
838,1,0,0,0,1,0,1,27,9
930,1,0,0,0,1,0,1,32,9
2860,1,0,0,0,1,0,1,48,9
859,1,0,0,0,1,0,1,30,9
554,1,0,0,0,1,0,1,55,9
953,1,0,0,0,1,0,1,58,9
385,1,0,0,0,1,0,1,24,9
219,1,0,0,0,1,0,1,59,9
354,1,0,0,0,1,0,1,25,9
341,1,0,0,0,1,0,1,26,9
393,1,0,0,0,1,0,1,30,9
274,1,0,0,0,1,0,1,35,9
762,1,0,0,0,1,0,1,23,9
498,1,0,0,0,1,0,1,54,9
308,1,0,0,0,1,0,1,32,9
632,1,0,0,0,1,0,1,45,9
655,1,0,0,0,1,0,1,49,9
144,1,0,0,0,1,0,1,42,9
246,1,0,0,0,1,0,1,20,9
417,1,0,0,0,1,0,1,41,9
357,1,0,0,0,1,0,1,34,9
810,1,0,0,0,1,0,1,51,9
252,1,0,0,0,1,0,1,54,9
1415,1,0,0,0,1,0,1,49,9
774,1,0,0,0,1,0,1,36,9
734,1,0,0,0,1,0,1,34,9
416,1,0,0,0,1,0,1,28,9
537,1,0,0,0,1,0,1,33,9
974,1,0,0,0,1,0,1,50,9
823,1,0,0,0,1,0,1,50,9
476,1,0,0,0,1,0,1,36,9
312,1,0,0,0,1,0,1,44,9
205,1,0,0,0,1,0,1,66,9
733,1,0,0,0,1,0,1,31,9
437,1,0,0,0,1,0,1,54,9
356,1,0,0,0,1,0,1,42,9
443,1,0,0,0,1,0,1,50,9
184,1,0,0,0,1,0,1,22,9
434,1,0,0,0,1,0,1,30,9
176,1,0,0,0,1,0,1,46,9
607,1,0,0,0,1,0,1,27,9
528,1,0,0,0,1,0,1,29,9
510,1,0,0,0,1,0,1,42,9
953,1,0,0,0,1,0,1,28,9
733,1,0,0,0,1,0,1,33,9
454,1,0,0,0,1,0,1,58,9
590,1,0,0,0,1,0,1,28,9
492,1,0,0,0,1,0,1,38,9
878,1,0,0,0,1,0,1,34,9
5,1,0,0,0,1,0,1,26,9
420,1,0,0,0,1,0,1,67,9
617,1,0,0,0,1,0,1,51,9
454,1,0,0,0,1,0,1,57,9
451,1,0,0,0,1,0,1,33,9
200,1,0,0,0,1,0,1,27,9
362,1,0,0,0,1,0,1,40,9
293,1,0,0,0,1,0,1,29,9
516,1,0,0,0,1,0,1,42,9
392,1,0,0,0,1,0,1,50,9
318,1,0,0,0,1,0,1,65,9
459,1,0,0,0,1,0,1,61,9
231,1,0,0,0,1,0,1,25,9
353,1,0,0,0,1,0,1,25,9
342,1,0,0,0,1,0,1,59,9
172,1,0,0,0,1,0,1,36,9
397,1,0,0,0,1,0,1,27,9
598,1,0,0,0,1,0,1,49,9
374,1,0,0,0,1,0,1,28,9
209,1,0,0,0,1,0,1,52,9
606,1,0,0,0,1,0,1,29,9
842,1,0,0,0,1,0,1,59,9
364,1,0,0,0,1,0,1,40,9
374,1,0,0,0,1,0,1,38,9
808,1,0,0,0,1,0,1,31,9
510,1,0,0,0,1,0,1,32,9
339,1,0,0,0,1,0,1,30,9
346,1,0,0,0,1,0,1,31,9
494,1,0,0,0,1,0,1,50,9
644,1,0,0,0,1,0,1,26,9
944,1,0,0,0,1,0,1,25,9
1227,1,0,0,0,1,0,1,49,9
753,1,0,0,0,1,0,1,55,9
285,1,0,0,0,1,0,1,46,9
562,1,0,0,0,1,0,1,41,9
1042,1,0,0,0,1,0,1,35,9
270,1,0,0,0,1,0,1,30,9
283,1,0,0,0,1,0,1,30,9
359,1,0,0,0,1,0,1,51,9
359,1,0,0,0,1,0,1,39,9
487,1,0,0,0,1,0,1,39,9
225,1,0,0,0,1,0,1,31,9
133,1,0,0,0,1,0,1,28,9
329,1,0,0,0,1,0,1,41,9
1514,1,0,0,0,1,0,1,27,9
611,1,0,0,0,1,0,1,39,9
166,1,0,0,0,1,0,1,18,9
647,1,0,0,0,1,0,1,45,9
389,1,0,0,0,1,0,1,26,9
380,1,0,0,0,1,0,1,34,9
606,1,0,0,0,1,0,1,50,9
444,1,0,0,0,1,0,1,41,9
600,1,0,0,0,1,0,1,50,9
548,1,0,0,0,1,0,1,32,9
388,1,0,0,0,1,0,1,42,9
609,1,0,0,0,1,0,1,55,9
505,1,0,0,0,1,0,1,37,9
202,1,0,0,0,1,0,1,31,9
693,1,0,0,0,1,0,1,41,9
389,1,0,0,0,1,0,1,41,9
599,1,0,0,0,1,0,1,28,9
864,1,0,0,0,1,0,1,28,9
458,1,0,0,0,1,0,1,29,9
970,1,0,0,0,1,0,1,27,9
737,1,0,0,0,1,0,1,47,9
414,1,0,0,0,1,0,1,33,9
376,1,0,0,0,1,0,1,27,9
358,1,0,0,0,1,0,1,28,9
513,1,0,0,0,1,0,1,41,9
639,1,0,0,0,1,0,1,35,9
343,1,0,0,0,1,0,1,35,9
719,1,0,0,0,1,0,1,42,9
1102,1,0,0,0,1,0,1,50,9
442,1,0,0,0,1,0,1,52,9
518,1,0,0,0,1,0,1,26,9
418,1,0,0,0,1,0,1,38,9
200,1,0,0,0,1,0,1,49,9
386,1,0,0,0,1,0,1,54,9
265,1,0,0,0,1,0,1,21,9
264,1,0,0,0,1,0,1,30,9
318,1,0,0,0,1,0,1,24,9
918,1,0,0,0,1,0,1,30,9
475,1,0,0,0,1,0,1,40,9
483,1,0,0,0,1,0,1,28,9
690,1,0,0,0,1,0,1,45,9
519,1,0,0,0,1,0,1,30,9
626,1,0,0,0,1,0,1,27,9
1713,1,0,0,0,1,0,1,48,9
1292,1,0,0,0,1,0,1,26,9
1150,1,0,0,0,1,0,1,32,9
687,1,0,0,0,1,0,1,50,9
311,1,0,0,0,1,0,1,26,9
1036,1,0,0,0,1,0,1,45,9
396,1,0,0,0,1,0,1,46,9
228,1,0,0,0,1,0,1,61,9
398,1,0,0,0,1,0,1,26,9
308,1,0,0,0,1,0,1,47,9
331,1,0,0,0,1,0,1,42,9
309,1,0,0,0,1,0,1,26,9
1540,1,0,0,0,1,0,1,36,9
627,1,0,0,0,1,0,1,30,9
479,1,0,0,0,1,0,1,60,9
208,1,0,0,0,1,0,1,24,9
255,1,0,0,0,1,0,1,50,9
1176,1,0,0,0,1,0,1,26,9
221,1,0,0,0,1,0,1,24,9
323,1,0,0,0,1,0,1,53,9
410,1,0,0,0,1,0,1,34,9
308,1,0,0,0,1,0,1,49,9
479,1,0,0,0,1,0,1,45,9
275,1,0,0,0,1,0,1,27,9
485,1,0,0,0,1,0,1,26,9
676,1,0,0,0,1,0,1,49,9
1299,1,0,0,0,1,0,1,56,9
573,1,0,0,0,1,0,1,36,9
460,1,0,0,0,1,0,1,27,9
573,1,0,0,0,1,0,1,54,9
255,1,0,0,0,1,0,1,32,9
724,1,0,0,0,1,0,1,31,9
501,1,0,0,0,1,0,1,46,9
686,1,0,0,0,1,0,1,42,9
266,1,0,0,0,1,0,1,50,9
1284,1,0,0,0,1,0,1,27,9
721,1,0,0,0,1,0,1,26,9
209,1,0,0,0,1,0,1,25,9
363,1,0,0,0,1,0,1,53,9
1312,1,0,0,0,1,0,1,29,9
435,1,0,0,0,1,0,1,38,9
351,1,0,0,0,1,0,1,24,9
242,1,0,0,0,1,0,1,28,9
450,1,0,0,0,1,0,1,38,9
812,1,0,0,0,1,0,1,29,9
407,1,0,0,0,1,0,1,56,9
377,1,0,0,0,1,0,1,43,9
155,1,0,0,0,1,0,1,49,9
455,1,0,0,0,1,0,1,29,9
873,1,0,0,0,1,0,1,59,9
866,1,0,0,0,1,0,1,54,9
189,1,0,0,0,1,0,1,60,9
559,1,0,0,0,1,0,1,46,9
197,1,0,0,0,1,0,1,25,9
693,1,0,0,0,1,0,1,30,9
1055,1,0,0,0,1,0,1,39,9
187,1,0,0,0,1,0,1,46,9
405,1,0,0,0,1,0,1,42,9
311,1,0,0,0,1,0,1,31,9
383,1,0,0,0,1,0,1,47,9
589,1,0,0,0,1,0,1,48,9
516,1,0,0,0,1,0,1,61,9
1522,1,0,0,0,1,0,1,59,9
456,1,0,0,0,1,0,1,52,9
148,1,0,0,0,1,0,1,31,9
408,1,0,0,0,1,0,1,32,9
238,1,0,0,0,1,0,1,22,9
777,1,0,0,0,1,0,1,37,9
350,1,0,0,0,1,0,1,29,9
292,1,0,0,0,1,0,1,31,9
614,1,0,0,0,1,0,1,55,9
693,1,0,0,0,1,0,1,47,9
363,1,0,0,0,1,0,1,59,9
908,1,0,0,0,1,0,1,23,9
661,1,0,0,0,1,0,1,25,9
206,1,0,0,0,1,0,1,51,9
1308,1,0,0,0,1,0,1,24,9
232,1,0,0,0,1,0,1,51,9
804,1,0,0,0,1,0,1,32,9
305,1,0,0,0,1,0,1,35,9
904,1,0,0,0,1,0,1,29,9
152,1,0,0,0,1,0,1,51,9
1076,1,0,0,0,1,0,1,36,9
474,1,0,0,0,1,0,1,31,9
828,1,0,0,0,1,0,1,32,9
532,1,0,0,0,1,0,1,30,9
512,1,0,0,0,1,0,1,47,9
308,1,0,0,0,1,0,1,51,9
928,1,0,0,0,1,0,1,47,9
913,1,0,0,0,1,0,1,26,9
439,1,0,0,0,1,0,1,59,9
303,1,0,0,0,1,0,1,39,9
386,1,0,0,0,1,0,1,58,9
116,1,0,0,0,1,0,1,22,9
876,1,0,0,0,1,0,1,28,9
272,1,0,0,0,1,0,1,45,9
404,1,0,0,0,1,0,1,26,9
973,1,0,0,0,1,0,1,58,9
629,1,0,0,0,1,0,1,61,9
220,1,0,0,0,1,0,1,59,9
310,1,0,0,0,1,0,1,56,9
1123,1,0,0,0,1,0,1,38,9
1308,1,0,0,0,1,0,1,48,9
815,1,0,0,0,1,0,1,45,9
381,1,0,0,0,1,0,1,43,9
140,1,0,0,0,1,0,1,34,9
181,1,0,0,0,1,0,1,59,9
273,1,0,0,0,1,0,1,38,9
528,1,0,0,0,1,0,1,33,9
448,1,0,0,0,1,0,1,29,9
797,1,0,0,0,1,0,1,23,9
349,1,0,0,0,1,0,1,30,9
893,1,0,0,0,1,0,1,38,9
777,1,0,0,0,1,0,1,25,9
193,1,0,0,0,1,0,1,38,9
329,1,0,0,0,1,0,1,37,9
708,1,0,0,0,1,0,1,50,9
377,1,0,0,0,1,0,1,49,9
943,1,0,0,0,1,0,1,50,9
1223,1,0,0,0,1,0,1,43,9
681,1,0,0,0,1,0,1,55,9
415,1,0,0,0,1,0,1,40,9
639,1,0,0,0,1,0,1,37,9
593,1,0,0,0,1,0,1,48,9
708,1,0,0,0,1,0,1,45,9
816,1,0,0,0,1,0,1,45,9
368,1,0,0,0,1,0,1,28,9
652,1,0,0,0,1,0,1,29,9
1172,1,0,0,0,1,0,1,31,9
340,1,0,0,0,1,0,1,58,9
489,1,0,0,0,1,0,1,26,9
760,1,0,0,0,1,0,1,30,9
602,1,0,0,0,1,0,1,36,9
594,1,0,0,0,1,0,1,42,9
888,1,0,0,0,1,0,1,29,9
1630,1,0,0,0,1,0,1,29,9
383,1,0,0,0,1,0,1,41,9
392,1,0,0,0,1,0,1,53,9
479,1,0,0,0,1,0,1,48,9
430,1,0,0,0,1,0,1,48,9
328,1,0,0,0,1,0,1,56,9
1638,1,0,0,0,1,0,1,34,9
599,1,0,0,0,1,0,1,41,9
792,1,0,0,0,1,0,1,32,9
1158,1,0,0,0,1,0,1,46,9
852,1,0,0,0,1,0,1,26,9
1200,1,0,0,0,1,0,1,60,9
1171,1,0,0,0,1,0,1,34,9
586,1,0,0,0,1,0,1,30,9
220,1,0,0,0,1,0,1,26,9
834,1,0,0,0,1,0,1,24,9
516,1,0,0,0,1,0,1,49,9
590,1,0,0,0,1,0,1,28,9
578,1,0,0,0,1,0,1,55,9
408,1,0,0,0,1,0,1,29,9
309,1,0,0,0,1,0,1,30,9
324,1,0,0,0,1,0,1,38,9
285,1,0,0,0,1,0,1,25,9
692,1,0,0,0,1,0,1,27,9
409,1,0,0,0,1,0,1,24,9
858,1,0,0,0,1,0,1,44,9
786,1,0,0,0,1,0,1,40,9
1052,1,0,0,0,1,0,1,59,9
222,1,0,0,0,1,0,1,25,9
223,1,0,0,0,1,0,1,44,9
566,1,0,0,0,1,0,1,29,9
908,1,0,0,0,1,0,1,32,9
355,1,0,0,0,1,0,1,34,9
375,1,0,0,0,1,0,1,21,9
988,1,0,0,0,1,0,1,54,9
490,1,0,0,0,1,0,1,30,9
169,1,0,0,0,1,0,1,48,9
462,1,0,0,0,1,0,1,38,9
170,1,0,0,0,1,0,1,24,9
789,1,0,0,0,1,0,1,29,9
200,1,0,0,0,1,0,1,48,9
524,1,0,0,0,1,0,1,24,9
963,1,0,0,0,1,0,1,31,9
637,1,0,0,0,1,0,1,25,9
214,1,0,0,0,1,0,1,49,9
457,1,0,0,0,1,0,1,39,9
708,1,0,0,0,1,0,1,39,9
747,1,0,0,0,1,0,1,30,9
362,1,0,0,0,1,0,1,30,9
194,1,0,0,0,1,0,1,48,9
373,1,0,0,0,1,0,1,51,9
689,1,0,0,0,1,0,1,63,9
963,1,0,0,0,1,0,1,30,9
392,1,0,0,0,1,0,1,29,9
2018,1,0,0,0,1,0,1,56,9
415,1,0,0,0,1,0,1,48,9
479,1,0,0,0,1,0,1,52,9
1308,1,0,0,0,1,0,1,26,9
106,1,0,0,0,1,0,1,38,9
582,1,0,0,0,1,0,1,37,9
761,1,0,0,0,1,0,1,41,9
583,1,0,0,0,1,0,1,45,9
292,1,0,0,0,1,0,1,38,9
469,1,0,0,0,1,0,1,46,9
831,1,0,0,0,1,0,1,33,9
212,1,0,0,0,1,0,1,28,9
229,1,0,0,0,1,0,1,39,9
289,1,0,0,0,1,0,1,38,9
543,1,0,0,0,1,0,1,38,9
1503,1,0,0,0,1,0,1,42,9
287,1,0,0,0,1,0,1,33,9
384,1,0,0,0,1,0,1,34,9
224,1,0,0,0,1,0,1,26,9
174,1,0,0,0,1,0,1,26,9
434,1,0,0,0,1,0,1,24,9
564,1,0,0,0,1,0,1,42,9
685,1,0,0,0,1,0,1,29,9
790,1,0,0,0,1,0,1,30,9
1195,1,0,0,0,1,0,1,38,9
748,1,0,0,0,1,0,1,45,9
485,1,0,0,0,1,0,1,37,9
589,1,0,0,0,1,0,1,30,9
584,1,0,0,0,1,0,1,37,9
498,1,0,0,0,1,0,1,36,9
752,1,0,0,0,1,0,1,55,9
812,1,0,0,0,1,0,1,31,9
413,1,0,0,0,1,0,1,40,9
336,1,0,0,0,1,0,1,24,9
336,1,0,0,0,1,0,1,50,9
809,1,0,0,0,1,0,1,32,9
609,1,0,0,0,1,0,1,51,9
273,1,0,0,0,1,0,1,29,9
482,1,0,0,0,1,0,1,42,9
245,1,0,0,0,1,0,1,38,9
577,1,0,0,0,1,0,1,29,9
769,1,0,0,0,1,0,1,21,9
1330,1,0,0,0,1,0,1,27,9
1494,1,0,0,0,1,0,1,26,9
361,1,0,0,0,1,0,1,24,9
116,1,0,0,0,1,0,1,47,9
103,1,0,0,0,1,0,1,24,9
476,1,0,0,0,1,0,1,45,9
722,1,0,0,0,1,0,1,45,9
366,1,0,0,0,1,0,1,32,9
452,1,0,0,0,1,0,1,40,9
512,1,0,0,0,1,0,1,28,9
869,1,0,0,0,1,0,1,31,9
414,1,0,0,0,1,0,1,38,9
1063,1,0,0,0,1,0,1,35,9
505,1,0,0,0,1,0,1,35,9
370,1,0,0,0,1,0,1,21,9
601,1,0,0,0,1,0,1,46,9
1216,1,0,0,0,1,0,1,33,9
479,1,0,0,0,1,0,1,54,9
592,1,0,0,0,1,0,1,36,9
617,1,0,0,0,1,0,1,53,9
703,1,0,0,0,1,0,1,30,9
1091,1,0,0,0,1,0,1,47,9
353,1,0,0,0,1,0,1,28,9
120,1,0,0,0,1,0,1,29,9
224,1,0,0,0,1,0,1,32,9
386,1,0,0,0,1,0,1,27,9
719,1,0,0,0,1,0,1,30,9
1025,1,0,0,0,1,0,1,35,9
330,1,0,0,0,1,0,1,36,9
400,1,0,0,0,1,0,1,38,9
826,1,0,0,0,1,0,1,47,9
83,1,0,0,0,1,0,1,39,9
308,1,0,0,0,1,0,1,35,9
379,1,0,0,0,1,0,1,29,9
676,1,0,0,0,1,0,1,32,9
573,1,0,0,0,1,0,1,37,9
764,1,0,0,0,1,0,1,36,9
319,1,0,0,0,1,0,1,64,9
408,1,0,0,0,1,0,1,32,9
1353,1,0,0,0,1,0,1,24,9
455,1,0,0,0,1,0,1,66,9
444,1,0,0,0,1,0,1,26,9
377,1,0,0,0,1,0,1,24,9
1049,1,0,0,0,1,0,1,66,9
433,1,0,0,0,1,0,1,51,9
771,1,0,0,0,1,0,1,32,9
328,1,0,0,0,1,0,1,33,9
315,1,0,0,0,1,0,1,43,9
788,1,0,0,0,1,0,1,31,9
1553,1,0,0,0,1,0,1,44,9
252,1,0,0,0,1,0,1,28,9
300,1,0,0,0,1,0,1,24,9
177,1,0,0,0,1,0,1,25,9
231,1,0,0,0,1,0,1,50,9
595,1,0,0,0,1,0,1,37,9
1120,1,0,0,0,1,0,1,27,9
484,1,0,0,0,1,0,1,25,9
928,1,0,0,0,1,0,1,44,9
255,1,0,0,0,1,0,1,33,9
566,1,0,0,0,1,0,1,48,9
653,1,0,0,0,1,0,1,49,9
373,1,0,0,0,1,0,1,24,9
680,1,0,0,0,1,0,1,58,9
438,1,0,0,0,1,0,1,35,9
212,1,0,0,0,1,0,1,46,9
266,1,0,0,0,1,0,1,31,9
188,1,0,0,0,1,0,1,32,9
489,1,0,0,0,1,0,1,28,9
1244,1,0,0,0,1,0,1,32,9
795,1,0,0,0,1,0,1,34,9
846,1,0,0,0,1,0,1,49,9
579,1,0,0,0,1,0,1,42,9
308,1,0,0,0,1,0,1,38,9
1430,1,0,0,0,1,0,1,31,9
283,1,0,0,0,1,0,1,44,9
310,1,0,0,0,1,0,1,33,9
332,1,0,0,0,1,0,1,35,9
1075,1,0,0,0,1,0,1,30,9
360,1,0,0,0,1,0,1,47,9
525,1,0,0,0,1,0,1,32,9
1510,1,0,0,0,1,0,1,22,9
580,1,0,0,0,1,0,1,46,9
949,1,0,0,0,1,0,1,33,9
663,1,0,0,0,1,0,1,59,9
403,1,0,0,0,1,0,1,38,9
517,1,0,0,0,1,0,1,24,9
280,1,0,0,0,1,0,1,28,9
322,1,0,0,0,1,0,1,26,9
707,1,0,0,0,1,0,1,31,9
261,1,0,0,0,1,0,1,28,9
356,1,0,0,0,1,0,1,53,9
941,1,0,0,0,1,0,1,23,9
1590,1,0,0,0,1,0,1,34,9
815,1,0,0,0,1,0,1,62,9
538,1,0,0,0,1,0,1,35,9
336,1,0,0,0,1,0,1,28,9
762,1,0,0,0,1,0,1,40,9
928,1,0,0,0,1,0,1,30,9
412,1,0,0,0,1,0,1,43,9
1971,1,0,0,0,1,0,1,20,9
792,1,0,0,0,1,0,1,42,9
342,1,0,0,0,1,0,1,50,9
906,1,0,0,0,1,0,1,28,9
421,1,0,0,0,1,0,1,27,9
808,1,0,0,0,1,0,1,51,9
268,1,0,0,0,1,0,1,22,9
353,1,0,0,0,1,0,1,19,9
161,1,0,0,0,1,0,1,29,9
729,1,0,0,0,1,0,1,48,9
416,1,0,0,0,1,0,1,49,9
386,1,0,0,0,1,0,1,29,9
708,1,0,0,0,1,0,1,27,9
1445,1,0,0,0,1,0,1,30,9
388,1,0,0,0,1,0,1,42,9
679,1,0,0,0,1,0,1,21,9
386,1,0,0,0,1,0,1,32,9
4,1,0,0,0,1,0,1,21,9
257,1,0,0,0,1,0,1,24,9
507,1,0,0,0,1,0,1,29,9
455,1,0,0,0,1,0,1,48,9
538,1,0,0,0,1,0,1,42,9
1234,1,0,0,0,1,0,1,24,9
430,1,0,0,0,1,0,1,42,9
342,1,0,0,0,1,0,1,23,9
316,1,0,0,0,1,0,1,27,9
398,1,0,0,0,1,0,1,54,9
642,1,0,0,0,1,0,1,51,9
751,1,0,0,0,1,0,1,36,9
420,1,0,0,0,1,0,1,40,9
333,1,0,0,0,1,0,1,29,9
702,1,0,0,0,1,0,1,52,9
371,1,0,0,0,1,0,1,46,9
875,1,0,0,0,1,0,1,33,9
1194,1,0,0,0,1,0,1,27,9
341,1,0,0,0,1,0,1,38,9
604,1,0,0,0,1,0,1,39,9
1162,1,0,0,0,1,0,1,60,9
742,1,0,0,0,1,0,1,41,9
267,1,0,0,0,1,0,1,25,9
148,1,0,0,0,1,0,1,30,9
6060,1,0,0,0,1,0,1,54,9
735,1,0,0,0,1,0,1,28,9
388,1,0,0,0,1,0,1,28,9
308,1,0,0,0,1,0,1,27,9
759,1,0,0,0,1,0,1,47,9
496,1,0,0,0,1,0,1,40,9
376,1,0,0,0,1,0,1,46,9
554,1,0,0,0,1,0,1,23,9
692,1,0,0,0,1,0,1,46,9
276,1,0,0,0,1,0,1,25,9
983,1,0,0,0,1,0,1,25,9
916,1,0,0,0,1,0,1,47,9
730,1,0,0,0,1,0,1,37,9
404,1,0,0,0,1,0,1,38,9
565,1,0,0,0,1,0,1,29,9
588,1,0,0,0,1,0,1,61,9
205,1,0,0,0,1,0,1,19,9
603,1,0,0,0,1,0,1,26,9
580,1,0,0,0,1,0,1,22,9
496,1,0,0,0,1,0,1,52,9
564,1,0,0,0,1,0,1,19,9
580,1,0,0,0,1,0,1,39,9
769,1,0,0,0,1,0,1,54,9
1066,1,0,0,0,1,0,1,28,9
1197,1,0,0,0,1,0,1,58,9
641,1,0,0,0,1,0,1,25,9
273,1,0,0,0,1,0,1,29,9
1221,1,0,0,0,1,0,1,35,9
689,1,0,0,0,1,0,1,31,9
296,1,0,0,0,1,0,1,53,9
1358,1,0,0,0,1,0,1,41,9
680,1,0,0,0,1,0,1,32,9
154,1,0,0,0,1,0,1,46,9
583,1,0,0,0,1,0,1,35,9
1154,1,0,0,0,1,0,1,32,9
285,1,0,0,0,1,0,1,47,9
186,1,0,0,0,1,0,1,28,9
327,1,0,0,0,1,0,1,25,9
362,1,0,0,0,1,0,1,33,9
185,1,0,0,0,1,0,1,30,9
98,1,0,0,0,1,0,1,57,9
334,1,0,0,0,1,0,1,45,9
443,1,0,0,0,1,0,1,36,9
1592,1,0,0,0,1,0,1,46,9
106,1,0,0,0,1,0,1,23,9
361,1,0,0,0,1,0,1,46,9
912,1,0,0,0,1,0,1,27,9
1185,1,0,0,0,1,0,1,31,9
39,1,0,0,0,1,0,1,65,9
397,1,0,0,0,1,0,1,25,9
471,1,0,0,0,1,0,1,28,9
183,1,0,0,0,1,0,1,46,9
573,1,0,0,0,1,0,1,42,9
483,1,0,0,0,1,0,1,21,9
532,1,0,0,0,1,0,1,38,9
397,1,0,0,0,1,0,1,42,9
396,1,0,0,0,1,0,1,32,9
699,1,0,0,0,1,0,1,43,9
435,1,0,0,0,1,0,1,28,9
301,1,0,0,0,1,0,1,39,9
971,1,0,0,0,1,0,1,33,9
979,1,0,0,0,1,0,1,27,9
343,1,0,0,0,1,0,1,26,9
127,1,0,0,0,1,0,1,30,9
420,1,0,0,0,1,0,1,30,9
397,1,0,0,0,1,0,1,30,9
368,1,0,0,0,1,0,1,50,9
353,1,0,0,0,1,0,1,30,9
879,1,0,0,0,1,0,1,73,9
552,1,0,0,0,1,0,1,24,9
300,1,0,0,0,1,0,1,34,9
584,1,0,0,0,1,0,1,61,9
125,1,0,0,0,1,0,1,42,9
476,1,0,0,0,1,0,1,39,9
597,1,0,0,0,1,0,1,46,9
507,1,0,0,0,1,0,1,26,9
505,1,0,0,0,1,0,1,26,9
354,1,0,0,0,1,0,1,23,9
645,1,0,0,0,1,0,1,61,9
383,1,0,0,0,1,0,1,51,9
743,1,0,0,0,1,0,1,42,9
1249,1,0,0,0,1,0,1,29,9
823,1,0,0,0,1,0,1,25,9
726,1,0,0,0,1,0,1,59,9
332,1,0,0,0,1,0,1,20,9
31,1,0,0,0,1,0,1,42,9
643,1,0,0,0,1,0,1,48,9
869,1,0,0,0,1,0,1,24,9
615,1,0,0,0,1,0,1,30,9
124,1,0,0,0,1,0,1,23,9
459,1,0,0,0,1,0,1,23,9
585,1,0,0,0,1,0,1,28,9
457,1,0,0,0,1,0,1,28,9
834,1,0,0,0,1,0,1,57,9
772,1,0,0,0,1,0,1,59,9
365,1,0,0,0,1,0,1,24,9
527,1,0,0,0,1,0,1,37,9
217,1,0,0,0,1,0,1,20,9
609,1,0,0,0,1,0,1,37,9
807,1,0,0,0,1,0,1,49,9
560,1,0,0,0,1,0,1,48,9
354,1,0,0,0,1,0,1,27,9
381,1,0,0,0,1,0,1,39,9
1016,1,0,0,0,1,0,1,50,9
826,1,0,0,0,1,0,1,45,9
635,1,0,0,0,1,0,1,29,9
422,1,0,0,0,1,0,1,38,9
610,1,0,0,0,1,0,1,41,9
349,1,0,0,0,1,0,1,51,9
868,1,0,0,0,1,0,1,42,9
582,1,0,0,0,1,0,1,26,9
653,1,0,0,0,1,0,1,37,9
1222,1,0,0,0,1,0,1,24,9
204,1,0,0,0,1,0,1,20,9
319,1,0,0,0,1,0,1,50,9
147,1,0,0,0,1,0,1,35,9
341,1,0,0,0,1,0,1,49,9
1103,1,0,0,0,1,0,1,35,9
568,1,0,0,0,1,0,1,49,9
179,1,0,0,0,1,0,1,29,9
260,1,0,0,0,1,0,1,47,9
1294,1,0,0,0,1,0,1,58,9
573,1,0,0,0,1,0,1,40,9
469,1,0,0,0,1,0,1,29,9
534,1,0,0,0,1,0,1,35,9
1254,1,0,0,0,1,0,1,30,9
550,1,0,0,0,1,0,1,51,9
260,1,0,0,0,1,0,1,51,9
296,1,0,0,0,1,0,1,25,9
178,1,0,0,0,1,0,1,36,9
229,1,0,0,0,1,0,1,26,9
277,1,0,0,0,1,0,1,28,9
340,1,0,0,0,1,0,1,56,9
665,1,0,0,0,1,0,1,28,9
456,1,0,0,0,1,0,1,33,9
185,1,0,0,0,1,0,1,28,9
1136,1,0,0,0,1,0,1,31,9
269,1,0,0,0,1,0,1,29,9
496,1,0,0,0,1,0,1,26,9
926,1,0,0,0,1,0,1,41,9
1150,1,0,0,0,1,0,1,50,9
946,1,0,0,0,1,0,1,58,9
456,1,0,0,0,1,0,1,41,9
585,1,0,0,0,1,0,1,47,9
838,1,0,0,0,1,0,1,25,9
221,1,0,0,0,1,0,1,29,9
535,1,0,0,0,1,0,1,37,9
566,1,0,0,0,1,0,1,59,9
574,1,0,0,0,1,0,1,46,9
842,1,0,0,0,1,0,1,20,9
1173,1,0,0,0,1,0,1,52,9
1244,1,0,0,0,1,0,1,38,9
602,1,0,0,0,1,0,1,26,9
566,1,0,0,0,1,0,1,26,9
841,1,0,0,0,1,0,1,31,9
332,1,0,0,0,1,0,1,55,9
769,1,0,0,0,1,0,1,31,9
476,1,0,0,0,1,0,1,46,9
961,1,0,0,0,1,0,1,50,9
568,1,0,0,0,1,0,1,52,9
142,1,0,0,0,1,0,1,44,9
118,1,0,0,0,1,0,1,30,9
363,1,0,0,0,1,0,1,28,9
909,1,0,0,0,1,0,1,41,9
798,1,0,0,0,1,0,1,26,9
272,1,0,0,0,1,0,1,44,9
827,1,0,0,0,1,0,1,41,9
176,1,0,0,0,1,0,1,27,9
1197,1,0,0,0,1,0,1,41,9
253,1,0,0,0,1,0,1,23,9
824,1,0,0,0,1,0,1,51,9
909,1,0,0,0,1,0,1,25,9
85,1,0,0,0,1,0,1,39,9
1671,1,0,0,0,1,0,1,66,9
1488,1,0,0,0,1,0,1,28,9
251,1,0,0,0,1,0,1,25,9
611,1,0,0,0,1,0,1,28,9
147,1,0,0,0,1,0,1,47,9
688,1,0,0,0,1,0,1,49,9
1084,1,0,0,0,1,0,1,31,9
419,1,0,0,0,1,0,1,51,9
138,1,0,0,0,1,0,1,61,9
321,1,0,0,0,1,0,1,43,9
227,1,0,0,0,1,0,1,19,9
456,1,0,0,0,1,0,1,37,9
241,1,0,0,0,1,0,1,37,9
184,1,0,0,0,1,0,1,27,9
276,1,0,0,0,1,0,1,33,9
546,1,0,0,0,1,0,1,54,9
451,1,0,0,0,1,0,1,57,9
949,1,0,0,0,1,0,1,32,9
165,1,0,0,0,1,0,1,30,9
651,1,0,0,0,1,0,1,34,9
857,1,0,0,0,1,0,1,58,9
203,1,0,0,0,1,0,1,26,9
693,1,0,0,0,1,0,1,41,9
313,1,0,0,0,1,0,1,36,9
665,1,0,0,0,1,0,1,56,9
807,1,0,0,0,1,0,1,32,9
565,1,0,0,0,1,0,1,42,9
959,1,0,0,0,1,0,1,27,9
796,1,0,0,0,1,0,1,45,9
239,1,0,0,0,1,0,1,25,9
15,1,0,0,0,1,0,1,29,9
1035,1,0,0,0,1,0,1,29,9
135,1,0,0,0,1,0,1,34,9
1104,1,0,0,0,1,0,1,28,9
530,1,0,0,0,1,0,1,53,9
118,1,0,0,0,1,0,1,30,9
460,1,0,0,0,1,0,1,29,9
606,1,0,0,0,1,0,1,21,9
357,1,0,0,0,1,0,1,29,9
505,1,0,0,0,1,0,1,28,9
597,1,0,0,0,1,0,1,33,9
494,1,0,0,0,1,0,1,34,9
548,1,0,0,0,1,0,1,35,9
403,1,0,0,0,1,0,1,36,9
278,1,0,0,0,1,0,1,25,9
519,1,0,0,0,1,0,1,37,9
835,1,0,0,0,1,0,1,34,9
630,1,0,0,0,1,0,1,25,9
98,1,0,0,0,1,0,1,38,9
429,1,0,0,0,1,0,1,53,9
802,1,0,0,0,1,0,1,42,9
286,1,0,0,0,1,0,1,44,9
474,1,0,0,0,1,0,1,49,9
320,1,0,0,0,1,0,1,54,9
686,1,0,0,0,1,0,1,36,9
1169,1,0,0,0,1,0,1,40,9
1103,1,0,0,0,1,0,1,39,9
405,1,0,0,0,1,0,1,56,9
480,1,0,0,0,1,0,1,43,9
152,1,0,0,0,1,0,1,38,9
364,1,0,0,0,1,0,1,37,9
476,1,0,0,0,1,0,1,36,9
259,1,0,0,0,1,0,1,38,9
537,1,0,0,0,1,0,1,25,9
1174,1,0,0,0,1,0,1,35,9
492,1,0,0,0,1,0,1,42,9
403,1,0,0,0,1,0,1,44,9
1315,1,0,0,0,1,0,1,44,9
475,1,0,0,0,1,0,1,27,9
857,1,0,0,0,1,0,1,30,9
446,1,0,0,0,1,0,1,27,9
675,1,0,0,0,1,0,1,31,9
369,1,0,0,0,1,0,1,28,9
873,1,0,0,0,1,0,1,25,9
394,1,0,0,0,1,0,1,23,9
756,1,0,0,0,1,0,1,34,9
575,1,0,0,0,1,0,1,31,9
483,1,0,0,0,1,0,1,32,9
501,1,0,0,0,1,0,1,35,9
520,1,0,0,0,1,0,1,28,9
716,1,0,0,0,1,0,1,25,9
721,1,0,0,0,1,0,1,36,9
344,1,0,0,0,1,0,1,29,9
729,1,0,0,0,1,0,1,45,9
730,1,0,0,0,1,0,1,29,9
1056,1,0,0,0,1,0,1,39,9
471,1,0,0,0,1,0,1,33,9
814,1,0,0,0,1,0,1,28,9
242,1,0,0,0,1,0,1,59,9
116,1,0,0,0,1,0,1,40,9
616,1,0,0,0,1,0,1,27,9
537,1,0,0,0,1,0,1,33,9
776,1,0,0,0,1,0,1,26,9
605,1,0,0,0,1,0,1,48,9
203,1,0,0,0,1,0,1,35,9
5,1,0,0,0,1,0,1,39,9
378,1,0,0,0,1,0,1,57,9
252,1,0,0,0,1,0,1,23,9
464,1,0,0,0,1,0,1,32,9
580,1,0,0,0,1,0,1,37,9
610,1,0,0,0,1,0,1,22,9
1082,1,0,0,0,1,0,1,37,9
527,1,0,0,0,1,0,1,53,9
542,1,0,0,0,1,0,1,44,9
493,1,0,0,0,1,0,1,32,9
983,1,0,0,0,1,0,1,32,9
948,1,0,0,0,1,0,1,51,9
430,1,0,0,0,1,0,1,28,9
408,1,0,0,0,1,0,1,37,9
130,1,0,0,0,1,0,1,27,9
752,1,0,0,0,1,0,1,27,9
120,1,0,0,0,1,0,1,28,9
601,1,0,0,0,1,0,1,62,9
445,1,0,0,0,1,0,1,38,9
528,1,0,0,0,1,0,1,34,9
291,1,0,0,0,1,0,1,24,9
462,1,0,0,0,1,0,1,54,9
1342,1,0,0,0,1,0,1,27,9
201,1,0,0,0,1,0,1,29,9
241,1,0,0,0,1,0,1,24,9
221,1,0,0,0,1,0,1,31,9
1302,1,0,0,0,1,0,1,21,9
212,1,0,0,0,1,0,1,43,9
270,1,0,0,0,1,0,1,40,9
165,1,0,0,0,1,0,1,36,9
212,1,0,0,0,1,0,1,35,9
1486,1,0,0,0,1,0,1,23,9
1027,1,0,0,0,1,0,1,59,9
1566,1,0,0,0,1,0,1,60,9
781,1,0,0,0,1,0,1,28,9
854,1,0,0,0,1,0,1,29,9
371,1,0,0,0,1,0,1,42,9
1016,1,0,0,0,1,0,1,23,9
617,1,0,0,0,1,0,1,22,9
925,1,0,0,0,1,0,1,37,9
765,1,0,0,0,1,0,1,52,9
757,1,0,0,0,1,0,1,32,9
814,1,0,0,0,1,0,1,31,9
530,1,0,0,0,1,0,1,41,9
648,1,0,0,0,1,0,1,26,9
1326,1,0,0,0,1,0,1,48,9
456,1,0,0,0,1,0,1,26,9
909,1,0,0,0,1,0,1,66,9
541,1,0,0,0,1,0,1,18,9
383,1,0,0,0,1,0,1,37,9
482,1,0,0,0,1,0,1,34,9
348,1,0,0,0,1,0,1,45,9
298,1,0,0,0,1,0,1,30,9
609,1,0,0,0,1,0,1,49,9
1348,1,0,0,0,1,0,1,31,9
310,1,0,0,0,1,0,1,24,9
244,1,0,0,0,1,0,1,36,9
865,1,0,0,0,1,0,1,29,9
149,1,0,0,0,1,0,1,29,9
293,1,0,0,0,1,0,1,54,9
414,1,0,0,0,1,0,1,18,9
435,1,0,0,0,1,0,1,57,9
1607,1,0,0,0,1,0,1,46,9
617,1,0,0,0,1,0,1,44,9
524,1,0,0,0,1,0,1,29,9
587,1,0,0,0,1,0,1,30,9
889,1,0,0,0,1,0,1,57,9
308,1,0,0,0,1,0,1,50,9
574,1,0,0,0,1,0,1,31,9
265,1,0,0,0,1,0,1,25,9
712,1,0,0,0,1,0,1,55,9
269,1,0,0,0,1,0,1,25,9
672,1,0,0,0,1,0,1,41,9
362,1,0,0,0,1,0,1,29,9
480,1,0,0,0,1,0,1,41,9
371,1,0,0,0,1,0,1,42,9
111,1,0,0,0,1,0,1,29,9
429,1,0,0,0,1,0,1,33,9
224,1,0,0,0,1,0,1,18,9
203,1,0,0,0,1,0,1,32,9
480,1,0,0,0,1,0,1,26,9
437,1,0,0,0,1,0,1,42,9
282,1,0,0,0,1,0,1,26,9
601,1,0,0,0,1,0,1,39,9
338,1,0,0,0,1,0,1,39,9
864,1,0,0,0,1,0,1,53,9
321,1,0,0,0,1,0,1,26,9
293,1,0,0,0,1,0,1,37,9
765,1,0,0,0,1,0,1,23,9
1051,1,0,0,0,1,0,1,27,9
258,1,0,0,0,1,0,1,37,9
622,1,0,0,0,1,0,1,49,9
797,1,0,0,0,1,0,1,27,9
200,1,0,0,0,1,0,1,37,9
386,1,0,0,0,1,0,1,48,9
859,1,0,0,0,1,0,1,33,9
719,1,0,0,0,1,0,1,45,9
352,1,0,0,0,1,0,1,28,9
1029,1,0,0,0,1,0,1,39,9
317,1,0,0,0,1,0,1,27,9
265,1,0,0,0,1,0,1,49,9
627,1,0,0,0,1,0,1,51,9
407,1,0,0,0,1,0,1,23,9
1905,1,0,0,0,1,0,1,30,9
1323,1,0,0,0,1,0,1,27,9
652,1,0,0,0,1,0,1,56,9
367,1,0,0,0,1,0,1,42,9
558,1,0,0,0,1,0,1,26,9
542,1,0,0,0,1,0,1,50,9
163,1,0,0,0,1,0,1,25,9
528,1,0,0,0,1,0,1,23,9
430,1,0,0,0,1,0,1,33,9
423,1,0,0,0,1,0,1,31,9
1361,1,0,0,0,1,0,1,28,9
612,1,0,0,0,1,0,1,30,9
837,1,0,0,0,1,0,1,55,9
330,1,0,0,0,1,0,1,24,9
412,1,0,0,0,1,0,1,51,9
621,1,0,0,0,1,0,1,54,9
136,1,0,0,0,1,0,1,40,9
497,1,0,0,0,1,0,1,31,9
796,1,0,0,0,1,0,1,30,9
358,1,0,0,0,1,0,1,43,9
759,1,0,0,0,1,0,1,41,9
1124,1,0,0,0,1,0,1,28,9
573,1,0,0,0,1,0,1,36,9
1012,1,0,0,0,1,0,1,45,9
497,1,0,0,0,1,0,1,37,9
826,1,0,0,0,1,0,1,53,9
368,1,0,0,0,1,0,1,39,9
321,1,0,0,0,1,0,1,32,9
580,1,0,0,0,1,0,1,59,9
826,1,0,0,0,1,0,1,50,9
121,1,0,0,0,1,0,1,41,9
93,1,0,0,0,1,0,1,28,9
268,1,0,0,0,1,0,1,27,9
491,1,0,0,0,1,0,1,53,9
227,1,0,0,0,1,0,1,31,9
289,1,0,0,0,1,0,1,33,9
392,1,0,0,0,1,0,1,44,9
250,1,0,0,0,1,0,1,24,9
405,1,0,0,0,1,0,1,34,9
497,1,0,0,0,1,0,1,28,9
588,1,0,0,0,1,0,1,42,9
712,1,0,0,0,1,0,1,33,9
1091,1,0,0,0,1,0,1,28,9
160,1,0,0,0,1,0,1,20,9
794,1,0,0,0,1,0,1,39,9
158,1,0,0,0,1,0,1,51,9
356,1,0,0,0,1,0,1,43,9
314,1,0,0,0,1,0,1,45,9
567,1,0,0,0,1,0,1,23,9
181,1,0,0,0,1,0,1,32,9
288,1,0,0,0,1,0,1,26,9
264,1,0,0,0,1,0,1,24,9
350,1,0,0,0,1,0,1,42,9
221,1,0,0,0,1,0,1,36,9
223,1,0,0,0,1,0,1,23,9
1184,1,0,0,0,1,0,1,29,9
523,1,0,0,0,1,0,1,43,9
213,1,0,0,0,1,0,1,25,9
311,1,0,0,0,1,0,1,32,9
1201,1,0,0,0,1,0,1,32,9
1048,1,0,0,0,1,0,1,27,9
199,1,0,0,0,1,0,1,26,9
431,1,0,0,0,1,0,1,39,9
372,1,0,0,0,1,0,1,37,9
167,1,0,0,0,1,0,1,26,9
446,1,0,0,0,1,0,1,43,9
1003,1,0,0,0,1,0,1,40,9
840,1,0,0,0,1,0,1,41,9
664,1,0,0,0,1,0,1,29,9
478,1,0,0,0,1,0,1,29,9
717,1,0,0,0,1,0,1,30,9
832,1,0,0,0,1,0,1,29,9
450,1,0,0,0,1,0,1,42,9
679,1,0,0,0,1,0,1,55,9
271,1,0,0,0,1,0,1,31,9
1131,1,0,0,0,1,0,1,38,9
820,1,0,0,0,1,0,1,27,9
434,1,0,0,0,1,0,1,34,9
230,1,0,0,0,1,0,1,42,9
824,1,0,0,0,1,0,1,34,9
188,1,0,0,0,1,0,1,27,9
399,1,0,0,0,1,0,1,44,9
422,1,0,0,0,1,0,1,36,9
286,1,0,0,0,1,0,1,59,9
240,1,0,0,0,1,0,1,28,9
522,1,0,0,0,1,0,1,47,9
368,1,0,0,0,1,0,1,30,9
619,1,0,0,0,1,0,1,37,9
907,1,0,0,0,1,0,1,49,9
498,1,0,0,0,1,0,1,30,9
538,1,0,0,0,1,0,1,57,9
630,1,0,0,0,1,0,1,30,9
547,1,0,0,0,1,0,1,42,9
109,1,0,0,0,1,0,1,34,9
236,1,0,0,0,1,0,1,24,9
407,1,0,0,0,1,0,1,26,9
901,1,0,0,0,1,0,1,56,9
1281,1,0,0,0,1,0,1,22,9
1043,1,0,0,0,1,0,1,28,9
489,1,0,0,0,1,0,1,44,9
287,1,0,0,0,1,0,1,57,9
344,1,0,0,0,1,0,1,47,9
478,1,0,0,0,1,0,1,39,9
155,1,0,0,0,1,0,1,42,9
1048,1,0,0,0,1,0,1,50,9
238,1,0,0,0,1,0,1,33,9
726,1,0,0,0,1,0,1,29,9
364,1,0,0,0,1,0,1,24,9
833,1,0,0,0,1,0,1,59,9
402,1,0,0,0,1,0,1,36,9
572,1,0,0,0,1,0,1,29,9
1001,1,0,0,0,1,0,1,38,9
179,1,0,0,0,1,0,1,22,9
718,1,0,0,0,1,0,1,31,9
357,1,0,0,0,1,0,1,31,9
412,1,0,0,0,1,0,1,24,9
376,1,0,0,0,1,0,1,28,9
430,1,0,0,0,1,0,1,55,9
132,1,0,0,0,1,0,1,26,9
518,1,0,0,0,1,0,1,27,9
800,1,0,0,0,1,0,1,50,9
523,1,0,0,0,1,0,1,37,9
406,1,0,0,0,1,0,1,38,9
513,1,0,0,0,1,0,1,44,9
304,1,0,0,0,1,0,1,33,9
405,1,0,0,0,1,0,1,41,9
293,1,0,0,0,1,0,1,33,9
326,1,0,0,0,1,0,1,29,9
314,1,0,0,0,1,0,1,34,9
1465,1,0,0,0,1,0,1,38,9
136,1,0,0,0,1,0,1,32,9
585,1,0,0,0,1,0,1,25,9
721,1,0,0,0,1,0,1,21,9
477,1,0,0,0,1,0,1,28,9
366,1,0,0,0,1,0,1,19,9
1168,1,0,0,0,1,0,1,35,9
647,1,0,0,0,1,0,1,46,9
239,1,0,0,0,1,0,1,46,9
340,1,0,0,0,1,0,1,24,9
1400,1,0,0,0,1,0,1,31,9
466,1,0,0,0,1,0,1,30,9
856,1,0,0,0,1,0,1,32,9
1376,1,0,0,0,1,0,1,62,9
537,1,0,0,0,1,0,1,49,9
571,1,0,0,0,1,0,1,32,9
528,1,0,0,0,1,0,1,65,9
241,1,0,0,0,1,0,1,30,9
804,1,0,0,0,1,0,1,57,9
726,1,0,0,0,1,0,1,39,9
687,1,0,0,0,1,0,1,29,9
356,1,0,0,0,1,0,1,46,9
615,1,0,0,0,1,0,1,25,9
396,1,0,0,0,1,0,1,40,9
438,1,0,0,0,1,0,1,38,9
143,1,0,0,0,1,0,1,44,9
737,1,0,0,0,1,0,1,27,9
524,1,0,0,0,1,0,1,26,9
1350,1,0,0,0,1,0,1,59,9
646,1,0,0,0,1,0,1,60,9
305,1,0,0,0,1,0,1,65,9
350,1,0,0,0,1,0,1,37,9
361,1,0,0,0,1,0,1,53,9
432,1,0,0,0,1,0,1,32,9
451,1,0,0,0,1,0,1,50,9
750,1,0,0,0,1,0,1,34,9
141,1,0,0,0,1,0,1,25,9
1149,1,0,0,0,1,0,1,37,9
662,1,0,0,0,1,0,1,29,9
292,1,0,0,0,1,0,1,24,9
658,1,0,0,0,1,0,1,35,9
644,1,0,0,0,1,0,1,22,9
344,1,0,0,0,1,0,1,35,9
400,1,0,0,0,1,0,1,44,9
423,1,0,0,0,1,0,1,27,9
718,1,0,0,0,1,0,1,56,9
146,1,0,0,0,1,0,1,58,9
616,1,0,0,0,1,0,1,41,9
247,1,0,0,0,1,0,1,37,9
1608,1,0,0,0,1,0,1,28,9
100,1,0,0,0,1,0,1,39,9
511,1,0,0,0,1,0,1,27,9
297,1,0,0,0,1,0,1,28,9
632,1,0,0,0,1,0,1,34,9
96,1,0,0,0,1,0,1,23,9
465,1,0,0,0,1,0,1,65,9
308,1,0,0,0,1,0,1,37,9
416,1,0,0,0,1,0,1,39,9
734,1,0,0,0,1,0,1,32,9
336,1,0,0,0,1,0,1,25,9
616,1,0,0,0,1,0,1,26,9
137,1,0,0,0,1,0,1,40,9
250,1,0,0,0,1,0,1,19,9
377,1,0,0,0,1,0,1,32,9
821,1,0,0,0,1,0,1,45,9
210,1,0,0,0,1,0,1,46,9
484,1,0,0,0,1,0,1,34,9
351,1,0,0,0,1,0,1,58,9
1272,1,0,0,0,1,0,1,46,9
297,1,0,0,0,1,0,1,54,9
1321,1,0,0,0,1,0,1,67,9
261,1,0,0,0,1,0,1,26,9
421,1,0,0,0,1,0,1,38,9
402,1,0,0,0,1,0,1,39,9
537,1,0,0,0,1,0,1,41,9
631,1,0,0,0,1,0,1,46,9
882,1,0,0,0,1,0,1,32,9
278,1,0,0,0,1,0,1,39,9
384,1,0,0,0,1,0,1,50,9
150,1,0,0,0,1,0,1,29,9
518,1,0,0,0,1,0,1,47,9
269,1,0,0,0,1,0,1,46,9
131,1,0,0,0,1,0,1,35,9
579,1,0,0,0,1,0,1,44,9
230,1,0,0,0,1,0,1,30,9
206,1,0,0,0,1,0,1,39,9
396,1,0,0,0,1,0,1,29,9
326,1,0,0,0,1,0,1,50,9
387,1,0,0,0,1,0,1,28,9
611,1,0,0,0,1,0,1,34,9
1273,1,0,0,0,1,0,1,42,9
521,1,0,0,0,1,0,1,42,9
565,1,0,0,0,1,0,1,28,9
535,1,0,0,0,1,0,1,49,9
143,1,0,0,0,1,0,1,39,9
737,1,0,0,0,1,0,1,62,9
472,1,0,0,0,1,0,1,38,9
484,1,0,0,0,1,0,1,26,9
224,1,0,0,0,1,0,1,36,9
1151,1,0,0,0,1,0,1,41,9
775,1,0,0,0,1,0,1,37,9
1914,1,0,0,0,1,0,1,25,9
668,1,0,0,0,1,0,1,44,9
588,1,0,0,0,1,0,1,48,9
256,1,0,0,0,1,0,1,46,9
589,1,0,0,0,1,0,1,36,9
385,1,0,0,0,1,0,1,39,9
843,1,0,0,0,1,0,1,40,9
221,1,0,0,0,1,0,1,51,9
374,1,0,0,0,1,0,1,35,9
167,1,0,0,0,1,0,1,34,9
1010,1,0,0,0,1,0,1,32,9
258,1,0,0,0,1,0,1,37,9
584,1,0,0,0,1,0,1,44,9
1121,1,0,0,0,1,0,1,28,9
698,1,0,0,0,1,0,1,51,9
486,1,0,0,0,1,0,1,38,9
447,1,0,0,0,1,0,1,43,9
1337,1,0,0,0,1,0,1,55,9
601,1,0,0,0,1,0,1,34,9
898,1,0,0,0,1,0,1,57,9
775,1,0,0,0,1,0,1,46,9
1067,1,0,0,0,1,0,1,30,9
393,1,0,0,0,1,0,1,26,9
192,1,0,0,0,1,0,1,59,9
254,1,0,0,0,1,0,1,20,9
572,1,0,0,0,1,0,1,51,9
575,1,0,0,0,1,0,1,46,9
205,1,0,0,0,1,0,1,34,9
859,1,0,0,0,1,0,1,45,9
272,1,0,0,0,1,0,1,26,9
191,1,0,0,0,1,0,1,51,9
410,1,0,0,0,1,0,1,41,9
234,1,0,0,0,1,0,1,30,9
221,1,0,0,0,1,0,1,29,9
544,1,0,0,0,1,0,1,37,9
517,1,0,0,0,1,0,1,32,9
225,1,0,0,0,1,0,1,47,9
860,1,0,0,0,1,0,1,24,9
652,1,0,0,0,1,0,1,51,9
522,1,0,0,0,1,0,1,35,9
385,1,0,0,0,1,0,1,42,9
650,1,0,0,0,1,0,1,43,9
327,1,0,0,0,1,0,1,25,9
308,1,0,0,0,1,0,1,33,9
442,1,0,0,0,1,0,1,38,9
182,1,0,0,0,1,0,1,27,9
311,1,0,0,0,1,0,1,38,9
692,1,0,0,0,1,0,1,50,9
523,1,0,0,0,1,0,1,41,9
358,1,0,0,0,1,0,1,61,9
454,1,0,0,0,1,0,1,38,9
273,1,0,0,0,1,0,1,28,9
240,1,0,0,0,1,0,1,51,9
568,1,0,0,0,1,0,1,40,9
287,1,0,0,0,1,0,1,37,9
231,1,0,0,0,1,0,1,73,9
178,1,0,0,0,1,0,1,21,9
97,1,0,0,0,1,0,1,59,9
345,1,0,0,0,1,0,1,24,9
181,1,0,0,0,1,0,1,37,9
512,1,0,0,0,1,0,1,49,9
1011,1,0,0,0,1,0,1,44,9
1599,1,0,0,0,1,0,1,59,9
969,1,0,0,0,1,0,1,23,9
444,1,0,0,0,1,0,1,22,9
224,1,0,0,0,1,0,1,24,9
475,1,0,0,0,1,0,1,19,9
332,1,0,0,0,1,0,1,32,9
850,1,0,0,0,1,0,1,41,9
423,1,0,0,0,1,0,1,29,9
656,1,0,0,0,1,0,1,31,9
782,1,0,0,0,1,0,1,62,9
442,1,0,0,0,1,0,1,46,9
214,1,0,0,0,1,0,1,26,9
881,1,0,0,0,1,0,1,33,9
645,1,0,0,0,1,0,1,24,9
897,1,0,0,0,1,0,1,33,9
553,1,0,0,0,1,0,1,41,9
873,1,0,0,0,1,0,1,29,9
342,1,0,0,0,1,0,1,59,9
1101,1,0,0,0,1,0,1,25,9
224,1,0,0,0,1,0,1,58,9
288,1,0,0,0,1,0,1,54,9
295,1,0,0,0,1,0,1,42,9
533,1,0,0,0,1,0,1,26,9
597,1,0,0,0,1,0,1,43,9
640,1,0,0,0,1,0,1,54,9
174,1,0,0,0,1,0,1,33,9
689,1,0,0,0,1,0,1,31,9
785,1,0,0,0,1,0,1,40,9
544,1,0,0,0,1,0,1,37,9
664,1,0,0,0,1,0,1,39,9
1320,1,0,0,0,1,0,1,29,9
367,1,0,0,0,1,0,1,43,9
16382,1,0,0,0,1,0,1,34,9
533,1,0,0,0,1,0,1,26,9
2740,1,0,0,0,1,0,1,59,9
600,1,0,0,0,1,0,1,34,9
617,1,0,0,0,1,0,1,51,9
335,1,0,0,0,1,0,1,23,9
977,1,0,0,0,1,0,1,23,9
170,1,0,0,0,1,0,1,60,9
692,1,0,0,0,1,0,1,41,9
607,1,0,0,0,1,0,1,39,9
476,1,0,0,0,1,0,1,22,9
370,1,0,0,0,1,0,1,28,9
661,1,0,0,0,1,0,1,46,9
398,1,0,0,0,1,0,1,25,9
506,1,0,0,0,1,0,1,37,9
234,1,0,0,0,1,0,1,30,9
654,1,0,0,0,1,0,1,28,9
613,1,0,0,0,1,0,1,39,9
207,1,0,0,0,1,0,1,45,9
605,1,0,0,0,1,0,1,55,9
356,1,0,0,0,1,0,1,40,9
793,1,0,0,0,1,0,1,23,9
329,1,0,0,0,1,0,1,52,9
462,1,0,0,0,1,0,1,27,9
738,1,0,0,0,1,0,1,30,9
238,1,0,0,0,1,0,1,35,9
406,1,0,0,0,1,0,1,42,9
704,1,0,0,0,1,0,1,54,9
588,1,0,0,0,1,0,1,28,9
1431,1,0,0,0,1,0,1,36,9
1489,1,0,0,0,1,0,1,39,9
304,1,0,0,0,1,0,1,27,9
1842,1,0,0,0,1,0,1,38,9
402,1,0,0,0,1,0,1,35,9
445,1,0,0,0,1,0,1,52,9
486,1,0,0,0,1,0,1,52,9
656,1,0,0,0,1,0,1,26,9
961,1,0,0,0,1,0,1,42,9
124,1,0,0,0,1,0,1,49,9
593,1,0,0,0,1,0,1,36,9
217,1,0,0,0,1,0,1,54,9
224,1,0,0,0,1,0,1,50,9
447,1,0,0,0,1,0,1,38,9
416,1,0,0,0,1,0,1,38,9
138,1,0,0,0,1,0,1,50,9
88,1,0,0,0,1,0,1,32,9
188,1,0,0,0,1,0,1,49,9
1114,1,0,0,0,1,0,1,47,9
203,1,0,0,0,1,0,1,20,9
457,1,0,0,0,1,0,1,35,9
476,1,0,0,0,1,0,1,37,9
976,1,0,0,0,1,0,1,47,9
236,1,0,0,0,1,0,1,33,9
683,1,0,0,0,1,0,1,35,9
232,1,0,0,0,1,0,1,25,9
435,1,0,0,0,1,0,1,42,9
1197,1,0,0,0,1,0,1,27,9
341,1,0,0,0,1,0,1,27,9
291,1,0,0,0,1,0,1,23,9
561,1,0,0,0,1,0,1,32,9
