"Duration","Morning","Afternoon","Evening","Night","Weekday","Weekend","Male","Age","cluster"
592,0,0,1,0,1,0,1,60,1
490,0,0,1,0,1,0,1,25,1
502,0,0,1,0,1,0,0,29,1
817,0,0,1,0,1,0,0,26,1
441,0,0,1,0,1,0,0,55,1
472,0,0,1,0,1,0,1,36,1
377,0,0,1,0,1,0,1,24,1
345,0,0,1,0,1,0,1,55,1
408,0,0,1,0,1,0,0,32,1
470,0,0,1,0,1,0,1,27,1
1828,0,0,1,0,1,0,0,33,1
924,0,0,1,0,1,0,0,50,1
369,0,0,1,0,1,0,1,36,1
532,0,0,1,0,1,0,0,27,1
658,0,0,1,0,1,0,1,27,1
812,0,0,1,0,1,0,0,27,1
632,0,0,1,0,1,0,1,29,1
551,0,0,1,0,1,0,0,21,1
406,0,0,1,0,1,0,1,59,1
439,0,0,1,0,1,0,1,23,1
285,0,0,1,0,1,0,1,31,1
1191,0,0,1,0,1,0,1,22,1
492,0,0,1,0,1,0,1,65,1
415,0,0,1,0,1,0,1,45,1
281,0,0,1,0,1,0,1,59,1
275,0,0,1,0,1,0,0,26,1
501,0,0,1,0,1,0,1,30,1
845,0,0,1,0,1,0,1,27,1
1754,0,0,1,0,1,0,1,55,1
971,0,0,1,0,1,0,1,24,1
1479,0,0,1,0,1,0,1,32,1
347,0,0,1,0,1,0,1,20,1
364,0,0,1,0,1,0,0,35,1
1089,0,0,1,0,1,0,0,35,1
529,0,0,1,0,1,0,1,25,1
300,0,0,1,0,1,0,1,40,1
1606,0,0,1,0,1,0,1,28,1
550,0,0,1,0,1,0,1,36,1
198,0,0,1,0,1,0,1,39,1
401,0,0,1,0,1,0,1,27,1
378,0,0,1,0,1,0,1,37,1
1118,0,0,1,0,1,0,1,25,1
1251,0,0,1,0,1,0,1,35,1
495,0,0,1,0,1,0,1,26,1
653,0,0,1,0,1,0,1,45,1
1064,0,0,1,0,1,0,1,23,1
661,0,0,1,0,1,0,0,27,1
465,0,0,1,0,1,0,1,38,1
244,0,0,1,0,1,0,1,44,1
685,0,0,1,0,1,0,1,53,1
1147,0,0,1,0,1,0,1,29,1
216,0,0,1,0,1,0,1,33,1
250,0,0,1,0,1,0,1,36,1
823,0,0,1,0,1,0,1,30,1
589,0,0,1,0,1,0,1,33,1
1659,0,0,1,0,1,0,1,25,1
634,0,0,1,0,1,0,0,32,1
768,0,0,1,0,1,0,0,35,1
930,0,0,1,0,1,0,1,25,1
1221,0,0,1,0,1,0,1,21,1
634,0,0,1,0,1,0,0,36,1
332,0,0,1,0,1,0,1,28,1
299,0,0,1,0,1,0,1,35,1
843,0,0,1,0,1,0,1,32,1
163,0,0,1,0,1,0,1,28,1
932,0,0,1,0,1,0,1,31,1
178,0,0,1,0,1,0,1,27,1
247,0,0,1,0,1,0,1,27,1
352,0,0,1,0,1,0,1,24,1
476,0,0,1,0,1,0,1,26,1
347,0,0,1,0,1,0,1,21,1
1103,0,0,1,0,1,0,1,30,1
1071,0,0,1,0,1,0,1,39,1
1645,0,0,1,0,1,0,1,30,1
851,0,0,1,0,1,0,0,30,1
1365,0,0,1,0,1,0,1,29,1
1048,0,0,1,0,1,0,1,26,1
759,0,0,1,0,1,0,1,26,1
735,0,0,1,0,1,0,1,30,1
617,0,0,1,0,1,0,1,49,1
386,0,0,1,0,1,0,1,43,1
444,0,0,1,0,1,0,1,42,1
2063,0,0,1,0,1,0,0,54,1
1026,0,0,1,0,1,0,1,34,1
656,0,0,1,0,1,0,1,25,1
667,0,0,1,0,1,0,0,27,1
572,0,0,1,0,1,0,0,27,1
29,0,0,1,0,1,0,1,35,1
441,0,0,1,0,1,0,1,24,1
934,0,0,1,0,1,0,1,26,1
550,0,0,1,0,1,0,1,24,1
236,0,0,1,0,1,0,0,21,1
713,0,0,1,0,1,0,1,46,1
942,0,0,1,0,1,0,0,34,1
276,0,0,1,0,1,0,1,33,1
481,0,0,1,0,1,0,1,29,1
914,0,0,1,0,1,0,1,28,1
480,0,0,1,0,1,0,1,24,1
974,0,0,1,0,1,0,1,38,1
1703,0,0,1,0,1,0,0,35,1
739,0,0,1,0,1,0,1,25,1
1307,0,0,1,0,1,0,1,27,1
614,0,0,1,0,1,0,1,27,1
902,0,0,1,0,1,0,1,25,1
1304,0,0,1,0,1,0,1,31,1
311,0,0,1,0,1,0,1,24,1
947,0,0,1,0,1,0,1,51,1
499,0,0,1,0,1,0,0,24,1
312,0,0,1,0,1,0,1,35,1
595,0,0,1,0,1,0,0,38,1
332,0,0,1,0,1,0,1,32,1
614,0,0,1,0,1,0,1,25,1
544,0,0,1,0,1,0,0,25,1
365,0,0,1,0,1,0,1,34,1
370,0,0,1,0,1,0,1,30,1
649,0,0,1,0,1,0,1,30,1
1004,0,0,1,0,1,0,1,29,1
791,0,0,1,0,1,0,1,36,1
704,0,0,1,0,1,0,0,35,1
1527,0,0,1,0,1,0,1,39,1
2444,0,0,1,0,1,0,1,28,1
1293,0,0,1,0,1,0,1,27,1
172,0,0,1,0,1,0,1,29,1
1146,0,0,1,0,1,0,0,44,1
270,0,0,1,0,1,0,1,33,1
1447,0,0,1,0,1,0,1,23,1
455,0,0,1,0,1,0,1,35,1
1010,0,0,1,0,1,0,0,32,1
339,0,0,1,0,1,0,1,30,1
174,0,0,1,0,1,0,0,28,1
1213,0,0,1,0,1,0,1,41,1
498,0,0,1,0,1,0,1,36,1
664,0,0,1,0,1,0,1,36,1
364,0,0,1,0,1,0,1,28,1
877,0,0,1,0,1,0,1,42,1
658,0,0,1,0,1,0,1,31,1
676,0,0,1,0,1,0,1,44,1
306,0,0,1,0,1,0,1,37,1
545,0,0,1,0,1,0,1,35,1
341,0,0,1,0,1,0,1,37,1
772,0,0,1,0,1,0,1,31,1
116,0,0,1,0,1,0,1,28,1
1273,0,0,1,0,1,0,0,34,1
1003,0,0,1,0,1,0,1,29,1
410,0,0,1,0,1,0,1,20,1
328,0,0,1,0,1,0,1,33,1
487,0,0,1,0,1,0,0,36,1
387,0,0,1,0,1,0,1,47,1
865,0,0,1,0,1,0,0,25,1
679,0,0,1,0,1,0,1,53,1
391,0,0,1,0,1,0,0,27,1
1102,0,0,1,0,1,0,1,45,1
770,0,0,1,0,1,0,0,35,1
778,0,0,1,0,1,0,0,38,1
255,0,0,1,0,1,0,1,21,1
1168,0,0,1,0,1,0,1,36,1
205,0,0,1,0,1,0,1,27,1
10,0,0,1,0,1,0,1,35,1
334,0,0,1,0,1,0,1,59,1
398,0,0,1,0,1,0,1,37,1
279,0,0,1,0,1,0,1,30,1
280,0,0,1,0,1,0,1,40,1
892,0,0,1,0,1,0,1,28,1
263,0,0,1,0,1,0,1,31,1
1161,0,0,1,0,1,0,1,28,1
805,0,0,1,0,1,0,1,28,1
749,0,0,1,0,1,0,1,24,1
363,0,0,1,0,1,0,1,37,1
1016,0,0,1,0,1,0,0,42,1
348,0,0,1,0,1,0,1,26,1
936,0,0,1,0,1,0,1,25,1
246,0,0,1,0,1,0,1,36,1
177,0,0,1,0,1,0,1,24,1
353,0,0,1,0,1,0,1,34,1
654,0,0,1,0,1,0,1,25,1
653,0,0,1,0,1,0,1,33,1
512,0,0,1,0,1,0,0,24,1
318,0,0,1,0,1,0,1,28,1
365,0,0,1,0,1,0,1,33,1
1254,0,0,1,0,1,0,1,55,1
174,0,0,1,0,1,0,1,50,1
286,0,0,1,0,1,0,1,22,1
1752,0,0,1,0,1,0,1,19,1
373,0,0,1,0,1,0,1,47,1
1132,0,0,1,0,1,0,1,34,1
920,0,0,1,0,1,0,1,34,1
487,0,0,1,0,1,0,1,29,1
498,0,0,1,0,1,0,0,27,1
567,0,0,1,0,1,0,1,37,1
494,0,0,1,0,1,0,1,20,1
327,0,0,1,0,1,0,1,21,1
620,0,0,1,0,1,0,1,33,1
1698,0,0,1,0,1,0,1,41,1
1190,0,0,1,0,1,0,1,32,1
606,0,0,1,0,1,0,0,25,1
449,0,0,1,0,1,0,1,26,1
287,0,0,1,0,1,0,1,23,1
1467,0,0,1,0,1,0,1,44,1
715,0,0,1,0,1,0,1,26,1
218,0,0,1,0,1,0,1,25,1
1149,0,0,1,0,1,0,1,32,1
327,0,0,1,0,1,0,1,42,1
436,0,0,1,0,1,0,1,33,1
502,0,0,1,0,1,0,1,26,1
652,0,0,1,0,1,0,1,27,1
435,0,0,1,0,1,0,1,41,1
1006,0,0,1,0,1,0,0,29,1
328,0,0,1,0,1,0,0,22,1
356,0,0,1,0,1,0,1,30,1
227,0,0,1,0,1,0,1,26,1
721,0,0,1,0,1,0,0,25,1
271,0,0,1,0,1,0,1,25,1
376,0,0,1,0,1,0,1,39,1
141,0,0,1,0,1,0,1,28,1
443,0,0,1,0,1,0,1,40,1
208,0,0,1,0,1,0,1,24,1
812,0,0,1,0,1,0,1,36,1
1101,0,0,1,0,1,0,1,33,1
713,0,0,1,0,1,0,1,29,1
766,0,0,1,0,1,0,1,22,1
154,0,0,1,0,1,0,1,24,1
885,0,0,1,0,1,0,1,31,1
532,0,0,1,0,1,0,1,32,1
587,0,0,1,0,1,0,1,34,1
392,0,0,1,0,1,0,1,34,1
223,0,0,1,0,1,0,0,54,1
567,0,0,1,0,1,0,1,33,1
1894,0,0,1,0,1,0,1,19,1
1846,0,0,1,0,1,0,0,35,1
388,0,0,1,0,1,0,1,44,1
179,0,0,1,0,1,0,1,49,1
1368,0,0,1,0,1,0,1,52,1
438,0,0,1,0,1,0,0,28,1
344,0,0,1,0,1,0,1,25,1
421,0,0,1,0,1,0,1,41,1
697,0,0,1,0,1,0,1,25,1
317,0,0,1,0,1,0,1,39,1
667,0,0,1,0,1,0,0,25,1
366,0,0,1,0,1,0,1,30,1
412,0,0,1,0,1,0,1,28,1
422,0,0,1,0,1,0,0,25,1
30,0,0,1,0,1,0,0,30,1
603,0,0,1,0,1,0,1,49,1
826,0,0,1,0,1,0,1,33,1
17,0,0,1,0,1,0,1,35,1
325,0,0,1,0,1,0,1,26,1
555,0,0,1,0,1,0,1,26,1
575,0,0,1,0,1,0,1,33,1
185,0,0,1,0,1,0,1,35,1
273,0,0,1,0,1,0,1,21,1
342,0,0,1,0,1,0,1,49,1
859,0,0,1,0,1,0,0,25,1
5400,0,0,1,0,1,0,1,32,1
474,0,0,1,0,1,0,1,33,1
505,0,0,1,0,1,0,1,28,1
915,0,0,1,0,1,0,1,24,1
1229,0,0,1,0,1,0,0,26,1
299,0,0,1,0,1,0,1,32,1
333,0,0,1,0,1,0,1,39,1
491,0,0,1,0,1,0,1,26,1
463,0,0,1,0,1,0,1,21,1
356,0,0,1,0,1,0,0,35,1
780,0,0,1,0,1,0,1,36,1
621,0,0,1,0,1,0,1,22,1
728,0,0,1,0,1,0,1,37,1
148,0,0,1,0,1,0,1,23,1
825,0,0,1,0,1,0,1,31,1
1719,0,0,1,0,1,0,1,28,1
839,0,0,1,0,1,0,1,41,1
494,0,0,1,0,1,0,1,28,1
322,0,0,1,0,1,0,0,45,1
1109,0,0,1,0,1,0,1,33,1
1707,0,0,1,0,1,0,1,32,1
644,0,0,1,0,1,0,1,25,1
218,0,0,1,0,1,0,1,38,1
383,0,0,1,0,1,0,1,48,1
839,0,0,1,0,1,0,1,30,1
3,0,0,1,0,1,0,1,25,1
724,0,0,1,0,1,0,1,39,1
1030,0,0,1,0,1,0,1,24,1
325,0,0,1,0,1,0,0,26,1
371,0,0,1,0,1,0,1,39,1
2768,0,0,1,0,1,0,0,36,1
1803,0,0,1,0,1,0,1,26,1
292,0,0,1,0,1,0,1,29,1
467,0,0,1,0,1,0,1,65,1
195,0,0,1,0,1,0,1,29,1
997,0,0,1,0,1,0,0,33,1
491,0,0,1,0,1,0,1,32,1
1038,0,0,1,0,1,0,1,21,1
445,0,0,1,0,1,0,1,27,1
100,0,0,1,0,1,0,1,27,1
1399,0,0,1,0,1,0,1,66,1
560,0,0,1,0,1,0,1,24,1
495,0,0,1,0,1,0,1,32,1
217,0,0,1,0,1,0,1,33,1
532,0,0,1,0,1,0,1,30,1
422,0,0,1,0,1,0,0,25,1
441,0,0,1,0,1,0,0,30,1
266,0,0,1,0,1,0,1,29,1
1010,0,0,1,0,1,0,1,24,1
485,0,0,1,0,1,0,1,31,1
665,0,0,1,0,1,0,1,41,1
563,0,0,1,0,1,0,1,24,1
502,0,0,1,0,1,0,0,34,1
973,0,0,1,0,1,0,0,31,1
420,0,0,1,0,1,0,1,26,1
1349,0,0,1,0,1,0,1,66,1
785,0,0,1,0,1,0,1,34,1
413,0,0,1,0,1,0,1,29,1
455,0,0,1,0,1,0,0,41,1
393,0,0,1,0,1,0,1,38,1
524,0,0,1,0,1,0,0,25,1
645,0,0,1,0,1,0,1,38,1
466,0,0,1,0,1,0,1,42,1
414,0,0,1,0,1,0,1,37,1
457,0,0,1,0,1,0,1,43,1
737,0,0,1,0,1,0,1,26,1
168,0,0,1,0,1,0,1,27,1
1172,0,0,1,0,1,0,1,37,1
330,0,0,1,0,1,0,1,30,1
200,0,0,1,0,1,0,1,52,1
1176,0,0,1,0,1,0,1,28,1
1182,0,0,1,0,1,0,0,32,1
597,0,0,1,0,1,0,1,28,1
295,0,0,1,0,1,0,1,49,1
658,0,0,1,0,1,0,1,35,1
818,0,0,1,0,1,0,1,30,1
176,0,0,1,0,1,0,1,40,1
1028,0,0,1,0,1,0,1,23,1
824,0,0,1,0,1,0,1,25,1
1135,0,0,1,0,1,0,1,46,1
1383,0,0,1,0,1,0,1,30,1
92,0,0,1,0,1,0,1,30,1
211,0,0,1,0,1,0,1,35,1
714,0,0,1,0,1,0,1,25,1
563,0,0,1,0,1,0,1,30,1
544,0,0,1,0,1,0,0,60,1
762,0,0,1,0,1,0,0,23,1
385,0,0,1,0,1,0,1,23,1
1670,0,0,1,0,1,0,0,21,1
1241,0,0,1,0,1,0,1,26,1
584,0,0,1,0,1,0,1,32,1
821,0,0,1,0,1,0,0,35,1
1227,0,0,1,0,1,0,1,42,1
761,0,0,1,0,1,0,1,27,1
445,0,0,1,0,1,0,0,27,1
1820,0,0,1,0,1,0,1,25,1
487,0,0,1,0,1,0,1,33,1
332,0,0,1,0,1,0,1,32,1
276,0,0,1,0,1,0,1,29,1
680,0,0,1,0,1,0,1,24,1
241,0,0,1,0,1,0,1,35,1
294,0,0,1,0,1,0,0,25,1
174,0,0,1,0,1,0,1,44,1
556,0,0,1,0,1,0,1,24,1
619,0,0,1,0,1,0,1,29,1
193,0,0,1,0,1,0,1,26,1
945,0,0,1,0,1,0,1,21,1
419,0,0,1,0,1,0,0,29,1
2120,0,0,1,0,1,0,1,56,1
670,0,0,1,0,1,0,1,47,1
529,0,0,1,0,1,0,1,57,1
306,0,0,1,0,1,0,1,29,1
534,0,0,1,0,1,0,1,41,1
671,0,0,1,0,1,0,1,34,1
6,0,0,1,0,1,0,1,26,1
1058,0,0,1,0,1,0,1,26,1
382,0,0,1,0,1,0,1,32,1
937,0,0,1,0,1,0,0,29,1
530,0,0,1,0,1,0,1,22,1
744,0,0,1,0,1,0,0,37,1
324,0,0,1,0,1,0,1,40,1
294,0,0,1,0,1,0,0,25,1
1175,0,0,1,0,1,0,1,31,1
584,0,0,1,0,1,0,1,25,1
690,0,0,1,0,1,0,0,24,1
1226,0,0,1,0,1,0,0,32,1
411,0,0,1,0,1,0,0,55,1
899,0,0,1,0,1,0,1,26,1
461,0,0,1,0,1,0,0,23,1
540,0,0,1,0,1,0,1,32,1
402,0,0,1,0,1,0,1,42,1
412,0,0,1,0,1,0,1,41,1
275,0,0,1,0,1,0,1,25,1
336,0,0,1,0,1,0,1,24,1
566,0,0,1,0,1,0,0,30,1
1221,0,0,1,0,1,0,1,24,1
618,0,0,1,0,1,0,1,27,1
697,0,0,1,0,1,0,1,41,1
250,0,0,1,0,1,0,1,30,1
807,0,0,1,0,1,0,1,27,1
1040,0,0,1,0,1,0,1,67,1
19,0,0,1,0,1,0,1,28,1
1459,0,0,1,0,1,0,1,27,1
226,0,0,1,0,1,0,0,34,1
654,0,0,1,0,1,0,1,21,1
684,0,0,1,0,1,0,0,28,1
401,0,0,1,0,1,0,1,34,1
283,0,0,1,0,1,0,1,27,1
821,0,0,1,0,1,0,1,54,1
944,0,0,1,0,1,0,1,31,1
432,0,0,1,0,1,0,1,37,1
823,0,0,1,0,1,0,1,45,1
303,0,0,1,0,1,0,1,27,1
914,0,0,1,0,1,0,0,24,1
894,0,0,1,0,1,0,1,33,1
401,0,0,1,0,1,0,0,28,1
568,0,0,1,0,1,0,1,42,1
694,0,0,1,0,1,0,1,25,1
709,0,0,1,0,1,0,0,29,1
170,0,0,1,0,1,0,1,38,1
337,0,0,1,0,1,0,1,20,1
893,0,0,1,0,1,0,1,50,1
2029,0,0,1,0,1,0,1,31,1
1411,0,0,1,0,1,0,0,30,1
939,0,0,1,0,1,0,0,27,1
1039,0,0,1,0,1,0,1,26,1
960,0,0,1,0,1,0,1,43,1
355,0,0,1,0,1,0,1,36,1
1044,0,0,1,0,1,0,1,28,1
946,0,0,1,0,1,0,1,36,1
1023,0,0,1,0,1,0,0,25,1
472,0,0,1,0,1,0,1,36,1
1124,0,0,1,0,1,0,0,65,1
331,0,0,1,0,1,0,1,46,1
385,0,0,1,0,1,0,1,21,1
270,0,0,1,0,1,0,1,36,1
780,0,0,1,0,1,0,0,34,1
732,0,0,1,0,1,0,1,47,1
612,0,0,1,0,1,0,1,48,1
800,0,0,1,0,1,0,0,35,1
370,0,0,1,0,1,0,1,26,1
250,0,0,1,0,1,0,1,24,1
1568,0,0,1,0,1,0,1,28,1
714,0,0,1,0,1,0,0,22,1
226,0,0,1,0,1,0,0,31,1
459,0,0,1,0,1,0,1,24,1
266,0,0,1,0,1,0,1,23,1
479,0,0,1,0,1,0,0,29,1
1549,0,0,1,0,1,0,1,26,1
1445,0,0,1,0,1,0,0,23,1
1003,0,0,1,0,1,0,0,28,1
708,0,0,1,0,1,0,1,26,1
848,0,0,1,0,1,0,1,38,1
523,0,0,1,0,1,0,0,37,1
944,0,0,1,0,1,0,1,32,1
414,0,0,1,0,1,0,1,29,1
486,0,0,1,0,1,0,1,21,1
283,0,0,1,0,1,0,0,28,1
395,0,0,1,0,1,0,1,43,1
473,0,0,1,0,1,0,0,31,1
2714,0,0,1,0,1,0,1,27,1
324,0,0,1,0,1,0,0,37,1
1775,0,0,1,0,1,0,0,41,1
224,0,0,1,0,1,0,1,26,1
290,0,0,1,0,1,0,1,24,1
440,0,0,1,0,1,0,0,26,1
8,0,0,1,0,1,0,0,24,1
226,0,0,1,0,1,0,1,32,1
758,0,0,1,0,1,0,1,38,1
668,0,0,1,0,1,0,1,45,1
954,0,0,1,0,1,0,1,23,1
477,0,0,1,0,1,0,1,25,1
567,0,0,1,0,1,0,1,28,1
1180,0,0,1,0,1,0,0,25,1
468,0,0,1,0,1,0,1,25,1
219,0,0,1,0,1,0,1,27,1
590,0,0,1,0,1,0,1,48,1
942,0,0,1,0,1,0,1,36,1
851,0,0,1,0,1,0,0,26,1
1018,0,0,1,0,1,0,0,45,1
638,0,0,1,0,1,0,1,27,1
337,0,0,1,0,1,0,1,29,1
664,0,0,1,0,1,0,1,28,1
708,0,0,1,0,1,0,0,29,1
1367,0,0,1,0,1,0,1,27,1
325,0,0,1,0,1,0,1,61,1
410,0,0,1,0,1,0,1,23,1
408,0,0,1,0,1,0,0,26,1
271,0,0,1,0,1,0,1,24,1
491,0,0,1,0,1,0,1,27,1
284,0,0,1,0,1,0,1,29,1
7,0,0,1,0,1,0,0,31,1
1030,0,0,1,0,1,0,0,32,1
1130,0,0,1,0,1,0,1,21,1
878,0,0,1,0,1,0,1,48,1
4,0,0,1,0,1,0,1,41,1
1208,0,0,1,0,1,0,1,24,1
580,0,0,1,0,1,0,1,52,1
328,0,0,1,0,1,0,1,53,1
10953,0,0,1,0,1,0,1,20,1
272,0,0,1,0,1,0,1,20,1
568,0,0,1,0,1,0,0,23,1
672,0,0,1,0,1,0,1,27,1
629,0,0,1,0,1,0,1,22,1
430,0,0,1,0,1,0,0,24,1
414,0,0,1,0,1,0,0,38,1
544,0,0,1,0,1,0,1,36,1
336,0,0,1,0,1,0,1,18,1
1420,0,1,0,0,1,0,0,23,7
812,0,0,0,1,1,0,0,32,7
916,0,1,0,0,1,0,0,17,7
389,1,0,0,0,1,0,0,26,7
472,0,1,0,0,1,0,0,24,7
678,1,0,0,0,1,0,0,40,7
531,0,1,0,0,1,0,0,30,7
876,0,0,0,1,1,0,0,32,7
400,1,0,0,0,1,0,0,29,7
880,1,0,0,0,1,0,0,25,7
530,1,0,0,0,1,0,0,27,7
350,0,1,0,0,1,0,0,57,7
115,0,1,0,0,1,0,0,27,7
3998,0,1,0,0,1,0,0,65,7
264,1,0,0,0,1,0,0,57,7
312,1,0,0,0,1,0,0,24,7
728,0,1,0,0,1,0,0,32,7
691,1,0,0,0,1,0,0,27,7
1002,1,0,0,0,1,0,0,34,7
935,1,0,0,0,1,0,0,44,7
390,0,1,0,0,1,0,0,26,7
187,0,1,0,0,1,0,0,54,7
249,0,1,0,0,1,0,0,23,7
365,1,0,0,0,1,0,0,27,7
1639,0,1,0,0,1,0,0,63,7
394,1,0,0,0,1,0,0,28,7
327,1,0,0,0,1,0,0,49,7
560,0,1,0,0,1,0,0,45,7
347,0,1,0,0,1,0,0,47,7
1069,0,1,0,0,1,0,0,51,7
1683,0,1,0,0,1,0,0,39,7
2309,0,1,0,0,1,0,0,27,7
570,0,1,0,0,1,0,0,27,7
843,1,0,0,0,1,0,0,46,7
477,0,1,0,0,1,0,0,33,7
599,0,1,0,0,1,0,0,38,7
207,0,1,0,0,1,0,0,25,7
162,1,0,0,0,1,0,0,38,7
349,0,1,0,0,1,0,0,53,7
251,0,1,0,0,1,0,0,39,7
1072,0,1,0,0,1,0,0,45,7
1212,0,1,0,0,1,0,0,30,7
700,1,0,0,0,1,0,0,36,7
1267,0,1,0,0,1,0,0,31,7
371,1,0,0,0,1,0,0,30,7
428,1,0,0,0,1,0,0,45,7
543,0,1,0,0,1,0,0,24,7
948,1,0,0,0,1,0,0,25,7
554,0,1,0,0,1,0,0,34,7
543,1,0,0,0,1,0,0,33,7
397,0,1,0,0,1,0,0,62,7
410,1,0,0,0,1,0,0,30,7
505,1,0,0,0,1,0,0,47,7
615,1,0,0,0,1,0,0,47,7
1085,0,1,0,0,1,0,0,44,7
364,0,1,0,0,1,0,0,26,7
357,1,0,0,0,1,0,0,54,7
366,1,0,0,0,1,0,0,25,7
1284,0,1,0,0,1,0,0,52,7
832,0,1,0,0,1,0,0,24,7
2657,0,1,0,0,1,0,0,59,7
159,1,0,0,0,1,0,0,32,7
673,0,1,0,0,1,0,0,44,7
1262,0,1,0,0,1,0,0,46,7
752,0,1,0,0,1,0,0,23,7
603,0,1,0,0,1,0,0,24,7
1047,1,0,0,0,1,0,0,27,7
485,1,0,0,0,1,0,0,40,7
210,1,0,0,0,1,0,0,34,7
495,0,1,0,0,1,0,0,32,7
424,0,1,0,0,1,0,0,28,7
592,1,0,0,0,1,0,0,44,7
1253,0,1,0,0,1,0,0,34,7
797,0,1,0,0,1,0,0,47,7
254,1,0,0,0,1,0,0,38,7
1417,1,0,0,0,1,0,0,33,7
543,1,0,0,0,1,0,0,31,7
1009,1,0,0,0,1,0,0,27,7
1207,1,0,0,0,1,0,0,47,7
814,1,0,0,0,1,0,0,52,7
685,1,0,0,0,1,0,0,27,7
270,0,1,0,0,1,0,0,32,7
1286,0,1,0,0,1,0,0,56,7
573,0,1,0,0,1,0,0,32,7
444,0,1,0,0,1,0,0,25,7
788,0,1,0,0,1,0,0,50,7
574,0,1,0,0,1,0,0,32,7
318,1,0,0,0,1,0,0,35,7
405,0,1,0,0,1,0,0,21,7
516,1,0,0,0,1,0,0,37,7
714,1,0,0,0,1,0,0,32,7
735,1,0,0,0,1,0,0,34,7
313,0,1,0,0,1,0,0,30,7
359,1,0,0,0,1,0,0,32,7
490,0,1,0,0,1,0,0,25,7
687,1,0,0,0,1,0,0,51,7
1162,1,0,0,0,1,0,0,20,7
512,0,1,0,0,1,0,0,51,7
614,0,1,0,0,1,0,0,27,7
153,1,0,0,0,1,0,0,31,7
853,0,1,0,0,1,0,0,40,7
591,0,1,0,0,1,0,0,24,7
154,0,1,0,0,1,0,0,30,7
383,0,1,0,0,1,0,0,45,7
1122,0,1,0,0,1,0,0,33,7
573,0,1,0,0,1,0,0,35,7
955,1,0,0,0,1,0,0,29,7
337,1,0,0,0,1,0,0,35,7
1548,0,1,0,0,1,0,0,29,7
1036,1,0,0,0,1,0,0,62,7
210,1,0,0,0,1,0,0,24,7
181,0,1,0,0,1,0,0,30,7
853,1,0,0,0,1,0,0,56,7
1324,0,1,0,0,1,0,0,53,7
1014,1,0,0,0,1,0,0,30,7
173,0,1,0,0,1,0,0,31,7
436,0,1,0,0,1,0,0,25,7
1388,1,0,0,0,1,0,0,31,7
731,0,1,0,0,1,0,0,50,7
1431,1,0,0,0,1,0,0,23,7
498,0,1,0,0,1,0,0,47,7
678,0,1,0,0,1,0,0,35,7
823,0,1,0,0,1,0,0,52,7
325,1,0,0,0,1,0,0,28,7
455,1,0,0,0,1,0,0,57,7
699,0,1,0,0,1,0,0,25,7
270,1,0,0,0,1,0,0,19,7
1345,0,1,0,0,1,0,0,23,7
831,1,0,0,0,1,0,0,42,7
278,1,0,0,0,1,0,0,20,7
1081,1,0,0,0,1,0,0,51,7
376,1,0,0,0,1,0,0,27,7
172,1,0,0,0,1,0,0,38,7
1131,0,1,0,0,1,0,0,32,7
559,0,1,0,0,1,0,0,24,7
287,1,0,0,0,1,0,0,39,7
531,1,0,0,0,1,0,0,29,7
342,0,1,0,0,1,0,0,47,7
401,0,1,0,0,1,0,0,23,7
343,0,1,0,0,1,0,0,54,7
537,0,1,0,0,1,0,0,24,7
345,1,0,0,0,1,0,0,22,7
278,1,0,0,0,1,0,0,27,7
788,0,1,0,0,1,0,0,53,7
586,1,0,0,0,1,0,0,60,7
411,0,1,0,0,1,0,0,38,7
569,0,0,0,1,1,0,0,33,7
867,1,0,0,0,1,0,0,24,7
1233,0,1,0,0,1,0,0,44,7
827,1,0,0,0,1,0,0,32,7
200,1,0,0,0,1,0,0,27,7
1281,0,1,0,0,1,0,0,59,7
510,1,0,0,0,1,0,0,34,7
1199,0,1,0,0,1,0,0,43,7
179,1,0,0,0,1,0,0,27,7
474,0,1,0,0,1,0,0,47,7
1313,1,0,0,0,1,0,0,25,7
816,0,1,0,0,1,0,0,27,7
1171,1,0,0,0,1,0,0,27,7
1075,0,1,0,0,1,0,0,26,7
1349,1,0,0,0,1,0,0,42,7
751,0,1,0,0,1,0,0,46,7
992,0,1,0,0,1,0,0,29,7
1073,1,0,0,0,1,0,0,32,7
2393,1,0,0,0,1,0,0,47,7
588,1,0,0,0,1,0,0,51,7
887,1,0,0,0,1,0,0,35,7
720,1,0,0,0,1,0,0,38,7
953,0,1,0,0,1,0,0,32,7
446,0,1,0,0,1,0,0,26,7
518,0,1,0,0,1,0,0,25,7
385,0,1,0,0,1,0,0,54,7
1491,0,1,0,0,1,0,0,24,7
1969,1,0,0,0,1,0,0,44,7
733,1,0,0,0,1,0,0,47,7
1337,0,1,0,0,1,0,0,33,7
1173,0,1,0,0,1,0,0,34,7
867,1,0,0,0,1,0,0,49,7
881,1,0,0,0,1,0,0,50,7
1193,1,0,0,0,1,0,0,25,7
505,1,0,0,0,1,0,0,25,7
341,0,1,0,0,1,0,0,24,7
380,1,0,0,0,1,0,0,24,7
579,1,0,0,0,1,0,0,57,7
690,1,0,0,0,1,0,0,22,7
424,0,1,0,0,1,0,0,36,7
168,1,0,0,0,1,0,0,22,7
879,0,1,0,0,1,0,0,45,7
866,0,1,0,0,1,0,0,26,7
488,1,0,0,0,1,0,0,34,7
811,0,1,0,0,1,0,0,49,7
437,1,0,0,0,1,0,0,43,7
244,0,1,0,0,1,0,0,51,7
463,0,1,0,0,1,0,0,25,7
287,0,1,0,0,1,0,0,34,7
771,1,0,0,0,1,0,0,24,7
277,1,0,0,0,1,0,0,34,7
405,1,0,0,0,1,0,0,23,7
435,1,0,0,0,1,0,0,40,7
947,0,1,0,0,1,0,0,26,7
2443,0,1,0,0,1,0,0,39,7
734,0,1,0,0,1,0,0,27,7
777,0,1,0,0,1,0,0,32,7
556,0,1,0,0,1,0,0,32,7
537,0,0,0,1,1,0,0,24,7
1188,0,1,0,0,1,0,0,21,7
397,1,0,0,0,1,0,0,45,7
1538,0,1,0,0,1,0,0,34,7
253,0,0,0,1,1,0,0,29,7
1305,1,0,0,0,1,0,0,57,7
1787,1,0,0,0,1,0,0,29,7
779,1,0,0,0,1,0,0,25,7
301,0,1,0,0,1,0,0,28,7
474,0,1,0,0,1,0,0,38,7
452,1,0,0,0,1,0,0,21,7
706,0,1,0,0,1,0,0,31,7
863,1,0,0,0,1,0,0,25,7
337,1,0,0,0,1,0,0,37,7
572,0,1,0,0,1,0,0,59,7
572,1,0,0,0,1,0,0,32,7
737,0,1,0,0,1,0,0,35,7
296,1,0,0,0,1,0,0,54,7
669,0,1,0,0,1,0,0,20,7
723,0,1,0,0,1,0,0,23,7
2840,0,1,0,0,1,0,0,32,7
606,1,0,0,0,1,0,0,38,7
388,0,1,0,0,1,0,0,33,7
772,1,0,0,0,1,0,0,50,7
665,1,0,0,0,1,0,0,43,7
1080,0,1,0,0,1,0,0,30,7
314,1,0,0,0,1,0,0,27,7
1141,0,1,0,0,1,0,0,24,7
760,0,1,0,0,1,0,0,36,7
427,1,0,0,0,1,0,0,45,7
392,1,0,0,0,1,0,0,42,7
592,0,1,0,0,1,0,0,29,7
392,1,0,0,0,1,0,0,58,7
766,1,0,0,0,1,0,0,34,7
441,1,0,0,0,1,0,0,47,7
626,0,1,0,0,1,0,0,26,7
665,0,1,0,0,1,0,0,23,7
836,0,1,0,0,1,0,0,40,7
515,1,0,0,0,1,0,0,47,7
650,0,1,0,0,1,0,0,29,7
588,1,0,0,0,1,0,0,39,7
361,1,0,0,0,1,0,0,38,7
1052,0,1,0,0,1,0,0,29,7
390,0,1,0,0,1,0,0,27,7
613,1,0,0,0,1,0,0,45,7
1244,0,1,0,0,1,0,0,26,7
586,1,0,0,0,1,0,0,25,7
382,1,0,0,0,1,0,0,47,7
605,0,1,0,0,1,0,0,40,7
392,1,0,0,0,1,0,0,59,7
573,0,1,0,0,1,0,0,35,7
880,1,0,0,0,1,0,0,46,7
687,1,0,0,0,1,0,0,47,7
416,1,0,0,0,1,0,0,56,7
241,0,1,0,0,1,0,0,22,7
541,1,0,0,0,1,0,0,35,7
583,1,0,0,0,1,0,0,23,7
328,1,0,0,0,1,0,0,58,7
459,1,0,0,0,1,0,0,59,7
294,1,0,0,0,1,0,0,27,7
1050,1,0,0,0,1,0,0,37,7
275,0,1,0,0,1,0,0,57,7
1418,0,1,0,0,1,0,0,42,7
656,1,0,0,0,1,0,0,20,7
495,0,1,0,0,1,0,0,30,7
572,1,0,0,0,1,0,0,32,7
757,1,0,0,0,1,0,0,35,7
234,0,1,0,0,1,0,0,39,7
1104,0,1,0,0,1,0,0,20,7
242,0,1,0,0,1,0,0,36,7
676,0,1,0,0,1,0,0,47,7
439,1,0,0,0,1,0,0,45,7
890,0,1,0,0,1,0,0,24,7
264,0,1,0,0,1,0,0,23,7
221,0,1,0,0,1,0,0,30,7
869,0,1,0,0,1,0,0,23,7
372,0,1,0,0,1,0,0,26,7
1261,0,1,0,0,1,0,0,33,7
1426,0,1,0,0,1,0,0,35,7
509,0,1,0,0,1,0,0,30,7
233,0,1,0,0,1,0,0,25,7
612,0,1,0,0,1,0,0,26,7
829,1,0,0,0,1,0,0,27,7
389,1,0,0,0,1,0,0,54,7
597,1,0,0,0,1,0,0,35,7
1380,0,1,0,0,1,0,0,36,7
253,0,1,0,0,1,0,0,37,7
697,1,0,0,0,1,0,0,41,7
598,0,1,0,0,1,0,0,41,7
769,1,0,0,0,1,0,0,32,7
780,0,1,0,0,1,0,0,25,7
485,1,0,0,0,1,0,0,39,7
1062,0,1,0,0,1,0,0,27,7
1491,1,0,0,0,1,0,0,35,7
324,1,0,0,0,1,0,0,47,7
385,0,1,0,0,1,0,0,28,7
1162,0,1,0,0,1,0,0,29,7
321,0,1,0,0,1,0,0,32,7
731,0,1,0,0,1,0,0,50,7
860,1,0,0,0,1,0,0,44,7
305,0,1,0,0,1,0,0,27,7
693,1,0,0,0,1,0,0,24,7
7,1,0,0,0,1,0,0,51,7
625,1,0,0,0,1,0,0,27,7
844,0,1,0,0,1,0,0,54,7
471,0,1,0,0,1,0,0,42,7
584,1,0,0,0,1,0,0,44,7
495,0,1,0,0,1,0,0,20,7
458,1,0,0,0,1,0,0,40,7
281,1,0,0,0,1,0,0,27,7
1501,0,1,0,0,1,0,0,55,7
747,1,0,0,0,1,0,0,60,7
391,1,0,0,0,1,0,0,31,7
871,1,0,0,0,1,0,0,29,7
672,1,0,0,0,1,0,0,23,7
826,0,1,0,0,1,0,0,29,7
358,0,1,0,0,1,0,0,30,7
1005,0,1,0,0,1,0,0,29,7
577,0,1,0,0,1,0,0,21,7
1022,1,0,0,0,1,0,0,31,7
627,0,1,0,0,1,0,0,41,7
421,0,1,0,0,1,0,0,29,7
204,1,0,0,0,1,0,0,34,7
276,1,0,0,0,1,0,0,44,7
517,1,0,0,0,1,0,0,34,7
770,0,1,0,0,1,0,0,30,7
372,1,0,0,0,1,0,0,40,7
434,0,1,0,0,1,0,0,24,7
309,1,0,0,0,1,0,0,25,7
545,0,1,0,0,1,0,0,34,7
807,1,0,0,0,1,0,0,36,7
401,1,0,0,0,1,0,0,24,7
796,1,0,0,0,1,0,0,30,7
525,1,0,0,0,1,0,0,27,7
1048,0,1,0,0,1,0,0,25,7
318,0,0,0,1,1,0,0,29,7
609,1,0,0,0,1,0,0,21,7
351,1,0,0,0,1,0,0,35,7
1025,0,1,0,0,1,0,0,42,7
422,1,0,0,0,1,0,0,29,7
479,0,1,0,0,1,0,0,31,7
325,1,0,0,0,1,0,0,21,7
2287,0,1,0,0,1,0,0,54,7
767,0,1,0,0,1,0,0,43,7
408,1,0,0,0,1,0,0,25,7
433,1,0,0,0,1,0,0,33,7
7044,1,0,0,0,1,0,0,49,7
384,0,1,0,0,1,0,0,35,7
471,0,1,0,0,1,0,0,36,7
563,0,1,0,0,1,0,0,24,7
515,0,1,0,0,1,0,0,26,7
462,0,1,0,0,1,0,0,38,7
1035,1,0,0,0,1,0,0,32,7
117,1,0,0,0,1,0,0,35,7
1159,0,1,0,0,1,0,0,49,7
523,1,0,0,0,1,0,0,38,7
1028,0,1,0,0,1,0,0,39,7
1159,1,0,0,0,1,0,0,44,7
307,0,1,0,0,1,0,0,29,7
328,1,0,0,0,1,0,0,27,7
1176,1,0,0,0,1,0,0,31,7
469,1,0,0,0,1,0,0,55,7
701,1,0,0,0,1,0,0,36,7
592,0,1,0,0,1,0,0,29,7
444,0,1,0,0,1,0,0,45,7
352,0,1,0,0,1,0,0,31,7
277,1,0,0,0,1,0,0,22,7
1323,1,0,0,0,1,0,0,45,7
472,1,0,0,0,1,0,0,42,7
766,0,1,0,0,1,0,0,23,7
948,1,0,0,0,1,0,0,26,7
571,0,1,0,0,1,0,0,72,7
233,0,1,0,0,1,0,0,54,7
1969,0,1,0,0,1,0,0,58,7
1121,1,0,0,0,1,0,0,23,7
434,1,0,0,0,1,0,0,35,7
762,0,1,0,0,1,0,0,27,7
217,0,1,0,0,1,0,0,31,7
333,0,1,0,0,1,0,0,55,7
486,1,0,0,0,1,0,0,32,7
771,1,0,0,0,1,0,0,41,7
1164,1,0,0,0,1,0,0,33,7
285,0,1,0,0,1,0,0,30,7
243,0,1,0,0,1,0,0,47,7
543,1,0,0,0,1,0,0,41,7
568,1,0,0,0,1,0,0,45,7
467,0,1,0,0,1,0,0,24,7
1610,1,0,0,0,1,0,0,45,7
953,1,0,0,0,1,0,0,24,7
437,1,0,0,0,1,0,0,24,7
1305,0,1,0,0,1,0,0,25,7
988,0,1,0,0,1,0,0,25,7
752,0,1,0,0,1,0,0,30,7
676,1,0,0,0,1,0,0,22,7
378,0,1,0,0,1,0,0,28,7
1143,1,0,0,0,1,0,0,54,7
545,1,0,0,0,1,0,0,24,7
454,0,1,0,0,1,0,0,34,7
571,0,1,0,0,1,0,0,57,7
1551,1,0,0,0,1,0,0,39,7
877,1,0,0,0,1,0,0,26,7
545,0,1,0,0,1,0,0,34,7
383,1,0,0,0,1,0,0,30,7
343,0,1,0,0,1,0,0,46,7
1295,0,1,0,0,1,0,0,49,7
1481,0,1,0,0,1,0,0,58,7
556,0,1,0,0,1,0,0,25,7
502,1,0,0,0,1,0,0,21,7
326,1,0,0,0,1,0,0,24,7
1271,0,1,0,0,1,0,0,37,7
1242,0,1,0,0,1,0,0,25,7
199,1,0,0,0,1,0,0,55,7
776,1,0,0,0,1,0,0,39,7
421,1,0,0,0,1,0,0,24,7
408,0,1,0,0,1,0,0,29,7
1136,1,0,0,0,1,0,0,43,7
714,0,1,0,0,1,0,0,32,7
893,0,1,0,0,1,0,0,32,7
947,0,1,0,0,1,0,0,31,7
288,0,1,0,0,1,0,0,29,7
566,1,0,0,0,1,0,0,36,7
587,1,0,0,0,1,0,0,34,7
301,1,0,0,0,1,0,0,45,7
672,1,0,0,0,1,0,0,35,7
425,0,1,0,0,1,0,0,32,7
740,0,1,0,0,1,0,0,25,7
516,1,0,0,0,1,0,0,23,7
419,0,1,0,0,1,0,0,25,7
519,1,0,0,0,1,0,0,27,7
293,1,0,0,0,1,0,0,46,7
353,1,0,0,0,1,0,0,30,7
496,0,1,0,0,1,0,0,28,7
432,0,1,0,0,1,0,0,51,7
1578,1,0,0,0,1,0,0,25,7
543,0,1,0,0,1,0,0,30,7
447,0,1,0,0,1,0,0,57,7
1151,0,1,0,0,1,0,0,30,7
755,1,0,0,0,1,0,0,35,7
789,0,1,0,0,1,0,0,28,7
246,1,0,0,0,1,0,0,34,7
957,0,1,0,0,1,0,0,32,7
1103,0,1,0,0,1,0,0,30,7
354,1,0,0,0,1,0,0,23,7
638,1,0,0,0,1,0,0,27,7
836,0,1,0,0,1,0,0,56,7
678,0,1,0,0,1,0,0,41,7
491,1,0,0,0,1,0,0,34,7
452,1,0,0,0,1,0,0,24,7
537,1,0,0,0,1,0,0,38,7
1873,1,0,0,0,1,0,0,37,7
265,1,0,0,0,1,0,0,54,7
1081,0,1,0,0,1,0,0,20,7
615,0,1,0,0,1,0,0,30,7
471,0,1,0,0,1,0,0,33,7
571,1,0,0,0,1,0,0,32,7
1433,1,0,0,0,1,0,0,24,7
772,1,0,0,0,1,0,0,32,7
1053,0,1,0,0,1,0,0,25,7
1738,0,1,0,0,1,0,0,58,7
960,1,0,0,0,1,0,0,29,7
2813,0,1,0,0,1,0,0,31,7
605,0,1,0,0,1,0,0,38,7
237,1,0,0,0,1,0,0,34,7
187,0,1,0,0,1,0,0,25,7
1348,1,0,0,0,1,0,0,30,7
825,0,1,0,0,1,0,0,24,7
886,1,0,0,0,1,0,0,62,7
1074,0,1,0,0,1,0,0,24,7
822,1,0,0,0,1,0,0,53,7
255,0,1,0,0,1,0,0,47,7
1606,0,1,0,0,1,0,0,23,7
397,1,0,0,0,1,0,0,49,7
780,1,0,0,0,1,0,0,34,7
595,1,0,0,0,1,0,0,35,7
751,1,0,0,0,1,0,0,23,7
562,0,1,0,0,1,0,0,31,7
904,1,0,0,0,1,0,0,47,7
772,1,0,0,0,1,0,0,52,7
1559,1,0,0,0,1,0,0,51,7
462,1,0,0,0,1,0,0,32,7
284,0,1,0,0,1,0,0,32,7
1004,1,0,0,0,1,0,0,54,7
232,1,0,0,0,1,0,0,28,7
928,0,1,0,0,1,0,0,30,7
601,1,0,0,0,1,0,0,51,7
866,0,1,0,0,1,0,0,24,7
866,0,1,0,0,1,0,0,24,7
346,0,1,0,0,1,0,0,54,7
286,0,1,0,0,1,0,0,26,7
1304,1,0,0,0,1,0,0,23,7
341,1,0,0,0,1,0,0,54,7
625,1,0,0,0,1,0,0,47,7
2037,1,0,0,0,1,0,0,46,7
1585,0,1,0,0,1,0,0,55,7
416,0,1,0,0,1,0,0,28,7
252,0,1,0,0,1,0,0,44,7
1879,1,0,0,0,0,1,1,24,2
330,1,0,0,0,0,1,1,40,2
1150,1,0,0,0,0,1,0,45,2
739,1,0,0,0,0,1,1,58,2
476,1,0,0,0,0,1,0,38,2
238,1,0,0,0,0,1,1,49,2
563,1,0,0,0,0,1,1,41,2
351,1,0,0,0,0,1,0,32,2
641,1,0,0,0,0,1,0,35,2
286,1,0,0,0,0,1,0,42,2
688,1,0,0,0,0,1,0,23,2
550,1,0,0,0,0,1,1,26,2
55,1,0,0,0,0,1,0,31,2
716,1,0,0,0,0,1,1,23,2
4,1,0,0,0,0,1,0,47,2
254,1,0,0,0,0,1,1,26,2
833,1,0,0,0,0,1,0,28,2
255,1,0,0,0,0,1,1,29,2
1842,1,0,0,0,0,1,0,24,2
1469,1,0,0,0,0,1,0,42,2
250,1,0,0,0,0,1,1,19,2
929,1,0,0,0,0,1,0,29,2
250,1,0,0,0,0,1,1,61,2
709,1,0,0,0,0,1,1,32,2
388,1,0,0,0,0,1,1,50,2
829,1,0,0,0,0,1,0,36,2
178,1,0,0,0,0,1,1,32,2
954,1,0,0,0,0,1,1,21,2
551,1,0,0,0,0,1,0,29,2
545,1,0,0,0,0,1,0,27,2
467,1,0,0,0,0,1,0,31,2
996,1,0,0,0,0,1,0,31,2
502,1,0,0,0,0,1,1,23,2
1391,1,0,0,0,0,1,0,28,2
3187,1,0,0,0,0,1,1,42,2
266,1,0,0,0,0,1,1,34,2
862,1,0,0,0,0,1,1,32,2
3354,1,0,0,0,0,1,0,38,2
273,1,0,0,0,0,1,0,22,2
353,1,0,0,0,0,1,1,22,2
399,1,0,0,0,0,1,1,38,2
491,1,0,0,0,0,1,1,28,2
223,1,0,0,0,0,1,1,37,2
194,1,0,0,0,0,1,1,20,2
1539,1,0,0,0,0,1,1,26,2
373,1,0,0,0,0,1,0,45,2
379,1,0,0,0,0,1,0,38,2
2433,1,0,0,0,0,1,1,36,2
762,1,0,0,0,0,1,0,23,2
1586,1,0,0,0,0,1,1,28,2
419,1,0,0,0,0,1,1,29,2
1741,1,0,0,0,0,1,1,48,2
516,1,0,0,0,0,1,0,21,2
909,1,0,0,0,0,1,0,36,2
786,1,0,0,0,0,1,1,35,2
1563,1,0,0,0,0,1,0,29,2
647,1,0,0,0,0,1,1,28,2
299,1,0,0,0,0,1,0,38,2
669,1,0,0,0,0,1,0,41,2
520,1,0,0,0,0,1,1,65,2
429,1,0,0,0,0,1,0,47,2
5524,1,0,0,0,0,1,0,33,2
335,1,0,0,0,0,1,1,29,2
545,1,0,0,0,0,1,1,44,2
320,1,0,0,0,0,1,1,26,2
468,1,0,0,0,0,1,1,40,2
1025,1,0,0,0,0,1,1,46,2
350,1,0,0,0,0,1,0,27,2
1208,1,0,0,0,0,1,1,27,2
66094,1,0,0,0,0,1,1,26,2
403,1,0,0,0,0,1,1,25,2
375,1,0,0,0,0,1,0,30,2
361,1,0,0,0,0,1,0,44,2
604,1,0,0,0,0,1,1,38,2
504,1,0,0,0,0,1,0,27,2
555,1,0,0,0,0,1,0,32,2
944,1,0,0,0,0,1,0,38,2
1360,1,0,0,0,0,1,0,20,2
1024,1,0,0,0,0,1,1,24,2
3506,1,0,0,0,0,1,0,50,2
518,1,0,0,0,0,1,0,55,2
152,1,0,0,0,0,1,1,26,2
218,1,0,0,0,0,1,0,45,2
326,1,0,0,0,0,1,1,25,2
1607,1,0,0,0,0,1,1,52,2
356,1,0,0,0,0,1,1,35,2
380,1,0,0,0,0,1,1,51,2
784,1,0,0,0,0,1,0,59,2
496,1,0,0,0,0,1,1,34,2
1760,1,0,0,0,0,1,1,40,2
899,1,0,0,0,0,1,1,25,2
217,1,0,0,0,0,1,1,34,2
836,1,0,0,0,0,1,0,36,2
671,1,0,0,0,0,1,1,51,2
571,1,0,0,0,0,1,0,29,2
515,1,0,0,0,0,1,1,24,2
135,1,0,0,0,0,1,1,22,2
1104,1,0,0,0,0,1,1,26,2
1018,1,0,0,0,0,1,0,26,2
510,1,0,0,0,0,1,1,65,2
884,1,0,0,0,0,1,1,26,2
216,1,0,0,0,0,1,1,44,2
13,1,0,0,0,0,1,1,51,2
1653,1,0,0,0,0,1,0,42,2
725,1,0,0,0,0,1,0,30,2
214,1,0,0,0,0,1,1,36,2
698,1,0,0,0,0,1,1,26,2
306,1,0,0,0,0,1,1,41,2
455,1,0,0,0,0,1,1,26,2
231,1,0,0,0,0,1,1,26,2
758,1,0,0,0,0,1,0,38,2
311,1,0,0,0,0,1,1,31,2
1180,1,0,0,0,0,1,1,25,2
396,1,0,0,0,0,1,0,30,2
508,1,0,0,0,0,1,1,28,2
809,1,0,0,0,0,1,1,24,2
558,1,0,0,0,0,1,1,46,2
876,1,0,0,0,0,1,1,31,2
1061,1,0,0,0,0,1,1,41,2
454,1,0,0,0,0,1,1,30,2
503,1,0,0,0,0,1,1,20,2
807,1,0,0,0,0,1,0,56,2
202,1,0,0,0,0,1,1,25,2
1638,1,0,0,0,0,1,1,58,2
457,1,0,0,0,0,1,1,60,2
153,1,0,0,0,0,1,1,41,2
1422,1,0,0,0,0,1,0,34,2
519,1,0,0,0,0,1,1,54,2
110709,1,0,0,0,0,1,1,35,2
744,1,0,0,0,0,1,1,30,2
845,1,0,0,0,0,1,1,26,2
451,1,0,0,0,0,1,1,26,2
1336,1,0,0,0,0,1,0,24,2
481,1,0,0,0,0,1,0,49,2
914,1,0,0,0,0,1,0,31,2
243,1,0,0,0,0,1,1,27,2
344,1,0,0,0,0,1,1,70,2
1384,1,0,0,0,0,1,0,31,2
771,1,0,0,0,0,1,1,23,2
1244,1,0,0,0,0,1,1,24,2
247,1,0,0,0,0,1,1,50,2
206,1,0,0,0,0,1,0,27,2
287,1,0,0,0,0,1,1,31,2
866,1,0,0,0,0,1,0,30,2
1571,1,0,0,0,0,1,1,54,2
1135,1,0,0,0,0,1,0,23,2
6,1,0,0,0,0,1,1,55,2
410,1,0,0,0,0,1,1,34,2
4221,1,0,0,0,0,1,0,47,2
487,1,0,0,0,0,1,1,30,2
352,1,0,0,0,0,1,1,18,2
149,1,0,0,0,0,1,1,40,2
576,1,0,0,0,0,1,0,32,2
287,1,0,0,0,0,1,0,27,2
1079,1,0,0,0,0,1,0,60,2
743,1,0,0,0,0,1,1,30,2
369,1,0,0,0,0,1,1,32,2
632,1,0,0,0,0,1,1,31,2
479,1,0,0,0,0,1,1,27,2
598,1,0,0,0,0,1,0,35,2
595,1,0,0,0,0,1,1,29,2
1696,1,0,0,0,0,1,1,26,2
1691,1,0,0,0,0,1,0,52,2
320,1,0,0,0,0,1,0,45,2
1700,1,0,0,0,0,1,1,70,2
405,1,0,0,0,0,1,0,20,2
1267,1,0,0,0,0,1,0,49,2
564,1,0,0,0,0,1,0,47,2
380,1,0,0,0,0,1,1,32,2
246,1,0,0,0,0,1,1,45,2
348,1,0,0,0,0,1,1,51,2
598,1,0,0,0,0,1,0,49,2
797,1,0,0,0,0,1,1,30,2
1976,1,0,0,0,0,1,0,56,2
304,1,0,0,0,0,1,1,45,2
281,1,0,0,0,0,1,1,30,2
344,1,0,0,0,0,1,0,45,2
945,1,0,0,0,0,1,1,33,2
415,1,0,0,0,0,1,1,29,2
1117,1,0,0,0,0,1,0,30,2
692,1,0,0,0,0,1,0,22,2
682,1,0,0,0,0,1,0,39,2
234,1,0,0,0,0,1,1,58,2
1062,1,0,0,0,0,1,1,24,2
899,1,0,0,0,0,1,1,40,2
1726,1,0,0,0,0,1,0,56,2
244,1,0,0,0,0,1,1,32,2
1653,1,0,0,0,0,1,0,43,2
295,1,0,0,0,0,1,1,21,2
760,1,0,0,0,0,1,1,42,2
948,1,0,0,0,0,1,1,28,2
1288,1,0,0,0,0,1,1,29,2
710,1,0,0,0,0,1,1,56,2
262,1,0,0,0,0,1,0,49,2
1172,1,0,0,0,0,1,1,33,2
329,1,0,0,0,0,1,1,39,2
1474,1,0,0,0,0,1,1,26,2
813,1,0,0,0,0,1,0,27,2
1039,1,0,0,0,0,1,0,36,2
950,1,0,0,0,0,1,1,30,2
493,1,0,0,0,0,1,0,27,2
815,1,0,0,0,0,1,1,42,2
824,1,0,0,0,0,1,1,27,2
431,1,0,0,0,0,1,1,25,2
1173,1,0,0,0,0,1,1,19,2
273,1,0,0,0,0,1,1,49,2
218,1,0,0,0,0,1,1,26,2
3,1,0,0,0,0,1,0,22,2
3,1,0,0,0,0,1,1,27,2
4283,1,0,0,0,0,1,1,42,2
874,1,0,0,0,0,1,1,27,2
236,1,0,0,0,0,1,1,27,2
526,1,0,0,0,0,1,1,32,2
579,1,0,0,0,0,1,1,30,2
540,1,0,0,0,0,1,1,25,2
1724,1,0,0,0,0,1,1,42,2
517,1,0,0,0,0,1,1,32,2
341,1,0,0,0,0,1,0,31,2
222,1,0,0,0,0,1,1,26,2
501,1,0,0,0,0,1,0,51,2
510,1,0,0,0,0,1,1,26,2
2155,1,0,0,0,0,1,1,55,2
452,1,0,0,0,0,1,1,48,2
569,1,0,0,0,0,1,0,22,2
1417,1,0,0,0,0,1,0,50,2
497,1,0,0,0,0,1,1,29,2
855,1,0,0,0,0,1,1,27,2
329,1,0,0,0,0,1,1,31,2
320,1,0,0,0,0,1,1,29,2
851,1,0,0,0,0,1,0,29,2
147,1,0,0,0,0,1,1,35,2
1621,1,0,0,0,0,1,1,56,2
778,1,0,0,0,0,1,0,30,2
586,1,0,0,0,0,1,1,23,2
159,1,0,0,0,0,1,1,37,2
1407,1,0,0,0,0,1,1,54,2
272,1,0,0,0,0,1,1,20,2
2038,1,0,0,0,0,1,1,67,2
1472,1,0,0,0,0,1,1,49,2
679,1,0,0,0,0,1,0,49,2
1239,1,0,0,0,0,1,1,29,2
952,1,0,0,0,0,1,1,46,2
630,1,0,0,0,0,1,1,31,2
670,1,0,0,0,0,1,0,26,2
693,1,0,0,0,0,1,1,33,2
707,1,0,0,0,0,1,1,33,2
486,1,0,0,0,0,1,1,25,2
384,1,0,0,0,0,1,1,28,2
411,1,0,0,0,0,1,0,26,2
356,1,0,0,0,0,1,1,41,2
652,1,0,0,0,0,1,1,32,2
386,1,0,0,0,0,1,0,42,2
639,1,0,0,0,0,1,0,23,2
1183,1,0,0,0,0,1,1,42,2
1267,1,0,0,0,0,1,1,37,2
232,1,0,0,0,0,1,1,32,2
317,1,0,0,0,0,1,0,35,2
1500,1,0,0,0,0,1,1,50,2
821,1,0,0,0,0,1,1,23,2
315,1,0,0,0,0,1,0,31,2
334,1,0,0,0,0,1,1,29,2
401,1,0,0,0,0,1,0,40,2
514,1,0,0,0,0,1,1,39,2
433,1,0,0,0,0,1,0,22,2
688,1,0,0,0,0,1,1,25,2
937,1,0,0,0,0,1,1,28,2
449,1,0,0,0,0,1,1,26,2
1165,1,0,0,0,0,1,1,27,2
156,1,0,0,0,0,1,1,39,2
464,1,0,0,0,0,1,0,30,2
143,1,0,0,0,0,1,1,28,2
594,1,0,0,0,0,1,0,49,2
1114,1,0,0,0,0,1,0,30,2
591,1,0,0,0,0,1,1,37,2
613,1,0,0,0,0,1,0,33,2
589,1,0,0,0,0,1,0,25,2
1892,1,0,0,0,0,1,1,42,2
367,1,0,0,0,0,1,0,29,2
694,1,0,0,0,0,1,1,35,2
257,1,0,0,0,0,1,0,30,2
363,1,0,0,0,0,1,1,37,2
344,1,0,0,0,0,1,0,23,2
194,1,0,0,0,0,1,0,27,2
35,1,0,0,0,0,1,1,34,2
494,1,0,0,0,0,1,0,25,2
278,1,0,0,0,0,1,1,27,2
324,1,0,0,0,0,1,1,26,2
408,1,0,0,0,0,1,1,41,2
516,1,0,0,0,0,1,0,28,2
889,1,0,0,0,0,1,1,26,2
1100,1,0,0,0,0,1,0,46,2
3797,1,0,0,0,0,1,0,50,2
744,1,0,0,0,0,1,0,29,2
446,1,0,0,0,0,1,0,32,2
77,1,0,0,0,0,1,1,26,2
784,1,0,0,0,0,1,1,29,2
415,1,0,0,0,0,1,0,25,2
1310,1,0,0,0,0,1,0,43,2
355,1,0,0,0,0,1,0,28,2
1112,1,0,0,0,0,1,0,30,2
388,1,0,0,0,0,1,1,34,2
138,1,0,0,0,0,1,0,32,2
857,1,0,0,0,0,1,1,51,2
389,1,0,0,0,0,1,1,26,2
1387,1,0,0,0,0,1,0,55,2
442,1,0,0,0,0,1,1,57,2
112,1,0,0,0,0,1,1,33,2
623,1,0,0,0,0,1,0,24,2
1019,1,0,0,0,0,1,0,32,2
636,1,0,0,0,0,1,1,27,2
408,1,0,0,0,0,1,1,24,2
274,1,0,0,0,0,1,0,23,2
274,1,0,0,0,0,1,0,36,2
226,1,0,0,0,0,1,0,34,2
1520,1,0,0,0,0,1,1,59,2
1697,1,0,0,0,0,1,0,37,2
651,1,0,0,0,0,1,1,25,2
153,1,0,0,0,0,1,1,38,2
529,1,0,0,0,0,1,1,51,2
351,1,0,0,0,0,1,1,40,2
258,1,0,0,0,0,1,1,31,2
285,1,0,0,0,0,1,0,30,2
710,1,0,0,0,0,1,1,26,2
366,1,0,0,0,0,1,1,31,2
1025,1,0,0,0,0,1,1,37,2
351,1,0,0,0,0,1,1,41,2
1852,1,0,0,0,0,1,1,39,2
1487,1,0,0,0,0,1,1,33,2
278,1,0,0,0,0,1,0,40,2
831,1,0,0,0,0,1,1,32,2
365,1,0,0,0,0,1,1,25,2
371,1,0,0,0,0,1,1,46,2
1065,1,0,0,0,0,1,0,32,2
423,1,0,0,0,0,1,1,41,2
447,1,0,0,0,0,1,1,27,2
1039,1,0,0,0,0,1,0,56,2
569,1,0,0,0,0,1,0,53,2
858,1,0,0,0,0,1,0,25,2
285,1,0,0,0,0,1,0,24,2
318,1,0,0,0,0,1,1,31,2
568,1,0,0,0,0,1,1,23,2
1086,1,0,0,0,0,1,0,24,2
416,1,0,0,0,0,1,0,35,2
848,1,0,0,0,0,1,0,26,2
463,1,0,0,0,0,1,1,26,2
676,1,0,0,0,0,1,1,38,2
1312,1,0,0,0,0,1,1,25,2
588,1,0,0,0,0,1,1,27,2
277,1,0,0,0,0,1,1,67,2
2028,1,0,0,0,0,1,0,42,2
192,1,0,0,0,0,1,0,24,2
3895,1,0,0,0,0,1,1,42,2
524,1,0,0,0,0,1,0,30,2
446,1,0,0,0,0,1,1,54,2
204857,1,0,0,0,0,1,0,34,2
293,1,0,0,0,0,1,0,26,2
1003,1,0,0,0,0,1,1,24,2
541,1,0,0,0,0,1,0,33,2
701,1,0,0,0,0,1,0,49,2
259,1,0,0,0,0,1,1,26,2
294,1,0,0,0,0,1,0,31,2
2050,1,0,0,0,0,1,0,28,2
985,1,0,0,0,0,1,0,25,2
1316,1,0,0,0,0,1,1,58,2
1315,1,0,0,0,0,1,1,60,2
172,1,0,0,0,0,1,1,29,2
609,1,0,0,0,0,1,0,56,2
1171,1,0,0,0,0,1,1,34,2
444,1,0,0,0,0,1,0,25,2
1737,1,0,0,0,0,1,0,35,2
1650,1,0,0,0,0,1,1,40,2
192,1,0,0,0,0,1,1,41,2
407,1,0,0,0,0,1,1,29,2
477,1,0,0,0,0,1,1,57,2
616,1,0,0,0,0,1,0,30,2
95,1,0,0,0,0,1,1,51,2
1260,1,0,0,0,0,1,1,40,2
471,1,0,0,0,0,1,1,23,2
14,1,0,0,0,0,1,0,38,2
425,1,0,0,0,0,1,0,29,2
575,1,0,0,0,0,1,1,54,2
488,1,0,0,0,0,1,1,28,2
447,1,0,0,0,0,1,1,24,2
2534,1,0,0,0,0,1,1,36,2
354,1,0,0,0,0,1,1,42,2
420,1,0,0,0,0,1,1,31,2
616,1,0,0,0,0,1,0,23,2
332,1,0,0,0,0,1,0,33,2
137,1,0,0,0,0,1,1,41,2
379,1,0,0,0,0,1,1,29,2
1664,1,0,0,0,0,1,0,42,2
674,1,0,0,0,0,1,0,21,2
934,1,0,0,0,0,1,1,29,2
460,1,0,0,0,0,1,1,53,2
613,1,0,0,0,0,1,1,45,2
776,1,0,0,0,0,1,0,42,2
756,1,0,0,0,0,1,1,29,2
435,1,0,0,0,0,1,1,23,2
463,1,0,0,0,0,1,0,34,2
767,1,0,0,0,0,1,0,27,2
415,1,0,0,0,0,1,1,42,2
442,1,0,0,0,0,1,0,25,2
371,1,0,0,0,0,1,1,23,2
307,1,0,0,0,0,1,1,26,2
463,1,0,0,0,0,1,1,36,2
654,1,0,0,0,0,1,0,28,2
187,1,0,0,0,0,1,1,36,2
631,1,0,0,0,0,1,1,59,2
8971,1,0,0,0,0,1,1,25,2
1601,1,0,0,0,0,1,1,31,2
1021,1,0,0,0,0,1,0,25,2
547,1,0,0,0,0,1,0,22,2
185,1,0,0,0,0,1,1,38,2
1504,1,0,0,0,0,1,1,53,2
773,1,0,0,0,0,1,1,54,2
216,1,0,0,0,0,1,0,26,2
864,1,0,0,0,0,1,1,32,2
1037,1,0,0,0,0,1,0,22,2
488,1,0,0,0,0,1,0,28,2
1351,1,0,0,0,0,1,1,29,2
192,1,0,0,0,0,1,0,49,2
224,1,0,0,0,0,1,1,23,2
773,1,0,0,0,0,1,1,28,2
309,1,0,0,0,0,1,0,25,2
243,1,0,0,0,0,1,1,33,2
415,1,0,0,0,0,1,0,23,2
337,1,0,0,0,0,1,0,22,2
883,1,0,0,0,0,1,0,25,2
794,1,0,0,0,0,1,0,50,2
473,1,0,0,0,0,1,0,27,2
271,1,0,0,0,0,1,0,30,2
589,1,0,0,0,0,1,1,25,2
365,1,0,0,0,0,1,0,45,2
882,1,0,0,0,0,1,1,26,2
1193,1,0,0,0,0,1,1,28,2
248,1,0,0,0,0,1,0,38,2
656,1,0,0,0,0,1,1,29,2
398,1,0,0,0,0,1,1,25,2
777,1,0,0,0,0,1,1,29,2
323,1,0,0,0,0,1,1,66,2
706,1,0,0,0,0,1,1,54,2
366,1,0,0,0,0,1,0,30,2
3112,1,0,0,0,0,1,0,37,2
1250,1,0,0,0,0,1,0,25,2
1342,1,0,0,0,0,1,1,28,2
1126,1,0,0,0,0,1,1,25,2
782,1,0,0,0,0,1,0,33,2
466,1,0,0,0,0,1,1,36,2
362,1,0,0,0,0,1,1,29,2
769,1,0,0,0,0,1,0,33,2
116,1,0,0,0,0,1,1,33,2
1091,1,0,0,0,0,1,0,60,2
481,1,0,0,0,0,1,0,30,2
929,1,0,0,0,0,1,1,23,2
555,1,0,0,0,0,1,1,20,2
234,1,0,0,0,0,1,1,27,2
428,1,0,0,0,0,1,1,25,2
495,1,0,0,0,0,1,1,26,2
182,1,0,0,0,0,1,1,31,2
373,1,0,0,0,0,1,0,30,2
368,1,0,0,0,0,1,1,29,2
918,1,0,0,0,0,1,1,51,2
2715,1,0,0,0,0,1,0,51,2
426,1,0,0,0,0,1,1,35,2
518,1,0,0,0,0,1,1,21,2
404,1,0,0,0,0,1,1,49,2
1761,1,0,0,0,0,1,0,56,2
1036,1,0,0,0,0,1,1,55,2
665,1,0,0,0,0,1,1,35,2
1524,1,0,0,0,0,1,0,56,2
136,1,0,0,0,0,1,1,37,2
305,1,0,0,0,0,1,1,50,2
1065,1,0,0,0,0,1,1,32,2
1431,1,0,0,0,0,1,1,29,2
566,1,0,0,0,0,1,1,42,2
258,1,0,0,0,0,1,0,29,2
327,1,0,0,0,0,1,1,23,2
670,1,0,0,0,0,1,1,32,2
463,1,0,0,0,0,1,1,31,2
466,1,0,0,0,0,1,1,31,2
559,1,0,0,0,0,1,1,24,2
572,1,0,0,0,0,1,1,19,2
367,1,0,0,0,0,1,1,31,2
681,1,0,0,0,0,1,1,26,2
648,1,0,0,0,0,1,1,37,2
763,1,0,0,0,0,1,1,42,2
544,1,0,0,0,0,1,1,51,2
350,1,0,0,0,0,1,0,47,2
734,1,0,0,0,0,1,1,32,2
696,1,0,0,0,0,1,0,28,2
168,1,0,0,0,0,1,1,29,2
278,1,0,0,0,0,1,0,55,2
386,1,0,0,0,0,1,0,29,2
393,1,0,0,0,0,1,0,31,2
424,1,0,0,0,0,1,1,30,2
328,1,0,0,0,0,1,1,53,2
585,1,0,0,0,0,1,1,24,2
1047,1,0,0,0,0,1,1,24,2
610,1,0,0,0,0,1,0,27,2
722,1,0,0,0,0,1,1,40,2
1604,0,1,0,0,0,1,1,59,5
640,0,1,0,0,0,1,1,32,5
485,0,1,0,0,0,1,0,24,5
742,0,1,0,0,0,1,1,32,5
1631,0,1,0,0,0,1,1,29,5
1394,0,1,0,0,0,1,1,44,5
361,0,1,0,0,0,1,0,23,5
1445,0,1,0,0,0,1,0,49,5
231,0,1,0,0,0,1,1,34,5
192,0,1,0,0,0,1,1,50,5
273,0,1,0,0,0,1,1,21,5
679,0,1,0,0,0,1,0,31,5
513,0,1,0,0,0,1,1,26,5
868,0,1,0,0,0,1,0,38,5
633,0,1,0,0,0,1,0,25,5
1087,0,1,0,0,0,1,1,27,5
159,0,1,0,0,0,1,1,27,5
578,0,1,0,0,0,1,1,20,5
647,0,1,0,0,0,1,1,25,5
1378,0,1,0,0,0,1,1,48,5
479,0,1,0,0,0,1,1,53,5
602,0,1,0,0,0,1,1,41,5
274,0,1,0,0,0,1,1,50,5
1848,0,1,0,0,0,1,0,51,5
578,0,1,0,0,0,1,1,26,5
229,0,1,0,0,0,1,0,25,5
346,0,1,0,0,0,1,1,23,5
240,0,1,0,0,0,1,0,35,5
394,0,1,0,0,0,1,1,26,5
2265,0,1,0,0,0,1,1,25,5
785,0,1,0,0,0,1,0,27,5
1321,0,1,0,0,0,1,1,20,5
420,0,1,0,0,0,1,1,23,5
952,0,1,0,0,0,1,0,53,5
520,0,1,0,0,0,1,1,31,5
307,0,1,0,0,0,1,1,33,5
515,0,1,0,0,0,1,1,38,5
694,0,1,0,0,0,1,1,33,5
1022,0,1,0,0,0,1,0,33,5
1032,0,1,0,0,0,1,1,30,5
512,0,1,0,0,0,1,0,23,5
951,0,1,0,0,0,1,0,50,5
479,0,1,0,0,0,1,1,52,5
1887,0,1,0,0,0,1,1,31,5
620,0,1,0,0,0,1,0,30,5
488,0,1,0,0,0,1,0,32,5
697,0,1,0,0,0,1,1,20,5
1077,0,1,0,0,0,1,1,56,5
1014,0,1,0,0,0,1,0,22,5
1168,0,1,0,0,0,1,1,29,5
498,0,1,0,0,0,1,1,27,5
1245,0,1,0,0,0,1,0,60,5
989,0,1,0,0,0,1,1,24,5
282,0,1,0,0,0,1,1,37,5
212,0,1,0,0,0,1,1,23,5
520,0,1,0,0,0,1,1,38,5
1470,0,1,0,0,0,1,1,30,5
1034,0,1,0,0,0,1,1,32,5
9282,0,1,0,0,0,1,0,30,5
87,0,1,0,0,0,1,1,32,5
872,0,1,0,0,0,1,0,25,5
570,0,1,0,0,0,1,1,40,5
662,0,1,0,0,0,1,1,52,5
736,0,1,0,0,0,1,1,34,5
163,0,1,0,0,0,1,1,30,5
812,0,1,0,0,0,1,1,24,5
480,0,1,0,0,0,1,1,37,5
407,0,1,0,0,0,1,0,25,5
1850,0,1,0,0,0,1,1,31,5
760,0,1,0,0,0,1,0,26,5
1763,0,1,0,0,0,1,0,52,5
769,0,1,0,0,0,1,1,25,5
913,0,1,0,0,0,1,0,42,5
489,0,1,0,0,0,1,1,25,5
677,0,1,0,0,0,1,1,24,5
606,0,1,0,0,0,1,1,43,5
220,0,1,0,0,0,1,1,29,5
1524,0,1,0,0,0,1,0,56,5
3506,0,1,0,0,0,1,1,28,5
393,0,1,0,0,0,1,1,62,5
710,0,1,0,0,0,1,1,29,5
555,0,1,0,0,0,1,1,51,5
619,0,1,0,0,0,1,1,41,5
626,0,1,0,0,0,1,1,32,5
243,0,1,0,0,0,1,1,23,5
387,0,1,0,0,0,1,1,23,5
368,0,1,0,0,0,1,0,21,5
471,0,1,0,0,0,1,1,29,5
416,0,1,0,0,0,1,1,32,5
374,0,1,0,0,0,1,1,23,5
272,0,1,0,0,0,1,1,26,5
1129,0,1,0,0,0,1,1,23,5
544,0,1,0,0,0,1,1,32,5
197,0,1,0,0,0,1,1,28,5
735,0,1,0,0,0,1,1,42,5
303,0,1,0,0,0,1,1,35,5
430,0,1,0,0,0,1,0,29,5
173,0,1,0,0,0,1,1,55,5
1187,0,1,0,0,0,1,1,26,5
560,0,1,0,0,0,1,1,33,5
325,0,1,0,0,0,1,1,28,5
530,0,1,0,0,0,1,1,57,5
1444,0,1,0,0,0,1,0,53,5
1167,0,1,0,0,0,1,0,25,5
1139,0,1,0,0,0,1,0,26,5
815,0,1,0,0,0,1,0,27,5
469,0,1,0,0,0,1,1,25,5
1140,0,1,0,0,0,1,1,32,5
722,0,1,0,0,0,1,0,31,5
1618,0,1,0,0,0,1,0,36,5
573,0,1,0,0,0,1,1,35,5
1358,0,1,0,0,0,1,0,24,5
1200,0,1,0,0,0,1,0,27,5
701,0,1,0,0,0,1,1,40,5
4246,0,1,0,0,0,1,0,52,5
244,0,1,0,0,0,1,1,29,5
799,0,1,0,0,0,1,0,49,5
688,0,1,0,0,0,1,0,29,5
334,0,1,0,0,0,1,0,45,5
1334,0,1,0,0,0,1,0,36,5
1695,0,1,0,0,0,1,1,39,5
521,0,1,0,0,0,1,1,35,5
736,0,1,0,0,0,1,1,34,5
670,0,1,0,0,0,1,0,54,5
278,0,1,0,0,0,1,1,34,5
339,0,1,0,0,0,1,0,23,5
560,0,1,0,0,0,1,1,52,5
1188,0,1,0,0,0,1,1,24,5
460,0,1,0,0,0,1,1,32,5
1500,0,1,0,0,0,1,0,33,5
449,0,1,0,0,0,1,1,41,5
1094,0,1,0,0,0,1,1,28,5
557,0,1,0,0,0,1,1,37,5
666,0,1,0,0,0,1,0,56,5
602,0,1,0,0,0,1,1,23,5
1859,0,1,0,0,0,1,1,60,5
507,0,1,0,0,0,1,1,26,5
431,0,1,0,0,0,1,0,27,5
440,0,1,0,0,0,1,1,25,5
927,0,1,0,0,0,1,0,47,5
526,0,1,0,0,0,1,1,25,5
464,0,1,0,0,0,1,1,23,5
50,0,1,0,0,0,1,0,29,5
1045,0,1,0,0,0,1,1,45,5
519,0,1,0,0,0,1,1,39,5
361,0,1,0,0,0,1,1,28,5
239,0,1,0,0,0,1,1,36,5
193,0,1,0,0,0,1,0,28,5
335,0,1,0,0,0,1,0,41,5
1797,0,1,0,0,0,1,0,56,5
341,0,1,0,0,0,1,1,23,5
500,0,1,0,0,0,1,1,28,5
1225,0,1,0,0,0,1,0,48,5
280,0,1,0,0,0,1,1,45,5
284,0,1,0,0,0,1,0,29,5
549,0,1,0,0,0,1,1,21,5
1312,0,1,0,0,0,1,1,41,5
1119,0,1,0,0,0,1,1,46,5
879,0,1,0,0,0,1,1,28,5
1372,0,1,0,0,0,1,1,42,5
446,0,1,0,0,0,1,1,27,5
1129,0,1,0,0,0,1,1,56,5
233,0,1,0,0,0,1,1,30,5
346,0,1,0,0,0,1,1,32,5
711,0,1,0,0,0,1,1,24,5
189,0,1,0,0,0,1,1,24,5
239,0,1,0,0,0,1,1,19,5
667,0,1,0,0,0,1,1,29,5
1079,0,1,0,0,0,1,0,26,5
1139,0,1,0,0,0,1,1,20,5
946,0,1,0,0,0,1,1,27,5
1138,0,1,0,0,0,1,1,19,5
729,0,1,0,0,0,1,0,59,5
1079,0,1,0,0,0,1,1,51,5
465,0,1,0,0,0,1,1,28,5
1924,0,1,0,0,0,1,0,49,5
213,0,1,0,0,0,1,1,24,5
186,0,1,0,0,0,1,1,53,5
296,0,1,0,0,0,1,1,27,5
384,0,1,0,0,0,1,0,20,5
794,0,1,0,0,0,1,1,56,5
1146,0,1,0,0,0,1,1,28,5
1761,0,1,0,0,0,1,1,25,5
195,0,1,0,0,0,1,1,27,5
3321,0,1,0,0,0,1,0,31,5
585,0,1,0,0,0,1,0,56,5
406,0,1,0,0,0,1,0,35,5
456,0,1,0,0,0,1,0,29,5
734,0,1,0,0,0,1,1,27,5
429,0,1,0,0,0,1,1,27,5
4,0,1,0,0,0,1,0,25,5
519,0,1,0,0,0,1,0,21,5
668,0,1,0,0,0,1,1,21,5
306,0,1,0,0,0,1,0,24,5
683,0,1,0,0,0,1,0,30,5
255,0,1,0,0,0,1,0,21,5
781,0,1,0,0,0,1,1,31,5
312,0,1,0,0,0,1,0,25,5
620,0,1,0,0,0,1,1,56,5
330,0,1,0,0,0,1,1,24,5
454,0,1,0,0,0,1,1,19,5
1427,0,1,0,0,0,1,1,30,5
790,0,1,0,0,0,1,1,32,5
865,0,1,0,0,0,1,1,27,5
261,0,1,0,0,0,1,0,20,5
732,0,1,0,0,0,1,1,45,5
353,0,1,0,0,0,1,1,29,5
582,0,1,0,0,0,1,0,39,5
1041,0,1,0,0,0,1,0,29,5
229,0,1,0,0,0,1,1,28,5
781,0,1,0,0,0,1,1,39,5
270,0,1,0,0,0,1,0,23,5
619,0,1,0,0,0,1,0,52,5
902,0,1,0,0,0,1,0,55,5
2467,0,1,0,0,0,1,1,27,5
199,0,1,0,0,0,1,0,30,5
1238,0,1,0,0,0,1,0,28,5
445,0,1,0,0,0,1,0,25,5
606,0,1,0,0,0,1,0,32,5
512,0,1,0,0,0,1,1,28,5
536,0,1,0,0,0,1,0,49,5
835,0,1,0,0,0,1,0,20,5
502,0,1,0,0,0,1,0,35,5
759,0,1,0,0,0,1,1,55,5
364,0,1,0,0,0,1,1,28,5
545,0,1,0,0,0,1,1,30,5
916,0,1,0,0,0,1,1,45,5
387,0,1,0,0,0,1,0,31,5
4313,0,1,0,0,0,1,1,41,5
1204,0,1,0,0,0,1,0,43,5
49,0,1,0,0,0,1,0,45,5
162,0,1,0,0,0,1,1,48,5
798,0,1,0,0,0,1,1,51,5
438,0,1,0,0,0,1,1,24,5
1931,0,1,0,0,0,1,1,33,5
555,0,1,0,0,0,1,1,42,5
272,0,1,0,0,0,1,1,30,5
1911,0,1,0,0,0,1,1,41,5
659,0,1,0,0,0,1,0,29,5
466,0,1,0,0,0,1,1,26,5
568,0,1,0,0,0,1,1,38,5
444,0,1,0,0,0,1,1,28,5
647,0,1,0,0,0,1,0,32,5
2484,0,1,0,0,0,1,0,48,5
274,0,1,0,0,0,1,0,21,5
388,0,1,0,0,0,1,0,55,5
204,0,1,0,0,0,1,1,36,5
822,0,1,0,0,0,1,1,19,5
446,0,1,0,0,0,1,0,36,5
328,0,1,0,0,0,1,1,29,5
434,0,1,0,0,0,1,1,33,5
644,0,1,0,0,0,1,1,27,5
314,0,1,0,0,0,1,1,56,5
546,0,1,0,0,0,1,0,43,5
371,0,1,0,0,0,1,0,29,5
516,0,1,0,0,0,1,1,24,5
1853,0,1,0,0,0,1,1,18,5
471,0,1,0,0,0,1,1,20,5
377,0,1,0,0,0,1,1,28,5
769,0,1,0,0,0,1,1,50,5
4762,0,1,0,0,0,1,0,26,5
1414,0,1,0,0,0,1,1,58,5
508,0,1,0,0,0,1,1,26,5
1012,0,1,0,0,0,1,0,38,5
192,0,1,0,0,0,1,1,26,5
358,0,1,0,0,0,1,0,29,5
1140,0,1,0,0,0,1,0,33,5
284,0,1,0,0,0,1,1,24,5
1447,0,1,0,0,0,1,1,26,5
658,0,1,0,0,0,1,0,48,5
109,0,1,0,0,0,1,0,47,5
806,0,1,0,0,0,1,1,29,5
295,0,1,0,0,0,1,0,25,5
947,0,1,0,0,0,1,0,33,5
338,0,1,0,0,0,1,1,25,5
1537,0,1,0,0,0,1,1,32,5
2429,0,1,0,0,0,1,1,23,5
303,0,1,0,0,0,1,1,42,5
403,0,1,0,0,0,1,1,25,5
502,0,1,0,0,0,1,1,18,5
1540,0,1,0,0,0,1,1,31,5
269,0,1,0,0,0,1,1,28,5
114,0,1,0,0,0,1,0,21,5
971,0,1,0,0,0,1,1,43,5
342,0,1,0,0,0,1,0,24,5
328,0,1,0,0,0,1,1,24,5
535,0,1,0,0,0,1,1,23,5
1628,0,1,0,0,0,1,0,31,5
620,0,1,0,0,0,1,0,32,5
1174,0,1,0,0,0,1,0,53,5
455,0,1,0,0,0,1,0,30,5
294,0,1,0,0,0,1,1,24,5
1616,0,1,0,0,0,1,0,25,5
660,0,1,0,0,0,1,1,22,5
532,0,1,0,0,0,1,1,26,5
232,0,1,0,0,0,1,1,20,5
289,0,1,0,0,0,1,1,50,5
621,0,1,0,0,0,1,1,56,5
628,0,1,0,0,0,1,0,24,5
603,0,1,0,0,0,1,1,43,5
2798,0,1,0,0,0,1,0,30,5
712,0,1,0,0,0,1,1,34,5
903,0,1,0,0,0,1,1,25,5
600,0,1,0,0,0,1,1,53,5
147,0,1,0,0,0,1,0,25,5
513,0,1,0,0,0,1,1,26,5
502,0,1,0,0,0,1,1,27,5
619,0,1,0,0,0,1,1,30,5
1667,0,1,0,0,0,1,0,27,5
474,0,1,0,0,0,1,1,55,5
998,0,1,0,0,0,1,1,55,5
292,0,1,0,0,0,1,1,30,5
466,0,1,0,0,0,1,1,25,5
54,0,1,0,0,0,1,1,23,5
739,0,1,0,0,0,1,0,58,5
422,0,1,0,0,0,1,0,20,5
1031,0,1,0,0,0,1,0,27,5
736,0,1,0,0,0,1,0,26,5
394,0,1,0,0,0,1,0,27,5
244,0,1,0,0,0,1,0,54,5
313,0,1,0,0,0,1,0,26,5
2036,0,1,0,0,0,1,1,24,5
3,0,1,0,0,0,1,1,29,5
555,0,1,0,0,0,1,1,26,5
280,0,1,0,0,0,1,1,31,5
1066,0,1,0,0,0,1,1,32,5
637,0,1,0,0,0,1,0,31,5
2503,0,1,0,0,0,1,1,48,5
796,0,1,0,0,0,1,1,40,5
221,0,1,0,0,0,1,1,46,5
717,0,1,0,0,0,1,1,25,5
492,0,1,0,0,0,1,1,24,5
1011,0,1,0,0,0,1,0,23,5
277,0,1,0,0,0,1,1,47,5
945,0,1,0,0,0,1,1,35,5
1004,0,1,0,0,0,1,1,35,5
328,0,1,0,0,0,1,1,26,5
366,0,1,0,0,0,1,1,42,5
203,0,1,0,0,0,1,1,50,5
843,0,1,0,0,0,1,1,38,5
382,0,1,0,0,0,1,1,25,5
228,0,1,0,0,0,1,1,36,5
869,0,1,0,0,0,1,1,30,5
961,0,1,0,0,0,1,0,44,5
870,0,1,0,0,0,1,0,42,5
202,0,1,0,0,0,1,0,34,5
616,0,1,0,0,0,1,1,36,5
494,0,1,0,0,0,1,1,30,5
774,0,1,0,0,0,1,1,29,5
1075,0,1,0,0,0,1,0,40,5
477,0,1,0,0,0,1,1,26,5
409,0,1,0,0,0,1,1,26,5
532,0,1,0,0,0,1,1,40,5
215,0,1,0,0,0,1,0,53,5
191,0,1,0,0,0,1,1,29,5
1355,0,1,0,0,0,1,0,36,5
1238,0,1,0,0,0,1,0,33,5
96,0,1,0,0,0,1,1,30,5
331,0,1,0,0,0,1,1,42,5
405,0,1,0,0,0,1,0,38,5
832,0,1,0,0,0,1,1,28,5
610,0,1,0,0,0,1,1,25,5
609,0,1,0,0,0,1,1,49,5
490,0,1,0,0,0,1,1,35,5
471,0,1,0,0,0,1,1,30,5
270,0,1,0,0,0,1,1,33,5
1731,0,1,0,0,0,1,1,27,5
331,0,1,0,0,0,1,1,33,5
218,0,1,0,0,0,1,1,23,5
873,0,1,0,0,0,1,1,56,5
264,0,1,0,0,0,1,1,44,5
2578,0,1,0,0,0,1,1,60,5
410,0,1,0,0,0,1,1,26,5
885,0,1,0,0,0,1,1,35,5
1622,0,1,0,0,0,1,0,53,5
593,0,1,0,0,0,1,0,25,5
516,0,1,0,0,0,1,1,23,5
1645,0,1,0,0,0,1,1,78,5
110,0,1,0,0,0,1,1,31,5
305,0,1,0,0,0,1,1,33,5
512,0,1,0,0,0,1,1,28,5
534,0,1,0,0,0,1,0,28,5
921,0,1,0,0,0,1,1,28,5
1172,0,1,0,0,0,1,1,31,5
1664,0,1,0,0,0,1,1,46,5
2019,0,1,0,0,0,1,1,31,5
2295,0,1,0,0,0,1,0,52,5
481,0,1,0,0,0,1,1,31,5
447,0,1,0,0,0,1,1,30,5
589,0,1,0,0,0,1,0,22,5
1121,0,1,0,0,0,1,0,56,5
242,0,1,0,0,0,1,1,32,5
558,0,1,0,0,0,1,1,29,5
1046,0,1,0,0,0,1,1,29,5
541,0,1,0,0,0,1,0,35,5
1262,0,1,0,0,0,1,0,29,5
1045,0,1,0,0,0,1,1,58,5
292,0,1,0,0,0,1,0,37,5
385,0,1,0,0,0,1,1,19,5
1536,0,1,0,0,0,1,1,31,5
408,0,1,0,0,0,1,1,21,5
594,0,1,0,0,0,1,0,28,5
1736,0,1,0,0,0,1,1,24,5
240,0,1,0,0,0,1,1,27,5
866,0,1,0,0,0,1,1,36,5
1555,0,1,0,0,0,1,0,28,5
259,0,1,0,0,0,1,0,25,5
816,0,1,0,0,0,1,0,31,5
421,0,1,0,0,0,1,1,23,5
1361,0,1,0,0,0,1,1,47,5
1482,0,1,0,0,0,1,1,29,5
429,0,1,0,0,0,1,1,34,5
993,0,1,0,0,0,1,1,26,5
177,0,1,0,0,0,1,1,56,5
368,0,1,0,0,0,1,1,31,5
478,0,1,0,0,0,1,0,28,5
1057,0,1,0,0,0,1,1,50,5
586,0,1,0,0,0,1,1,21,5
1510,0,1,0,0,0,1,1,26,5
559,0,1,0,0,0,1,1,24,5
738,0,1,0,0,0,1,1,35,5
693,0,1,0,0,0,1,1,40,5
580,0,1,0,0,0,1,1,53,5
539,0,1,0,0,0,1,1,23,5
1229,0,1,0,0,0,1,0,35,5
633,0,1,0,0,0,1,1,54,5
357,0,1,0,0,0,1,1,28,5
468,0,1,0,0,0,1,1,33,5
302,0,1,0,0,0,1,1,27,5
374,0,1,0,0,0,1,1,26,5
272,0,1,0,0,0,1,1,26,5
399,0,1,0,0,0,1,0,23,5
971,0,1,0,0,0,1,0,31,5
752,0,1,0,0,0,1,0,34,5
355,0,1,0,0,0,1,1,23,5
436,0,1,0,0,0,1,1,26,5
432,0,1,0,0,0,1,1,26,5
901,0,1,0,0,0,1,1,45,5
66,0,1,0,0,0,1,1,39,5
454,0,1,0,0,0,1,0,27,5
592,0,1,0,0,0,1,1,22,5
300,0,1,0,0,0,1,1,33,5
921,0,1,0,0,0,1,0,28,5
247,0,1,0,0,0,1,0,28,5
446,0,1,0,0,0,1,1,24,5
663,0,1,0,0,0,1,1,24,5
562,0,1,0,0,0,1,0,28,5
906,0,1,0,0,0,1,1,28,5
320,0,1,0,0,0,1,1,29,5
588,0,1,0,0,0,1,1,51,5
369,0,1,0,0,0,1,0,28,5
2706,0,1,0,0,0,1,0,25,5
737,0,1,0,0,0,1,1,39,5
707,0,1,0,0,0,1,1,34,5
2632,0,1,0,0,0,1,1,58,5
129,0,1,0,0,0,1,1,35,5
388,0,1,0,0,0,1,1,29,5
345,0,1,0,0,0,1,1,21,5
414,0,1,0,0,0,1,1,41,5
1266,0,1,0,0,0,1,1,28,5
959,0,1,0,0,0,1,0,31,5
1769,0,1,0,0,0,1,1,24,5
417,0,1,0,0,0,1,1,41,5
451,0,1,0,0,0,1,1,29,5
1336,0,1,0,0,0,1,0,39,5
540,0,1,0,0,0,1,1,27,5
189,0,1,0,0,0,1,1,25,5
1007,0,1,0,0,0,1,0,36,5
559,0,1,0,0,0,1,0,21,5
468,0,1,0,0,0,1,1,29,5
256,0,1,0,0,0,1,1,21,5
1417,0,1,0,0,0,1,1,24,5
524,0,1,0,0,0,1,0,32,5
539,0,1,0,0,0,1,1,21,5
499,0,1,0,0,0,1,1,20,5
317,0,1,0,0,0,1,0,32,5
279,0,1,0,0,0,1,1,20,5
876,0,1,0,0,0,1,1,28,5
484,0,1,0,0,0,1,0,41,5
16,0,1,0,0,0,1,1,31,5
581,0,1,0,0,0,1,1,31,5
408,0,1,0,0,0,1,1,31,5
444,0,1,0,0,0,1,1,42,5
845,0,1,0,0,0,1,1,35,5
625,0,1,0,0,0,1,0,49,5
1444,0,1,0,0,0,1,1,28,5
1163,0,1,0,0,0,1,0,24,5
533,0,1,0,0,0,1,0,20,5
563,0,1,0,0,0,1,1,36,5
411,0,1,0,0,0,1,1,27,5
1214,0,1,0,0,0,1,1,29,5
637,0,1,0,0,0,1,1,33,5
331,0,1,0,0,0,1,1,23,5
931,0,1,0,0,0,1,1,44,5
557,0,1,0,0,0,1,1,47,5
928,0,1,0,0,0,1,0,27,5
16,0,1,0,0,0,1,0,23,5
472,0,1,0,0,0,1,1,35,5
1010,0,1,0,0,0,1,1,44,5
218,0,1,0,0,0,1,1,48,5
495,0,0,1,0,0,1,1,40,4
20,0,0,0,1,0,1,1,35,4
430,0,0,1,0,0,1,0,40,4
885,0,0,1,0,0,1,1,29,4
1298,0,0,1,0,0,1,1,28,4
161,0,0,1,0,0,1,1,33,4
193,0,0,1,0,0,1,1,23,4
731,0,0,0,1,0,1,1,24,4
517,0,0,1,0,0,1,0,36,4
592,0,0,1,0,0,1,0,24,4
386,0,0,1,0,0,1,1,30,4
806,0,0,1,0,0,1,0,28,4
1986,0,0,1,0,0,1,0,27,4
648,0,0,1,0,0,1,0,24,4
1402,0,0,0,1,0,1,0,25,4
662,0,0,1,0,0,1,0,36,4
510,0,0,1,0,0,1,1,19,4
356,0,0,0,1,0,1,0,21,4
884,0,0,0,1,0,1,1,34,4
778,0,0,0,1,0,1,1,36,4
706,0,0,1,0,0,1,0,22,4
475,0,0,1,0,0,1,0,25,4
927,0,0,1,0,0,1,1,26,4
859,0,0,1,0,0,1,1,29,4
369,0,0,1,0,0,1,1,32,4
210,0,0,1,0,0,1,0,36,4
213,0,0,1,0,0,1,1,33,4
754,0,0,1,0,0,1,1,24,4
384,0,0,1,0,0,1,1,39,4
411,0,0,0,1,0,1,1,20,4
508,0,0,1,0,0,1,0,31,4
783,0,0,1,0,0,1,1,27,4
523,0,0,1,0,0,1,1,27,4
298,0,0,1,0,0,1,1,20,4
1276,0,0,1,0,0,1,1,31,4
1514,0,0,1,0,0,1,1,29,4
464,0,0,1,0,0,1,1,29,4
325,0,0,1,0,0,1,1,20,4
197,0,0,1,0,0,1,1,31,4
384,0,0,1,0,0,1,1,50,4
1070,0,0,0,1,0,1,1,40,4
1059,0,0,1,0,0,1,0,35,4
18,0,0,1,0,0,1,1,69,4
130,0,0,1,0,0,1,1,29,4
402,0,0,1,0,0,1,1,31,4
629,0,0,1,0,0,1,0,32,4
569,0,0,1,0,0,1,1,29,4
589,0,0,1,0,0,1,1,42,4
1119,0,0,1,0,0,1,1,29,4
167,0,0,1,0,0,1,1,46,4
508,0,0,0,1,0,1,1,34,4
277,0,0,1,0,0,1,1,23,4
666,0,0,0,1,0,1,1,24,4
555,0,0,1,0,0,1,1,31,4
445,0,0,1,0,0,1,1,29,4
264,0,0,1,0,0,1,1,50,4
341,0,0,1,0,0,1,1,43,4
1961,0,0,0,1,0,1,1,25,4
150,0,0,1,0,0,1,1,19,4
437,0,0,1,0,0,1,1,35,4
403,0,0,0,1,0,1,0,32,4
920,0,0,1,0,0,1,0,22,4
356,0,0,1,0,0,1,0,33,4
947,0,0,1,0,0,1,0,20,4
291,0,0,1,0,0,1,1,29,4
289,0,0,1,0,0,1,1,50,4
464,0,0,1,0,0,1,0,23,4
577,0,0,1,0,0,1,0,25,4
1548,0,0,1,0,0,1,1,32,4
1290,0,0,1,0,0,1,0,23,4
566,0,0,0,1,0,1,1,26,4
1009,0,0,1,0,0,1,1,59,4
138,0,0,1,0,0,1,0,30,4
229,0,0,1,0,0,1,1,29,4
278,0,0,1,0,0,1,1,23,4
757,0,0,1,0,0,1,1,30,4
764,0,0,1,0,0,1,0,29,4
275,0,0,1,0,0,1,1,30,4
970,0,0,0,1,0,1,1,24,4
818,0,0,1,0,0,1,0,34,4
186,0,0,1,0,0,1,1,20,4
311,0,0,1,0,0,1,1,29,4
484,0,0,0,1,0,1,0,24,4
242,0,0,1,0,0,1,1,38,4
550,0,0,1,0,0,1,1,50,4
1170,0,0,1,0,0,1,1,24,4
786,0,0,1,0,0,1,1,24,4
537,0,0,1,0,0,1,1,31,4
668,0,0,1,0,0,1,0,32,4
778,0,0,0,1,0,1,0,22,4
839,0,0,1,0,0,1,1,30,4
975,0,0,1,0,0,1,1,33,4
675,0,0,0,1,0,1,1,29,4
1207,0,0,1,0,0,1,1,20,4
1469,0,0,1,0,0,1,1,67,4
643,0,0,1,0,0,1,1,23,4
663,0,0,1,0,0,1,1,29,4
112,0,0,1,0,0,1,1,27,4
319,0,0,1,0,0,1,1,31,4
584,0,0,1,0,0,1,1,24,4
418,0,0,1,0,0,1,1,50,4
3171,0,0,1,0,0,1,1,36,4
588,0,0,1,0,0,1,1,21,4
651,0,0,1,0,0,1,1,25,4
1791,0,0,1,0,0,1,1,48,4
863,0,0,1,0,0,1,0,21,4
93,0,0,1,0,0,1,1,23,4
1111,0,0,1,0,0,1,0,32,4
707,0,0,1,0,0,1,1,24,4
493,0,0,1,0,0,1,0,26,4
1165,0,0,1,0,0,1,1,33,4
332,0,0,1,0,0,1,0,30,4
712,0,0,1,0,0,1,0,41,4
728,0,0,1,0,0,1,1,27,4
523,0,0,0,1,0,1,1,27,4
1668,0,0,0,1,0,1,1,24,4
590,0,0,0,1,0,1,1,21,4
472,0,0,0,1,0,1,1,24,4
185,0,0,1,0,0,1,0,23,4
597,0,0,0,1,0,1,0,27,4
1259,0,0,1,0,0,1,0,30,4
1149,0,0,1,0,0,1,0,28,4
1347,0,0,1,0,0,1,1,39,4
256,0,0,1,0,0,1,1,27,4
3295,0,0,0,1,0,1,1,29,4
1076,0,0,1,0,0,1,0,28,4
202,0,0,1,0,0,1,1,25,4
479,0,0,1,0,0,1,1,38,4
445,0,0,1,0,0,1,0,24,4
1596,0,0,1,0,0,1,1,35,4
1556,0,0,1,0,0,1,0,23,4
1370,0,0,1,0,0,1,1,25,4
761,0,0,1,0,0,1,0,28,4
1902,0,0,1,0,0,1,0,25,4
356,0,0,1,0,0,1,1,21,4
1593,0,0,1,0,0,1,0,21,4
589,0,0,0,1,0,1,1,22,4
883,0,0,1,0,0,1,1,51,4
179,0,0,1,0,0,1,0,37,4
455,0,0,0,1,0,1,1,31,4
346,0,0,1,0,0,1,1,29,4
154,0,0,0,1,0,1,1,28,4
687,0,0,1,0,0,1,0,50,4
338,0,0,0,1,0,1,0,23,4
573,0,0,0,1,0,1,0,22,4
461,0,0,1,0,0,1,1,40,4
1184,0,0,1,0,0,1,0,30,4
736,0,0,1,0,0,1,1,22,4
249,0,0,1,0,0,1,1,30,4
254,0,0,1,0,0,1,1,27,4
703,0,0,0,1,0,1,1,66,4
581,0,0,1,0,0,1,1,20,4
414,0,0,1,0,0,1,1,23,4
911,0,0,1,0,0,1,0,28,4
1950,0,0,1,0,0,1,1,18,4
422,0,0,1,0,0,1,1,27,4
2464,0,0,1,0,0,1,0,42,4
1559,0,0,1,0,0,1,1,54,4
587,0,0,0,1,0,1,1,48,4
673,0,0,1,0,0,1,1,36,4
1038,0,0,0,1,0,1,0,35,4
5,0,0,0,1,0,1,1,24,4
564,0,0,1,0,0,1,1,49,4
190,0,0,1,0,0,1,1,19,4
510,0,0,0,1,0,1,1,25,4
319,0,0,0,1,0,1,0,26,4
565,0,0,1,0,0,1,0,28,4
288,0,0,1,0,0,1,1,40,4
302,0,0,1,0,0,1,1,26,4
521,0,0,1,0,0,1,1,34,4
648,0,0,1,0,0,1,0,24,4
1602,0,0,1,0,0,1,1,29,4
1216,0,0,1,0,0,1,1,26,4
619,0,0,1,0,0,1,1,20,4
287,0,0,1,0,0,1,1,24,4
421,0,0,1,0,0,1,0,39,4
568,0,0,1,0,0,1,1,33,4
741,0,0,1,0,0,1,0,31,4
295,0,0,0,1,0,1,1,27,4
603,0,0,0,1,0,1,1,26,4
488,0,0,1,0,0,1,1,25,4
765,0,0,1,0,0,1,1,34,4
1771,0,0,0,1,0,1,1,25,4
1675,0,0,1,0,0,1,0,53,4
425,0,0,1,0,0,1,1,29,4
1373,0,0,1,0,0,1,0,34,4
599,0,0,1,0,0,1,1,24,4
167,0,0,1,0,0,1,1,51,4
596,0,0,1,0,0,1,0,31,4
923,0,0,1,0,0,1,1,27,4
1180,0,0,1,0,0,1,1,67,4
766,0,0,1,0,0,1,1,21,4
820,0,0,1,0,0,1,1,56,4
775,0,0,1,0,0,1,1,25,4
1149,0,0,0,1,0,1,0,31,4
324,0,0,0,1,0,1,1,26,4
659,0,0,1,0,0,1,0,23,4
636,0,0,1,0,0,1,0,44,4
666,0,0,0,1,0,1,0,27,4
464,0,0,1,0,0,1,1,45,4
517,0,0,1,0,0,1,1,52,4
763,0,0,1,0,0,1,1,52,4
332,0,0,1,0,0,1,1,54,4
2130,0,0,1,0,0,1,1,22,4
576,0,0,1,0,0,1,1,52,4
732,0,0,1,0,0,1,1,24,4
204,0,0,0,1,0,1,1,34,4
607,0,0,1,0,0,1,1,25,4
507,0,0,0,1,0,1,1,33,4
441,0,0,1,0,0,1,1,32,4
3047,0,0,1,0,0,1,0,43,4
792,0,0,1,0,0,1,1,37,4
1079,0,0,1,0,0,1,0,39,4
621,0,0,1,0,0,1,1,23,4
879,0,0,1,0,0,1,0,23,4
235,0,0,1,0,0,1,1,32,4
345,0,0,1,0,0,1,1,19,4
5,0,0,0,1,0,1,1,19,4
191,0,0,1,0,0,1,1,24,4
439,0,0,1,0,0,1,0,25,4
989,0,0,1,0,0,1,1,21,4
777,0,0,1,0,0,1,1,25,4
752,0,0,1,0,0,1,1,30,4
943,0,0,1,0,0,1,1,27,4
439,0,0,1,0,0,1,1,43,4
350,0,0,1,0,0,1,1,35,4
862,0,0,0,1,0,1,1,34,4
395,0,0,1,0,0,1,1,25,4
1432,0,0,1,0,0,1,1,56,4
437,0,0,1,0,0,1,1,25,4
529,0,0,1,0,0,1,1,34,4
1081,0,0,1,0,0,1,1,39,4
1367,0,0,1,0,0,1,0,25,4
348,0,0,0,1,0,1,1,28,4
2785,0,0,1,0,0,1,1,24,4
444,0,0,1,0,0,1,1,52,4
537,0,0,1,0,0,1,0,32,4
465,0,0,1,0,0,1,0,45,4
397,0,0,1,0,0,1,1,34,4
1088,0,0,1,0,0,1,0,39,4
652,0,0,1,0,0,1,1,33,4
352,0,0,1,0,0,1,1,29,4
300,0,0,1,0,0,1,1,23,4
1352,0,0,1,0,0,1,0,30,4
421,0,0,1,0,0,1,1,30,4
1062,0,0,0,1,0,1,0,24,4
604,0,0,1,0,0,1,0,34,4
478,0,0,1,0,0,1,0,30,4
1059,0,0,1,0,0,1,1,28,4
326,0,0,1,0,0,1,0,27,4
2050,0,0,1,0,0,1,1,28,4
662,0,0,1,0,0,1,1,25,4
220,0,0,0,1,0,1,0,27,4
186,0,0,1,0,0,1,1,38,4
1221,0,0,1,0,0,1,1,31,4
667,0,0,0,1,0,1,1,31,4
324,0,0,1,0,0,1,1,22,4
428,0,0,1,0,0,1,1,28,4
402,0,0,0,1,0,1,0,24,4
1565,0,0,1,0,0,1,1,32,4
8,0,0,1,0,0,1,1,34,4
174,0,0,1,0,0,1,1,21,4
848,0,0,1,0,0,1,0,33,4
195,0,0,1,0,0,1,1,29,4
1255,0,0,1,0,0,1,1,29,4
2039,0,0,1,0,0,1,1,27,4
273,0,0,0,1,0,1,1,23,4
301,0,0,1,0,0,1,1,34,4
337,0,0,1,0,0,1,1,29,4
1796,0,0,1,0,0,1,1,31,4
186,0,0,0,1,0,1,1,39,4
957,0,0,1,0,0,1,0,31,4
782,0,0,1,0,0,1,1,36,4
482,0,0,0,1,0,1,1,28,4
169,0,0,0,1,0,1,1,34,4
118,0,0,0,1,0,1,1,25,4
661,0,0,1,0,0,1,1,25,4
316,0,0,1,0,0,1,1,27,4
854,0,0,1,0,0,1,1,50,4
141,0,0,1,0,0,1,1,29,4
346,0,0,1,0,0,1,1,24,4
495,0,0,1,0,0,1,1,51,4
188,0,0,1,0,0,1,0,27,4
455,0,0,1,0,0,1,1,28,4
180,0,0,0,1,0,1,1,23,4
486,0,0,0,1,0,1,1,55,4
1136,0,0,1,0,0,1,1,23,4
327,0,0,1,0,0,1,1,31,4
633,0,0,1,0,0,1,1,21,4
121,0,0,0,1,0,1,1,30,4
172,0,0,0,1,0,1,1,21,4
419,0,0,0,1,0,1,1,23,4
753,0,0,0,1,0,1,0,30,4
699,0,0,0,1,0,1,1,55,4
1577,0,0,1,0,0,1,1,27,4
795,0,0,1,0,0,1,0,35,4
226,0,0,1,0,0,1,1,29,4
420,0,0,0,1,0,1,1,36,4
14,0,0,1,0,0,1,1,34,4
338,0,0,0,1,0,1,1,24,4
711,0,0,1,0,0,1,0,56,4
488,0,0,1,0,0,1,1,51,4
298,0,0,1,0,0,1,1,24,4
789,0,0,1,0,0,1,0,21,4
396,0,0,1,0,0,1,1,43,4
173,0,0,1,0,0,1,1,60,4
692,0,0,1,0,0,1,1,32,4
441,0,0,1,0,0,1,1,32,4
370,0,0,1,0,0,1,0,29,4
48,0,0,0,1,0,1,1,21,4
212,0,0,0,1,0,1,1,22,4
965,0,0,1,0,0,1,1,31,4
222,0,0,0,1,0,1,0,23,4
940,0,0,1,0,0,1,1,28,4
1462,0,0,1,0,0,1,1,29,4
310,0,0,1,0,0,1,0,27,4
167,0,0,0,1,0,1,1,24,4
414,0,0,1,0,0,1,1,29,4
1436,0,0,1,0,0,1,1,44,4
506,0,0,1,0,0,1,0,25,4
140,0,0,1,0,0,1,1,23,4
536,0,0,1,0,0,1,1,25,4
1464,0,0,1,0,0,1,1,36,4
1411,0,0,1,0,0,1,1,35,4
262,0,0,1,0,0,1,1,24,4
265,0,0,0,1,0,1,1,20,4
1739,0,0,1,0,0,1,1,35,4
561,0,0,1,0,0,1,1,57,4
577,0,0,0,1,0,1,1,24,4
791,0,0,1,0,0,1,0,29,4
194,0,0,1,0,0,1,1,23,4
611,0,0,0,1,0,1,1,27,4
610,0,0,1,0,0,1,1,27,4
609,0,0,1,0,0,1,0,27,4
745,0,0,1,0,0,1,0,27,4
761,0,0,1,0,0,1,0,35,4
332,0,0,1,0,0,1,1,24,4
1158,0,0,1,0,0,1,1,30,4
433,0,0,1,0,0,1,1,27,4
417,0,0,1,0,0,1,0,42,4
196,0,0,1,0,0,1,1,25,4
965,0,0,1,0,0,1,1,33,4
394,0,0,1,0,0,1,1,29,4
172,0,0,1,0,0,1,0,20,4
367,0,0,0,1,0,1,1,19,4
126,0,0,0,1,0,1,1,21,4
758,0,0,0,1,0,1,0,23,4
199,0,0,1,0,0,1,1,24,4
167,0,0,1,0,0,1,1,28,4
392,0,0,1,0,0,1,1,26,4
506,0,0,1,0,0,1,1,35,4
135,0,0,1,0,0,1,1,44,4
1032,0,0,1,0,0,1,1,37,4
454,0,0,1,0,0,1,1,38,4
899,0,0,1,0,0,1,1,30,4
1364,0,0,1,0,0,1,0,23,4
1029,0,0,1,0,0,1,1,52,4
575,0,0,1,0,0,1,1,38,4
293,0,0,1,0,0,1,1,29,4
782,0,0,1,0,0,1,0,25,4
438,0,0,0,1,0,1,0,26,4
630,0,0,1,0,0,1,1,36,4
1125,0,0,1,0,0,1,1,25,4
318,0,0,1,0,0,1,0,20,4
554,0,0,1,0,0,1,0,35,4
191,0,0,1,0,0,1,1,46,4
1400,0,0,1,0,0,1,1,28,4
390,0,0,1,0,0,1,1,44,4
65,0,0,1,0,0,1,1,39,4
171,0,0,1,0,0,1,1,25,4
593,0,0,0,1,0,1,0,21,4
849,0,0,0,1,0,1,1,38,4
262,0,0,1,0,0,1,1,27,4
2467,0,0,1,0,0,1,1,25,4
1191,0,0,1,0,0,1,1,30,4
766,0,0,0,1,0,1,1,27,4
423,0,0,1,0,0,1,0,42,4
849,0,0,0,1,0,1,1,27,4
614,0,0,0,1,0,1,1,27,4
638,0,0,1,0,0,1,1,32,4
556,0,0,1,0,0,1,1,21,4
328,0,0,0,1,0,1,0,25,4
239,0,0,1,0,0,1,1,24,4
678,0,0,1,0,0,1,1,24,4
494,0,0,1,0,0,1,1,28,4
177,0,0,1,0,0,1,0,32,4
1066,0,0,1,0,0,1,0,25,4
1020,0,0,0,1,0,1,1,33,4
353,0,0,1,0,0,1,1,19,4
963,0,0,1,0,0,1,1,57,4
848,0,0,0,1,0,1,1,22,4
790,0,0,1,0,0,1,1,35,4
943,0,0,1,0,0,1,0,32,4
556,0,0,1,0,0,1,0,30,4
201,0,0,0,1,0,1,1,36,4
220,0,0,1,0,0,1,1,24,4
380,0,0,0,1,0,1,0,24,4
457,0,0,1,0,0,1,0,23,4
1879,0,0,0,1,0,1,1,26,4
1611,0,0,1,0,0,1,0,21,4
518,0,0,1,0,0,1,1,29,4
562,0,0,1,0,0,1,1,26,4
1186,0,0,1,0,0,1,1,27,4
368,0,0,1,0,0,1,1,26,4
1142,0,0,0,1,0,1,1,21,4
1368,0,0,1,0,0,1,1,21,4
780,0,0,1,0,0,1,1,51,4
3,0,0,1,0,0,1,1,25,4
422,0,0,0,1,0,1,1,26,4
960,0,0,1,0,0,1,1,30,4
209,0,0,1,0,0,1,1,38,4
187,0,0,1,0,0,1,1,46,4
1012,0,0,1,0,0,1,0,29,4
699,0,0,0,1,0,1,1,23,4
330,0,0,1,0,0,1,1,26,4
282,0,0,0,1,0,1,1,25,4
359,0,0,1,0,0,1,0,25,4
437,0,0,0,1,0,1,1,23,4
664,0,0,0,1,0,1,0,25,4
246,0,0,1,0,0,1,1,32,4
613,0,0,1,0,0,1,0,26,4
729,0,0,1,0,0,1,1,51,4
325,0,0,1,0,0,1,1,18,4
628,0,0,1,0,0,1,0,41,4
125,0,0,1,0,0,1,0,24,4
658,0,0,0,1,0,1,1,24,4
233,0,0,0,1,0,1,1,29,4
675,0,0,0,1,0,1,1,29,4
386,0,0,1,0,0,1,1,28,4
351,0,0,0,1,0,1,1,31,4
1145,0,0,1,0,0,1,0,21,4
143,0,0,1,0,0,1,0,30,4
228,0,0,1,0,0,1,1,26,4
589,0,0,1,0,0,1,0,31,4
616,0,0,1,0,0,1,1,22,4
1025,0,0,1,0,0,1,1,18,4
840,0,0,1,0,0,1,1,22,4
273,0,0,1,0,0,1,1,66,4
344,0,0,0,1,0,1,1,31,4
383,0,0,1,0,0,1,1,32,4
806,0,0,1,0,0,1,1,29,4
742,0,0,1,0,0,1,0,30,4
215,0,0,1,0,0,1,1,22,4
512,0,0,1,0,0,1,1,33,4
1115,0,0,1,0,0,1,1,28,4
1570,0,0,1,0,0,1,1,29,4
508,0,0,1,0,0,1,1,53,4
527,0,0,1,0,0,1,1,29,4
511,0,0,1,0,0,1,1,28,4
269,0,0,0,1,0,1,1,24,4
701,0,0,1,0,0,1,1,26,4
775,0,0,0,1,0,1,0,35,4
591,0,0,0,1,0,1,1,40,4
806,0,0,1,0,0,1,1,32,4
312,0,0,1,0,0,1,0,28,4
266,0,0,1,0,0,1,1,38,4
1525,0,0,1,0,0,1,0,50,4
522,0,0,1,0,0,1,0,20,4
312,0,0,1,0,0,1,1,26,4
1033,0,0,1,0,0,1,1,23,4
1272,0,0,1,0,0,1,1,19,4
992,0,0,1,0,0,1,0,34,4
833,0,0,1,0,0,1,1,29,4
108,0,0,1,0,0,1,1,51,4
415,0,0,0,1,0,1,1,28,4
127,0,0,0,1,0,1,1,38,4
815,0,0,1,0,0,1,0,30,4
1273,0,0,1,0,0,1,1,27,4
492,0,0,1,0,0,1,1,25,4
400,0,0,1,0,0,1,1,43,4
462,0,0,1,0,0,1,0,27,4
1035,0,0,1,0,0,1,1,33,4
316,0,0,1,0,0,1,1,25,4
182,0,0,1,0,0,1,1,25,4
591,0,0,1,0,0,1,1,29,4
443,0,0,1,0,0,1,0,24,4
2128,0,0,1,0,0,1,1,27,4
216,0,0,1,0,0,1,1,35,4
1391,0,0,1,0,0,1,0,28,4
846,0,0,1,0,0,1,0,35,4
553,0,0,1,0,0,1,1,26,4
432,0,0,1,0,0,1,1,29,4
1145,0,0,1,0,0,1,1,27,4
895,0,0,1,0,0,1,1,25,4
1070,0,0,0,1,0,1,1,24,4
458,0,0,1,0,0,1,1,26,4
663,0,0,0,1,0,1,1,32,4
699,0,0,1,0,0,1,1,28,4
612,0,0,0,1,0,1,1,25,4
613,0,0,1,0,0,1,1,39,4
292,0,0,1,0,0,1,1,18,4
1081,0,0,1,0,0,1,0,28,4
720,0,0,1,0,0,1,1,25,4
22,0,0,1,0,0,1,1,33,4
581,0,0,1,0,0,1,0,30,4
202,0,0,1,0,0,1,1,24,4
821,0,0,1,0,0,1,1,26,4
611,0,0,0,1,0,1,1,40,4
1077,0,0,1,0,0,1,1,32,4
918,0,0,1,0,0,1,0,37,4
474,1,0,0,0,1,0,1,28,3
998,1,0,0,0,1,0,1,26,3
452,1,0,0,0,1,0,1,55,3
516,1,0,0,0,1,0,1,42,3
654,1,0,0,0,1,0,1,42,3
633,1,0,0,0,1,0,1,25,3
331,1,0,0,0,1,0,1,22,3
798,1,0,0,0,1,0,1,60,3
213,1,0,0,0,1,0,1,20,3
185,1,0,0,0,1,0,1,22,3
584,1,0,0,0,1,0,1,45,3
610,1,0,0,0,1,0,1,45,3
1097,0,0,0,1,1,0,1,22,3
781,1,0,0,0,1,0,1,31,3
686,1,0,0,0,1,0,1,39,3
417,1,0,0,0,1,0,1,29,3
970,1,0,0,0,1,0,1,37,3
1268,1,0,0,0,1,0,1,24,3
292,1,0,0,0,1,0,1,45,3
397,1,0,0,0,1,0,1,53,3
354,1,0,0,0,1,0,1,45,3
1102,1,0,0,0,1,0,1,47,3
485,1,0,0,0,1,0,1,62,3
484,1,0,0,0,1,0,1,61,3
1633,1,0,0,0,1,0,1,26,3
614,1,0,0,0,1,0,1,30,3
270,1,0,0,0,1,0,1,29,3
666,1,0,0,0,1,0,1,22,3
855,1,0,0,0,1,0,1,37,3
273,1,0,0,0,1,0,1,28,3
748,1,0,0,0,1,0,1,24,3
609,1,0,0,0,1,0,1,27,3
155,1,0,0,0,1,0,1,27,3
593,1,0,0,0,1,0,1,27,3
482,1,0,0,0,1,0,1,29,3
146,1,0,0,0,1,0,1,62,3
531,1,0,0,0,1,0,1,45,3
349,1,0,0,0,1,0,1,25,3
1621,1,0,0,0,1,0,1,45,3
361,1,0,0,0,1,0,1,22,3
343,0,0,0,1,1,0,1,19,3
198,1,0,0,0,1,0,1,46,3
1539,1,0,0,0,1,0,1,41,3
365,1,0,0,0,1,0,1,35,3
1226,1,0,0,0,1,0,1,36,3
291,1,0,0,0,1,0,1,44,3
484,1,0,0,0,1,0,1,45,3
2917,0,0,0,1,1,0,1,36,3
405,1,0,0,0,1,0,1,24,3
152,1,0,0,0,1,0,1,20,3
332,1,0,0,0,1,0,1,31,3
492,1,0,0,0,1,0,1,39,3
688,1,0,0,0,1,0,1,62,3
307,1,0,0,0,1,0,1,26,3
579,1,0,0,0,1,0,1,36,3
398,1,0,0,0,1,0,1,28,3
356,1,0,0,0,1,0,1,35,3
693,1,0,0,0,1,0,1,29,3
352,1,0,0,0,1,0,1,57,3
468,1,0,0,0,1,0,1,41,3
1271,1,0,0,0,1,0,1,34,3
753,0,0,0,1,1,0,1,29,3
119,1,0,0,0,1,0,1,39,3
1125,1,0,0,0,1,0,1,34,3
972,1,0,0,0,1,0,1,54,3
364,1,0,0,0,1,0,1,24,3
491,1,0,0,0,1,0,1,24,3
403,1,0,0,0,1,0,1,50,3
285,1,0,0,0,1,0,1,29,3
283,1,0,0,0,1,0,1,38,3
365,1,0,0,0,1,0,1,54,3
477,1,0,0,0,1,0,1,37,3
637,1,0,0,0,1,0,1,48,3
270,1,0,0,0,1,0,1,39,3
357,1,0,0,0,1,0,1,32,3
410,1,0,0,0,1,0,1,55,3
969,1,0,0,0,1,0,1,66,3
453,1,0,0,0,1,0,1,45,3
454,1,0,0,0,1,0,1,41,3
473,1,0,0,0,1,0,1,42,3
505,1,0,0,0,1,0,1,40,3
451,0,0,0,1,1,0,1,42,3
662,1,0,0,0,1,0,1,45,3
1571,1,0,0,0,1,0,1,56,3
1073,1,0,0,0,1,0,1,21,3
213,1,0,0,0,1,0,1,32,3
189,1,0,0,0,1,0,1,45,3
667,1,0,0,0,1,0,1,25,3
478,1,0,0,0,1,0,1,33,3
1542,1,0,0,0,1,0,1,23,3
666,1,0,0,0,1,0,1,54,3
521,1,0,0,0,1,0,1,41,3
440,1,0,0,0,1,0,1,44,3
628,1,0,0,0,1,0,1,18,3
768,1,0,0,0,1,0,1,42,3
181,1,0,0,0,1,0,1,28,3
688,1,0,0,0,1,0,1,36,3
941,1,0,0,0,1,0,1,25,3
1479,1,0,0,0,1,0,1,29,3
698,1,0,0,0,1,0,1,21,3
681,1,0,0,0,1,0,1,55,3
491,1,0,0,0,1,0,1,28,3
989,1,0,0,0,1,0,1,59,3
565,1,0,0,0,1,0,1,53,3
1511,1,0,0,0,1,0,1,27,3
842,0,0,0,1,1,0,1,27,3
420,1,0,0,0,1,0,1,43,3
751,1,0,0,0,1,0,1,42,3
838,1,0,0,0,1,0,1,27,3
656,1,0,0,0,1,0,1,37,3
444,1,0,0,0,1,0,1,38,3
285,1,0,0,0,1,0,1,35,3
593,1,0,0,0,1,0,1,55,3
547,1,0,0,0,1,0,1,49,3
371,1,0,0,0,1,0,1,32,3
253,1,0,0,0,1,0,1,35,3
386,1,0,0,0,1,0,1,29,3
389,1,0,0,0,1,0,1,53,3
382,1,0,0,0,1,0,1,42,3
538,1,0,0,0,1,0,1,20,3
1452,1,0,0,0,1,0,1,25,3
741,1,0,0,0,1,0,1,60,3
596,1,0,0,0,1,0,1,33,3
658,0,0,0,1,1,0,1,22,3
270,1,0,0,0,1,0,1,33,3
1294,1,0,0,0,1,0,1,38,3
441,1,0,0,0,1,0,1,27,3
1253,1,0,0,0,1,0,1,36,3
165,1,0,0,0,1,0,1,44,3
315,1,0,0,0,1,0,1,44,3
401,1,0,0,0,1,0,1,36,3
211,1,0,0,0,1,0,1,38,3
504,1,0,0,0,1,0,1,50,3
341,1,0,0,0,1,0,1,26,3
444,1,0,0,0,1,0,1,26,3
341,0,0,0,1,1,0,1,20,3
1745,1,0,0,0,1,0,1,59,3
263,1,0,0,0,1,0,1,31,3
445,1,0,0,0,1,0,1,31,3
1264,1,0,0,0,1,0,1,46,3
618,1,0,0,0,1,0,1,30,3
417,1,0,0,0,1,0,1,43,3
327,0,0,0,1,1,0,1,31,3
302,1,0,0,0,1,0,1,32,3
362,1,0,0,0,1,0,1,40,3
392,1,0,0,0,1,0,1,57,3
1419,1,0,0,0,1,0,1,57,3
196,1,0,0,0,1,0,1,28,3
823,1,0,0,0,1,0,1,25,3
698,1,0,0,0,1,0,1,31,3
646,1,0,0,0,1,0,1,45,3
731,0,0,0,1,1,0,1,25,3
584,1,0,0,0,1,0,1,68,3
369,1,0,0,0,1,0,1,37,3
1014,1,0,0,0,1,0,1,25,3
248,1,0,0,0,1,0,1,57,3
280,1,0,0,0,1,0,1,35,3
276,1,0,0,0,1,0,1,41,3
501,1,0,0,0,1,0,1,27,3
1085,1,0,0,0,1,0,1,30,3
176,1,0,0,0,1,0,1,29,3
338,0,0,0,1,1,0,1,26,3
726,0,0,0,1,1,0,1,26,3
358,1,0,0,0,1,0,1,20,3
390,1,0,0,0,1,0,1,29,3
180,1,0,0,0,1,0,1,20,3
810,1,0,0,0,1,0,1,33,3
276,1,0,0,0,1,0,1,27,3
276,1,0,0,0,1,0,1,22,3
780,1,0,0,0,1,0,1,35,3
634,1,0,0,0,1,0,1,59,3
679,1,0,0,0,1,0,1,47,3
261,1,0,0,0,1,0,1,24,3
277,0,0,0,1,1,0,1,28,3
833,1,0,0,0,1,0,1,59,3
340,1,0,0,0,1,0,1,25,3
264,1,0,0,0,1,0,1,38,3
960,1,0,0,0,1,0,1,52,3
700,1,0,0,0,1,0,1,53,3
411,1,0,0,0,1,0,1,20,3
890,1,0,0,0,1,0,1,24,3
524,1,0,0,0,1,0,1,26,3
295,1,0,0,0,1,0,1,41,3
450,1,0,0,0,1,0,1,26,3
682,1,0,0,0,1,0,1,40,3
318,1,0,0,0,1,0,1,47,3
210,1,0,0,0,1,0,1,29,3
203,1,0,0,0,1,0,1,33,3
1400,1,0,0,0,1,0,1,58,3
562,1,0,0,0,1,0,1,24,3
330,1,0,0,0,1,0,1,24,3
476,1,0,0,0,1,0,1,29,3
333,1,0,0,0,1,0,1,29,3
731,1,0,0,0,1,0,1,41,3
190,1,0,0,0,1,0,1,33,3
776,1,0,0,0,1,0,1,35,3
136,0,0,0,1,1,0,1,26,3
1327,1,0,0,0,1,0,1,31,3
608,0,0,0,1,1,0,1,27,3
655,1,0,0,0,1,0,1,59,3
445,1,0,0,0,1,0,1,36,3
404,1,0,0,0,1,0,1,57,3
187,1,0,0,0,1,0,1,26,3
217,1,0,0,0,1,0,1,34,3
810,1,0,0,0,1,0,1,29,3
303,1,0,0,0,1,0,1,29,3
861,1,0,0,0,1,0,1,27,3
244,1,0,0,0,1,0,1,35,3
329,1,0,0,0,1,0,1,30,3
385,1,0,0,0,1,0,1,51,3
826,1,0,0,0,1,0,1,41,3
326,1,0,0,0,1,0,1,27,3
496,0,0,0,1,1,0,1,19,3
573,1,0,0,0,1,0,1,24,3
579,1,0,0,0,1,0,1,42,3
286,1,0,0,0,1,0,1,33,3
717,1,0,0,0,1,0,1,40,3
403,1,0,0,0,1,0,1,35,3
643,1,0,0,0,1,0,1,30,3
1157,1,0,0,0,1,0,1,49,3
384,1,0,0,0,1,0,1,28,3
492,1,0,0,0,1,0,1,27,3
393,1,0,0,0,1,0,1,28,3
430,1,0,0,0,1,0,1,26,3
442,0,0,0,1,1,0,1,27,3
499,1,0,0,0,1,0,1,22,3
483,0,0,0,1,1,0,1,35,3
158,1,0,0,0,1,0,1,33,3
1139,1,0,0,0,1,0,1,31,3
374,1,0,0,0,1,0,1,57,3
645,1,0,0,0,1,0,1,34,3
204,1,0,0,0,1,0,1,35,3
178,1,0,0,0,1,0,1,38,3
578,1,0,0,0,1,0,1,62,3
427,1,0,0,0,1,0,1,30,3
920,1,0,0,0,1,0,1,51,3
556,1,0,0,0,1,0,1,65,3
562,1,0,0,0,1,0,1,26,3
676,1,0,0,0,1,0,1,55,3
614,1,0,0,0,1,0,1,46,3
322,1,0,0,0,1,0,1,35,3
238,1,0,0,0,1,0,1,30,3
427,1,0,0,0,1,0,1,43,3
386,1,0,0,0,1,0,1,36,3
578,1,0,0,0,1,0,1,27,3
990,1,0,0,0,1,0,1,26,3
553,1,0,0,0,1,0,1,32,3
688,1,0,0,0,1,0,1,25,3
793,1,0,0,0,1,0,1,26,3
548,1,0,0,0,1,0,1,30,3
279,1,0,0,0,1,0,1,26,3
912,1,0,0,0,1,0,1,25,3
138,1,0,0,0,1,0,1,50,3
497,1,0,0,0,1,0,1,61,3
892,1,0,0,0,1,0,1,62,3
1108,1,0,0,0,1,0,1,38,3
432,1,0,0,0,1,0,1,49,3
452,1,0,0,0,1,0,1,26,3
28,1,0,0,0,1,0,1,26,3
116,1,0,0,0,1,0,1,29,3
729,1,0,0,0,1,0,1,46,3
335,1,0,0,0,1,0,1,54,3
354,1,0,0,0,1,0,1,21,3
497,0,0,0,1,1,0,1,48,3
457,1,0,0,0,1,0,1,35,3
444,1,0,0,0,1,0,1,41,3
221,1,0,0,0,1,0,1,59,3
356,1,0,0,0,1,0,1,28,3
667,1,0,0,0,1,0,1,49,3
1165,1,0,0,0,1,0,1,31,3
125,1,0,0,0,1,0,1,23,3
570,1,0,0,0,1,0,1,42,3
512,1,0,0,0,1,0,1,53,3
309,1,0,0,0,1,0,1,38,3
294,1,0,0,0,1,0,1,37,3
261,1,0,0,0,1,0,1,30,3
941,1,0,0,0,1,0,1,44,3
622,1,0,0,0,1,0,1,29,3
1019,1,0,0,0,1,0,1,35,3
341,1,0,0,0,1,0,1,33,3
468,1,0,0,0,1,0,1,27,3
318,1,0,0,0,1,0,1,55,3
386,1,0,0,0,1,0,1,21,3
300,1,0,0,0,1,0,1,47,3
762,1,0,0,0,1,0,1,45,3
356,1,0,0,0,1,0,1,26,3
987,1,0,0,0,1,0,1,35,3
121,1,0,0,0,1,0,1,27,3
483,1,0,0,0,1,0,1,28,3
86,1,0,0,0,1,0,1,38,3
1599,0,0,0,1,1,0,1,21,3
405,1,0,0,0,1,0,1,48,3
1327,1,0,0,0,1,0,1,54,3
157,1,0,0,0,1,0,1,24,3
552,1,0,0,0,1,0,1,50,3
408,1,0,0,0,1,0,1,27,3
284,1,0,0,0,1,0,1,59,3
298,0,0,0,1,1,0,1,29,3
594,1,0,0,0,1,0,1,40,3
606,1,0,0,0,1,0,1,26,3
352,1,0,0,0,1,0,1,49,3
253,1,0,0,0,1,0,1,44,3
1290,1,0,0,0,1,0,1,44,3
358,1,0,0,0,1,0,1,26,3
226,1,0,0,0,1,0,1,52,3
699,1,0,0,0,1,0,1,34,3
259,1,0,0,0,1,0,1,57,3
409,0,0,0,1,1,0,1,45,3
630,0,0,0,1,1,0,1,29,3
293,1,0,0,0,1,0,1,38,3
240,1,0,0,0,1,0,1,48,3
504,1,0,0,0,1,0,1,57,3
119,1,0,0,0,1,0,1,25,3
26,1,0,0,0,1,0,1,30,3
343,1,0,0,0,1,0,1,24,3
1059,1,0,0,0,1,0,1,47,3
300,1,0,0,0,1,0,1,25,3
309,1,0,0,0,1,0,1,30,3
1482,0,0,0,1,1,0,1,21,3
203,1,0,0,0,1,0,1,26,3
842,1,0,0,0,1,0,1,45,3
525,1,0,0,0,1,0,1,52,3
718,1,0,0,0,1,0,1,41,3
556,1,0,0,0,1,0,1,25,3
451,1,0,0,0,1,0,1,43,3
141,1,0,0,0,1,0,1,29,3
1054,1,0,0,0,1,0,1,57,3
611,1,0,0,0,1,0,1,55,3
973,1,0,0,0,1,0,1,58,3
579,1,0,0,0,1,0,1,31,3
477,1,0,0,0,1,0,1,53,3
619,1,0,0,0,1,0,1,51,3
536,1,0,0,0,1,0,1,22,3
237,1,0,0,0,1,0,1,50,3
385,1,0,0,0,1,0,1,26,3
382,1,0,0,0,1,0,1,26,3
347,1,0,0,0,1,0,1,28,3
260,1,0,0,0,1,0,1,47,3
1374,1,0,0,0,1,0,1,27,3
8,1,0,0,0,1,0,1,35,3
417,1,0,0,0,1,0,1,37,3
702,1,0,0,0,1,0,1,42,3
1572,1,0,0,0,1,0,1,35,3
260,1,0,0,0,1,0,1,43,3
249,1,0,0,0,1,0,1,31,3
333,1,0,0,0,1,0,1,28,3
497,1,0,0,0,1,0,1,29,3
188,1,0,0,0,1,0,1,29,3
1402,1,0,0,0,1,0,1,40,3
818,1,0,0,0,1,0,1,28,3
552,1,0,0,0,1,0,1,28,3
526,1,0,0,0,1,0,1,30,3
1093,1,0,0,0,1,0,1,52,3
639,1,0,0,0,1,0,1,41,3
487,1,0,0,0,1,0,1,53,3
1064,1,0,0,0,1,0,1,31,3
2139,1,0,0,0,1,0,1,49,3
231,1,0,0,0,1,0,1,39,3
561,1,0,0,0,1,0,1,30,3
461,1,0,0,0,1,0,1,27,3
290,1,0,0,0,1,0,1,36,3
384,1,0,0,0,1,0,1,42,3
793,1,0,0,0,1,0,1,48,3
194,1,0,0,0,1,0,1,30,3
549,1,0,0,0,1,0,1,38,3
350,1,0,0,0,1,0,1,37,3
276,1,0,0,0,1,0,1,25,3
548,1,0,0,0,1,0,1,55,3
815,1,0,0,0,1,0,1,62,3
805,1,0,0,0,1,0,1,53,3
161,1,0,0,0,1,0,1,26,3
630,1,0,0,0,1,0,1,68,3
496,1,0,0,0,1,0,1,27,3
276,1,0,0,0,1,0,1,33,3
294,1,0,0,0,1,0,1,29,3
1093,1,0,0,0,1,0,1,28,3
271,1,0,0,0,1,0,1,53,3
310,1,0,0,0,1,0,1,24,3
851,1,0,0,0,1,0,1,39,3
625,1,0,0,0,1,0,1,55,3
188,1,0,0,0,1,0,1,26,3
356,1,0,0,0,1,0,1,50,3
704,1,0,0,0,1,0,1,49,3
414,1,0,0,0,1,0,1,49,3
456,1,0,0,0,1,0,1,44,3
1506,1,0,0,0,1,0,1,49,3
144,1,0,0,0,1,0,1,38,3
883,1,0,0,0,1,0,1,23,3
287,1,0,0,0,1,0,1,31,3
290,1,0,0,0,1,0,1,35,3
434,1,0,0,0,1,0,1,53,3
469,1,0,0,0,1,0,1,19,3
1169,1,0,0,0,1,0,1,38,3
253,1,0,0,0,1,0,1,32,3
605,1,0,0,0,1,0,1,23,3
1426,1,0,0,0,1,0,1,46,3
1293,1,0,0,0,1,0,1,31,3
456,1,0,0,0,1,0,1,35,3
882,1,0,0,0,1,0,1,33,3
611,1,0,0,0,1,0,1,26,3
389,1,0,0,0,1,0,1,27,3
189,1,0,0,0,1,0,1,42,3
313,1,0,0,0,1,0,1,28,3
312,1,0,0,0,1,0,1,29,3
300,0,0,0,1,1,0,1,31,3
618,1,0,0,0,1,0,1,44,3
369,1,0,0,0,1,0,1,23,3
265,1,0,0,0,1,0,1,39,3
451,1,0,0,0,1,0,1,24,3
547,1,0,0,0,1,0,1,59,3
499,1,0,0,0,1,0,1,50,3
440,1,0,0,0,1,0,1,36,3
597,1,0,0,0,1,0,1,32,3
159,1,0,0,0,1,0,1,54,3
202,1,0,0,0,1,0,1,49,3
632,1,0,0,0,1,0,1,29,3
447,1,0,0,0,1,0,1,38,3
697,1,0,0,0,1,0,1,52,3
444,1,0,0,0,1,0,1,57,3
1278,1,0,0,0,1,0,1,27,3
303,1,0,0,0,1,0,1,37,3
467,1,0,0,0,1,0,1,37,3
803,0,0,0,1,1,0,1,28,3
417,1,0,0,0,1,0,1,28,3
345,1,0,0,0,1,0,1,26,3
707,1,0,0,0,1,0,1,61,3
1653,1,0,0,0,1,0,1,28,3
580,1,0,0,0,1,0,1,29,3
1038,1,0,0,0,1,0,1,26,3
485,1,0,0,0,1,0,1,36,3
607,1,0,0,0,1,0,1,25,3
572,1,0,0,0,1,0,1,37,3
570,1,0,0,0,1,0,1,25,3
293,1,0,0,0,1,0,1,29,3
356,1,0,0,0,1,0,1,41,3
247,1,0,0,0,1,0,1,36,3
524,1,0,0,0,1,0,1,37,3
275,1,0,0,0,1,0,1,40,3
513,1,0,0,0,1,0,1,32,3
380,1,0,0,0,1,0,1,42,3
254,1,0,0,0,1,0,1,33,3
473,1,0,0,0,1,0,1,25,3
1024,1,0,0,0,1,0,1,64,3
534,1,0,0,0,1,0,1,36,3
650,1,0,0,0,1,0,1,43,3
927,1,0,0,0,1,0,1,32,3
426,1,0,0,0,1,0,1,21,3
1220,1,0,0,0,1,0,1,32,3
665,1,0,0,0,1,0,1,47,3
471,1,0,0,0,1,0,1,33,3
345,1,0,0,0,1,0,1,27,3
1174,1,0,0,0,1,0,1,35,3
245,1,0,0,0,1,0,1,53,3
881,1,0,0,0,1,0,1,36,3
549,1,0,0,0,1,0,1,55,3
394,1,0,0,0,1,0,1,49,3
371,1,0,0,0,1,0,1,36,3
168,1,0,0,0,1,0,1,30,3
216,1,0,0,0,1,0,1,20,3
335,1,0,0,0,1,0,1,26,3
517,1,0,0,0,1,0,1,24,3
539,0,0,0,1,1,0,1,20,3
503,1,0,0,0,1,0,1,26,3
543,1,0,0,0,1,0,1,52,3
925,1,0,0,0,1,0,1,40,3
347,1,0,0,0,1,0,1,23,3
712,1,0,0,0,1,0,1,42,3
192,1,0,0,0,1,0,1,26,3
1457,0,0,0,1,1,0,1,23,3
346,1,0,0,0,1,0,1,50,3
705,1,0,0,0,1,0,1,46,3
468,1,0,0,0,1,0,1,26,3
1062,1,0,0,0,1,0,1,44,3
267,1,0,0,0,1,0,1,30,3
1101,1,0,0,0,1,0,1,59,3
308,1,0,0,0,1,0,1,30,3
535,1,0,0,0,1,0,1,41,3
589,1,0,0,0,1,0,1,59,3
1075,0,0,0,1,1,0,1,27,3
377,1,0,0,0,1,0,1,28,3
179,1,0,0,0,1,0,1,43,3
543,1,0,0,0,1,0,1,43,3
776,1,0,0,0,1,0,1,30,3
229,1,0,0,0,1,0,1,41,3
434,1,0,0,0,1,0,1,28,3
357,1,0,0,0,1,0,1,53,3
852,1,0,0,0,1,0,1,31,3
453,0,0,0,1,1,0,1,27,3
510,1,0,0,0,1,0,1,42,3
758,1,0,0,0,1,0,1,32,3
345,1,0,0,0,1,0,1,57,3
745,1,0,0,0,1,0,1,32,3
343,1,0,0,0,1,0,1,24,3
560,1,0,0,0,1,0,1,51,3
490,1,0,0,0,1,0,1,55,3
148,1,0,0,0,1,0,1,31,3
224,1,0,0,0,1,0,1,41,3
1453,1,0,0,0,1,0,1,38,3
1014,1,0,0,0,1,0,1,41,3
625,1,0,0,0,1,0,1,29,3
884,0,1,0,0,1,0,1,28,6
1966,0,1,0,0,1,0,1,42,6
384,0,1,0,0,1,0,1,32,6
170,0,1,0,0,1,0,1,27,6
293,0,1,0,0,1,0,1,32,6
1415,0,1,0,0,1,0,1,27,6
455,0,1,0,0,1,0,1,28,6
385,0,1,0,0,1,0,1,32,6
484,0,1,0,0,1,0,1,43,6
273,0,1,0,0,1,0,1,35,6
1107,0,1,0,0,1,0,1,18,6
502,0,1,0,0,1,0,1,27,6
673,0,1,0,0,1,0,1,24,6
433,0,1,0,0,1,0,1,24,6
1131,0,1,0,0,1,0,1,51,6
550,0,1,0,0,1,0,1,29,6
395,0,1,0,0,1,0,1,24,6
234,0,1,0,0,1,0,1,41,6
1301,0,1,0,0,1,0,1,45,6
1008,0,1,0,0,1,0,1,57,6
1085,0,1,0,0,1,0,1,54,6
207,0,1,0,0,1,0,1,31,6
885,0,1,0,0,1,0,1,39,6
435,0,1,0,0,1,0,1,41,6
1402,0,1,0,0,1,0,1,24,6
299,0,1,0,0,1,0,1,33,6
781,0,1,0,0,1,0,1,38,6
833,0,1,0,0,1,0,1,36,6
453,0,1,0,0,1,0,1,59,6
977,0,1,0,0,1,0,1,21,6
432,0,1,0,0,1,0,1,55,6
441,0,1,0,0,1,0,1,27,6
540,0,1,0,0,1,0,1,65,6
360,0,1,0,0,1,0,1,42,6
868,0,1,0,0,1,0,1,27,6
239,0,1,0,0,1,0,1,46,6
517,0,1,0,0,1,0,1,43,6
656,0,1,0,0,1,0,1,31,6
379,0,1,0,0,1,0,1,32,6
782,0,1,0,0,1,0,1,40,6
842,0,1,0,0,1,0,1,21,6
722,0,1,0,0,1,0,1,39,6
274,0,1,0,0,1,0,1,33,6
836,0,1,0,0,1,0,1,26,6
182,0,1,0,0,1,0,1,30,6
1156,0,1,0,0,1,0,1,23,6
335,0,1,0,0,1,0,1,62,6
286,0,1,0,0,1,0,1,53,6
492,0,1,0,0,1,0,1,38,6
491,0,1,0,0,1,0,1,38,6
1301,0,1,0,0,1,0,1,45,6
374,0,1,0,0,1,0,1,47,6
583,0,1,0,0,1,0,1,48,6
1530,0,1,0,0,1,0,1,25,6
607,0,1,0,0,1,0,1,26,6
323,0,1,0,0,1,0,1,53,6
627,0,1,0,0,1,0,1,27,6
531,0,1,0,0,1,0,1,55,6
1009,0,1,0,0,1,0,1,51,6
1388,0,1,0,0,1,0,1,23,6
791,0,1,0,0,1,0,1,39,6
801,0,1,0,0,1,0,1,24,6
943,0,1,0,0,1,0,1,62,6
2806,0,1,0,0,1,0,1,55,6
583,0,1,0,0,1,0,1,33,6
468,0,1,0,0,1,0,1,22,6
1144,0,1,0,0,1,0,1,53,6
562,0,1,0,0,1,0,1,33,6
498,0,1,0,0,1,0,1,42,6
367,0,1,0,0,1,0,1,39,6
659,0,1,0,0,1,0,1,29,6
345,0,1,0,0,1,0,1,43,6
447,0,1,0,0,1,0,1,39,6
369,0,1,0,0,1,0,1,33,6
367,0,1,0,0,1,0,1,43,6
203,0,1,0,0,1,0,1,28,6
260,0,1,0,0,1,0,1,34,6
590,0,1,0,0,1,0,1,47,6
2180,0,1,0,0,1,0,1,41,6
584,0,1,0,0,1,0,1,36,6
512,0,1,0,0,1,0,1,44,6
275,0,1,0,0,1,0,1,36,6
949,0,1,0,0,1,0,1,29,6
367,0,1,0,0,1,0,1,48,6
128,0,1,0,0,1,0,1,32,6
1070,0,1,0,0,1,0,1,41,6
882,0,1,0,0,1,0,1,48,6
430,0,1,0,0,1,0,1,47,6
670,0,1,0,0,1,0,1,29,6
792,0,1,0,0,1,0,1,55,6
4151,0,1,0,0,1,0,1,48,6
189,0,1,0,0,1,0,1,32,6
14,0,1,0,0,1,0,1,25,6
320,0,1,0,0,1,0,1,28,6
497,0,1,0,0,1,0,1,48,6
643,0,1,0,0,1,0,1,20,6
356,0,1,0,0,1,0,1,38,6
576,0,1,0,0,1,0,1,46,6
995,0,1,0,0,1,0,1,30,6
319,0,1,0,0,1,0,1,61,6
235,0,1,0,0,1,0,1,26,6
419,0,1,0,0,1,0,1,23,6
142,0,1,0,0,1,0,1,38,6
458,0,1,0,0,1,0,1,47,6
701,0,1,0,0,1,0,1,36,6
282,0,1,0,0,1,0,1,27,6
1166,0,1,0,0,1,0,1,22,6
575,0,1,0,0,1,0,1,24,6
539,0,1,0,0,1,0,1,26,6
543,0,1,0,0,1,0,1,36,6
401,0,1,0,0,1,0,1,34,6
242,0,1,0,0,1,0,1,46,6
265,0,1,0,0,1,0,1,36,6
873,0,1,0,0,1,0,1,25,6
848,0,1,0,0,1,0,1,59,6
1106,0,1,0,0,1,0,1,48,6
299,0,1,0,0,1,0,1,20,6
769,0,1,0,0,1,0,1,34,6
400,0,1,0,0,1,0,1,43,6
323,0,1,0,0,1,0,1,25,6
637,0,1,0,0,1,0,1,55,6
534,0,1,0,0,1,0,1,55,6
1099,0,1,0,0,1,0,1,26,6
901,0,1,0,0,1,0,1,35,6
1025,0,1,0,0,1,0,1,39,6
642,0,1,0,0,1,0,1,50,6
40,0,1,0,0,1,0,1,35,6
752,0,1,0,0,1,0,1,47,6
314,0,1,0,0,1,0,1,43,6
1059,0,1,0,0,1,0,1,36,6
243,0,1,0,0,1,0,1,44,6
686,0,1,0,0,1,0,1,29,6
403,0,1,0,0,1,0,1,38,6
687,0,1,0,0,1,0,1,45,6
467,0,1,0,0,1,0,1,56,6
491,0,1,0,0,1,0,1,25,6
362,0,1,0,0,1,0,1,50,6
293,0,1,0,0,1,0,1,38,6
364,0,1,0,0,1,0,1,49,6
657,0,1,0,0,1,0,1,35,6
594,0,1,0,0,1,0,1,29,6
452,0,1,0,0,1,0,1,42,6
820,0,1,0,0,1,0,1,32,6
1356,0,1,0,0,1,0,1,24,6
347,0,1,0,0,1,0,1,26,6
244,0,1,0,0,1,0,1,39,6
511,0,1,0,0,1,0,1,28,6
524,0,1,0,0,1,0,1,28,6
433,0,1,0,0,1,0,1,21,6
469,0,1,0,0,1,0,1,27,6
487,0,1,0,0,1,0,1,25,6
206,0,1,0,0,1,0,1,46,6
765,0,1,0,0,1,0,1,22,6
308,0,1,0,0,1,0,1,33,6
336,0,1,0,0,1,0,1,29,6
993,0,1,0,0,1,0,1,49,6
433,0,1,0,0,1,0,1,44,6
214,0,1,0,0,1,0,1,30,6
619,0,1,0,0,1,0,1,42,6
1404,0,1,0,0,1,0,1,31,6
471,0,1,0,0,1,0,1,41,6
211,0,1,0,0,1,0,1,28,6
3273,0,1,0,0,1,0,1,21,6
242,0,1,0,0,1,0,1,48,6
1468,0,1,0,0,1,0,1,29,6
509,0,1,0,0,1,0,1,37,6
556,0,1,0,0,1,0,1,30,6
391,0,1,0,0,1,0,1,51,6
373,0,1,0,0,1,0,1,29,6
567,0,1,0,0,1,0,1,38,6
307,0,1,0,0,1,0,1,31,6
198,0,1,0,0,1,0,1,26,6
813,0,1,0,0,1,0,1,23,6
199,0,1,0,0,1,0,1,59,6
116,0,1,0,0,1,0,1,29,6
497,0,1,0,0,1,0,1,23,6
37,0,1,0,0,1,0,1,33,6
980,0,1,0,0,1,0,1,34,6
351,0,1,0,0,1,0,1,25,6
423,0,1,0,0,1,0,1,28,6
589,0,1,0,0,1,0,1,43,6
750,0,1,0,0,1,0,1,56,6
205,0,1,0,0,1,0,1,40,6
998,0,1,0,0,1,0,1,63,6
315,0,1,0,0,1,0,1,53,6
428,0,1,0,0,1,0,1,42,6
187,0,1,0,0,1,0,1,46,6
665,0,1,0,0,1,0,1,58,6
992,0,1,0,0,1,0,1,60,6
799,0,1,0,0,1,0,1,27,6
1346,0,1,0,0,1,0,1,63,6
633,0,1,0,0,1,0,1,50,6
648,0,1,0,0,1,0,1,45,6
1694,0,1,0,0,1,0,1,31,6
362,0,1,0,0,1,0,1,20,6
657,0,1,0,0,1,0,1,31,6
13,0,1,0,0,1,0,1,37,6
277,0,1,0,0,1,0,1,35,6
508,0,1,0,0,1,0,1,30,6
906,0,1,0,0,1,0,1,29,6
365,0,1,0,0,1,0,1,60,6
459,0,1,0,0,1,0,1,29,6
911,0,1,0,0,1,0,1,25,6
448,0,1,0,0,1,0,1,32,6
856,0,1,0,0,1,0,1,21,6
349,0,1,0,0,1,0,1,37,6
627,0,1,0,0,1,0,1,38,6
493,0,1,0,0,1,0,1,19,6
742,0,1,0,0,1,0,1,46,6
783,0,1,0,0,1,0,1,50,6
666,0,1,0,0,1,0,1,36,6
261,0,1,0,0,1,0,1,41,6
962,0,1,0,0,1,0,1,52,6
932,0,1,0,0,1,0,1,35,6
123,0,1,0,0,1,0,1,24,6
645,0,1,0,0,1,0,1,59,6
912,0,1,0,0,1,0,1,38,6
194,0,1,0,0,1,0,1,22,6
776,0,1,0,0,1,0,1,34,6
162,0,1,0,0,1,0,1,29,6
738,0,1,0,0,1,0,1,50,6
443,0,1,0,0,1,0,1,26,6
734,0,1,0,0,1,0,1,26,6
344,0,1,0,0,1,0,1,43,6
278,0,1,0,0,1,0,1,51,6
416,0,1,0,0,1,0,1,41,6
297,0,1,0,0,1,0,1,49,6
968,0,1,0,0,1,0,1,26,6
500,0,1,0,0,1,0,1,42,6
293,0,1,0,0,1,0,1,30,6
888,0,1,0,0,1,0,1,26,6
387,0,1,0,0,1,0,1,23,6
478,0,1,0,0,1,0,1,51,6
483,0,1,0,0,1,0,1,34,6
1872,0,1,0,0,1,0,1,57,6
403,0,1,0,0,1,0,1,33,6
491,0,1,0,0,1,0,1,51,6
245,0,1,0,0,1,0,1,32,6
764,0,1,0,0,1,0,1,44,6
187,0,1,0,0,1,0,1,32,6
300,0,1,0,0,1,0,1,29,6
198,0,1,0,0,1,0,1,21,6
147,0,1,0,0,1,0,1,38,6
905,0,1,0,0,1,0,1,45,6
439,0,1,0,0,1,0,1,37,6
323,0,1,0,0,1,0,1,28,6
203,0,1,0,0,1,0,1,44,6
583,0,1,0,0,1,0,1,46,6
405,0,1,0,0,1,0,1,22,6
320,0,1,0,0,1,0,1,41,6
477,0,1,0,0,1,0,1,44,6
424,0,1,0,0,1,0,1,28,6
169,0,1,0,0,1,0,1,26,6
305,0,1,0,0,1,0,1,54,6
2029,0,1,0,0,1,0,1,25,6
968,0,1,0,0,1,0,1,44,6
1279,0,1,0,0,1,0,1,66,6
184,0,1,0,0,1,0,1,54,6
655,0,1,0,0,1,0,1,50,6
273,0,1,0,0,1,0,1,25,6
636,0,1,0,0,1,0,1,49,6
701,0,1,0,0,1,0,1,27,6
929,0,1,0,0,1,0,1,29,6
352,0,1,0,0,1,0,1,30,6
467,0,1,0,0,1,0,1,59,6
351,0,1,0,0,1,0,1,32,6
311,0,1,0,0,1,0,1,55,6
953,0,1,0,0,1,0,1,34,6
230,0,1,0,0,1,0,1,46,6
969,0,1,0,0,1,0,1,56,6
2545,0,1,0,0,1,0,1,52,6
781,0,1,0,0,1,0,1,40,6
484,0,1,0,0,1,0,1,41,6
587,0,1,0,0,1,0,1,38,6
388,0,1,0,0,1,0,1,29,6
315,0,1,0,0,1,0,1,34,6
477,0,1,0,0,1,0,1,19,6
356,0,1,0,0,1,0,1,26,6
366,0,1,0,0,1,0,1,60,6
191,0,1,0,0,1,0,1,42,6
909,0,1,0,0,1,0,1,62,6
546,0,1,0,0,1,0,1,38,6
1564,0,1,0,0,1,0,1,31,6
652,0,1,0,0,1,0,1,45,6
3314,0,1,0,0,1,0,1,50,6
292,0,1,0,0,1,0,1,35,6
918,0,1,0,0,1,0,1,32,6
714,0,1,0,0,1,0,1,49,6
178,0,1,0,0,1,0,1,35,6
930,0,1,0,0,1,0,1,27,6
1048,0,1,0,0,1,0,1,53,6
1996,0,1,0,0,1,0,1,45,6
686,0,1,0,0,1,0,1,46,6
345,0,1,0,0,1,0,1,30,6
809,0,1,0,0,1,0,1,31,6
1243,0,1,0,0,1,0,1,31,6
954,0,1,0,0,1,0,1,47,6
614,0,1,0,0,1,0,1,30,6
792,0,1,0,0,1,0,1,48,6
1439,0,1,0,0,1,0,1,29,6
421,0,1,0,0,1,0,1,23,6
856,0,1,0,0,1,0,1,27,6
667,0,1,0,0,1,0,1,55,6
302,0,1,0,0,1,0,1,35,6
416,0,1,0,0,1,0,1,47,6
1058,0,1,0,0,1,0,1,35,6
191,0,1,0,0,1,0,1,26,6
605,0,1,0,0,1,0,1,26,6
654,0,1,0,0,1,0,1,57,6
1202,0,1,0,0,1,0,1,32,6
909,0,1,0,0,1,0,1,46,6
962,0,1,0,0,1,0,1,45,6
369,0,1,0,0,1,0,1,59,6
343,0,1,0,0,1,0,1,44,6
1036,0,1,0,0,1,0,1,57,6
128,0,1,0,0,1,0,1,53,6
555,0,1,0,0,1,0,1,37,6
575,0,1,0,0,1,0,1,43,6
148,0,1,0,0,1,0,1,35,6
290,0,1,0,0,1,0,1,28,6
367,0,1,0,0,1,0,1,23,6
396,0,1,0,0,1,0,1,28,6
531,0,1,0,0,1,0,1,41,6
852,0,1,0,0,1,0,1,31,6
583,0,1,0,0,1,0,1,50,6
235,0,1,0,0,1,0,1,38,6
240,0,1,0,0,1,0,1,27,6
1816,0,1,0,0,1,0,1,33,6
147,0,1,0,0,1,0,1,35,6
2352,0,1,0,0,1,0,1,28,6
877,0,1,0,0,1,0,1,33,6
702,0,1,0,0,1,0,1,34,6
608,0,1,0,0,1,0,1,49,6
232,0,1,0,0,1,0,1,31,6
467,0,1,0,0,1,0,1,38,6
619,0,1,0,0,1,0,1,26,6
1010,0,1,0,0,1,0,1,38,6
782,0,1,0,0,1,0,1,44,6
447,0,1,0,0,1,0,1,36,6
459,0,1,0,0,1,0,1,57,6
329,0,1,0,0,1,0,1,51,6
485,0,1,0,0,1,0,1,42,6
1315,0,1,0,0,1,0,1,58,6
326,0,1,0,0,1,0,1,35,6
254,0,1,0,0,1,0,1,54,6
302,0,1,0,0,1,0,1,35,6
503,0,1,0,0,1,0,1,38,6
263,0,1,0,0,1,0,1,35,6
632,0,1,0,0,1,0,1,24,6
620,0,1,0,0,1,0,1,22,6
585,0,1,0,0,1,0,1,43,6
580,0,1,0,0,1,0,1,26,6
1573,0,1,0,0,1,0,1,66,6
591,0,1,0,0,1,0,1,19,6
521,0,1,0,0,1,0,1,34,6
339,0,1,0,0,1,0,1,33,6
1346,0,1,0,0,1,0,1,62,6
268,0,1,0,0,1,0,1,47,6
739,0,1,0,0,1,0,1,36,6
790,0,1,0,0,1,0,1,38,6
639,0,1,0,0,1,0,1,22,6
597,0,1,0,0,1,0,1,33,6
900,0,1,0,0,1,0,1,53,6
292,0,1,0,0,1,0,1,32,6
1294,0,1,0,0,1,0,1,64,6
1402,0,1,0,0,1,0,1,28,6
453,0,1,0,0,1,0,1,26,6
1066,0,1,0,0,1,0,1,26,6
1282,0,1,0,0,1,0,1,46,6
431,0,1,0,0,1,0,1,24,6
976,0,1,0,0,1,0,1,38,6
234,0,1,0,0,1,0,1,41,6
919,0,1,0,0,1,0,1,59,6
555,0,1,0,0,1,0,1,21,6
329,0,1,0,0,1,0,1,42,6
509,0,1,0,0,1,0,1,28,6
482,0,1,0,0,1,0,1,21,6
678,0,1,0,0,1,0,1,59,6
441,0,1,0,0,1,0,1,43,6
889,0,1,0,0,1,0,1,23,6
269,0,1,0,0,1,0,1,45,6
740,0,1,0,0,1,0,1,41,6
1215,0,1,0,0,1,0,1,66,6
911,0,1,0,0,1,0,1,37,6
643,0,1,0,0,1,0,1,26,6
963,0,1,0,0,1,0,1,27,6
331,0,1,0,0,1,0,1,26,6
642,0,1,0,0,1,0,1,53,6
149,0,1,0,0,1,0,1,54,6
554,0,1,0,0,1,0,1,43,6
358,0,1,0,0,1,0,1,24,6
410,0,1,0,0,1,0,1,24,6
760,0,1,0,0,1,0,1,39,6
933,0,1,0,0,1,0,1,33,6
1057,0,1,0,0,1,0,1,33,6
168,0,1,0,0,1,0,1,52,6
1032,0,1,0,0,1,0,1,42,6
616,0,1,0,0,1,0,1,33,6
103,0,1,0,0,1,0,1,28,6
254,0,1,0,0,1,0,1,50,6
187,0,1,0,0,1,0,1,24,6
1531,0,1,0,0,1,0,1,35,6
341,0,1,0,0,1,0,1,50,6
339,0,1,0,0,1,0,1,60,6
253,0,1,0,0,1,0,1,28,6
827,0,1,0,0,1,0,1,53,6
921,0,1,0,0,1,0,1,29,6
343,0,1,0,0,1,0,1,46,6
462,0,1,0,0,1,0,1,39,6
1069,0,1,0,0,1,0,1,47,6
669,0,1,0,0,1,0,1,30,6
615,0,1,0,0,1,0,1,42,6
1117,0,1,0,0,1,0,1,33,6
328,0,1,0,0,1,0,1,64,6
525,0,1,0,0,1,0,1,21,6
403,0,1,0,0,1,0,1,41,6
965,0,1,0,0,1,0,1,29,6
577,0,1,0,0,1,0,1,19,6
435,0,1,0,0,1,0,1,64,6
824,0,1,0,0,1,0,1,35,6
930,0,1,0,0,1,0,1,52,6
778,0,1,0,0,1,0,1,58,6
881,0,1,0,0,1,0,1,36,6
472,0,1,0,0,1,0,1,33,6
656,0,1,0,0,1,0,1,29,6
242,0,1,0,0,1,0,1,38,6
840,0,1,0,0,1,0,1,21,6
376,0,1,0,0,1,0,1,39,6
679,0,1,0,0,1,0,1,25,6
873,0,1,0,0,1,0,1,31,6
702,0,1,0,0,1,0,1,41,6
387,0,1,0,0,1,0,1,65,6
286,0,1,0,0,1,0,1,26,6
652,0,1,0,0,1,0,1,45,6
1296,0,1,0,0,1,0,1,44,6
1061,0,1,0,0,1,0,1,38,6
422,0,1,0,0,1,0,1,28,6
633,0,1,0,0,1,0,1,43,6
283,0,1,0,0,1,0,1,36,6
985,0,1,0,0,1,0,1,38,6
506,0,1,0,0,1,0,1,38,6
164,0,1,0,0,1,0,1,19,6
1334,0,1,0,0,1,0,1,21,6
358,0,1,0,0,1,0,1,38,6
255,0,1,0,0,1,0,1,31,6
581,0,1,0,0,1,0,1,30,6
374,0,1,0,0,1,0,1,29,6
456,0,1,0,0,1,0,1,24,6
443,0,1,0,0,1,0,1,33,6
603,0,1,0,0,1,0,1,32,6
260,0,1,0,0,1,0,1,28,6
547,0,1,0,0,1,0,1,25,6
440,0,1,0,0,1,0,1,43,6
386,0,1,0,0,1,0,1,41,6
1049,0,1,0,0,1,0,1,24,6
609,0,1,0,0,1,0,1,36,6
557,0,1,0,0,1,0,1,49,6
461,0,1,0,0,1,0,1,23,6
537,0,1,0,0,1,0,1,42,6
441,0,1,0,0,1,0,1,28,6
986,0,1,0,0,1,0,1,29,6
594,0,1,0,0,1,0,1,27,6
1000,0,1,0,0,1,0,1,36,6
694,0,1,0,0,1,0,1,46,6
387,0,1,0,0,1,0,1,31,6
201,0,1,0,0,1,0,1,42,6
1034,0,1,0,0,1,0,1,42,6
853,0,1,0,0,1,0,1,52,6
572,0,1,0,0,1,0,1,40,6
309,0,1,0,0,1,0,1,20,6
505,0,1,0,0,1,0,1,39,6
560,0,1,0,0,1,0,1,33,6
838,0,1,0,0,1,0,1,31,6
419,0,1,0,0,1,0,1,44,6
1473,0,1,0,0,1,0,1,32,6
184,0,1,0,0,1,0,1,25,6
703,0,1,0,0,1,0,1,50,6
326,0,1,0,0,1,0,1,38,6
576,0,1,0,0,1,0,1,28,6
142,0,1,0,0,1,0,1,23,6
755,0,1,0,0,1,0,1,65,6
823,0,1,0,0,1,0,1,23,6
404,0,1,0,0,1,0,1,23,6
1605,0,1,0,0,1,0,1,32,6
494,0,1,0,0,1,0,1,28,6
323,0,1,0,0,1,0,1,42,6
614,0,1,0,0,1,0,1,55,6
186,0,1,0,0,1,0,1,28,6
574,0,1,0,0,1,0,1,42,6
388,0,1,0,0,1,0,1,38,6
1017,0,1,0,0,1,0,1,30,6
414,0,1,0,0,1,0,1,44,6
573,0,1,0,0,1,0,1,61,6
752,0,1,0,0,1,0,1,25,6
1286,0,1,0,0,1,0,1,29,6
1134,0,1,0,0,1,0,1,46,6
378,0,1,0,0,1,0,1,29,6
483,0,1,0,0,1,0,1,28,6
1478,0,1,0,0,1,0,1,27,6
1189,0,1,0,0,1,0,1,23,6
